"year" "population" "expected"
"1" 2015 59383 130.444656666667
"2" 2015 60097 7.81261
"3" 2015 62083 5.17358333333333
"4" 2015 62672 5.01376
"5" 2015 64363 5.79267
"6" 2015 65356 4.9017
"7" 2015 64171 3.95721166666667
"8" 2015 62592 3.02528
"9" 2015 62815 3.55951666666667
"10" 2015 61301 3.371555
"11" 2015 61582 3.28437333333333
"12" 2015 61163 5.70854666666667
"13" 2015 59954 6.29517
"14" 2015 61122 6.82529
"15" 2015 63739 9.02969166666667
"16" 2015 64025 10.88425
"17" 2015 63655 11.2457166666667
"18" 2015 65531 15.07213
"19" 2015 66869 21.8438733333333
"20" 2015 66426 25.79543
"21" 2015 66394 25.0084066666667
"22" 2015 67069 26.9393816666667
"23" 2015 68482 29.44726
"24" 2015 70277 29.0478266666667
"25" 2015 71855 29.46055
"26" 2015 71733 29.17142
"27" 2015 71826 32.20199
"28" 2015 70006 31.2693466666667
"29" 2015 70245 29.385825
"30" 2015 69510 30.3527
"31" 2015 69281 31.86926
"32" 2015 69248 31.85408
"33" 2015 69912 32.39256
"34" 2015 68569 35.4273166666667
"35" 2015 69340 36.5190666666667
"36" 2015 68741 36.089025
"37" 2015 68197 40.6908766666667
"38" 2015 66580 45.4963333333333
"39" 2015 68361 50.473205
"40" 2015 70164 50.75196
"41" 2015 73106 54.09844
"42" 2015 73465 60.608625
"43" 2015 75863 69.79396
"44" 2015 76064 73.1482133333333
"45" 2015 75225 76.47875
"46" 2015 76848 87.99096
"47" 2015 76069 97.4951016666667
"48" 2015 74104 98.92884
"49" 2015 73707 110.437655
"50" 2015 72548 126.112606666667
"51" 2015 71330 138.261316666667
"52" 2015 68383 144.28813
"53" 2015 66682 150.812456666667
"54" 2015 65504 167.908586666667
"55" 2015 64715 187.781358333333
"56" 2015 64768 202.615893333333
"57" 2015 63982 227.77592
"58" 2015 62522 248.108136666667
"59" 2015 63048 271.84196
"60" 2015 61384 289.323253333333
"61" 2015 59818 307.46452
"62" 2015 59031 340.80564
"63" 2015 57876 378.50904
"64" 2015 55020 393.1179
"65" 2015 55749 432.24058
"66" 2015 55614 480.69034
"67" 2015 55947 533.827625
"68" 2015 56720 587.430133333333
"69" 2015 58132 678.10978
"70" 2015 51289 666.586036666667
"71" 2015 48678 693.41811
"72" 2015 42589 685.895845
"73" 2015 38702 688.057056666667
"74" 2015 33154 637.772446666667
"75" 2015 33740 740.480533333333
"76" 2015 31925 776.043541666667
"77" 2015 29987 804.401275
"78" 2015 27688 856.574426666667
"79" 2015 25808 904.31232
"80" 2015 23892 931.46944
"81" 2015 22645 1002.154475
"82" 2015 21510 1068.9036
"83" 2015 21846 1232.29645
"84" 2015 20256 1322.78432
"85" 2015 19271 1394.931335
"86" 2015 17085 1387.444375
"87" 2015 15978 1489.86861
"88" 2015 14070 1488.81705
"89" 2015 13054 1572.3543
"90" 2015 11267 1544.06723666667
"91" 2015 9906 1522.27153
"92" 2015 8199 1410.760935
"93" 2015 6887 1298.11915166667
"94" 2015 5514 1149.90794
"95" 2015 4414 1027.17458333333
"96" 2015 2746 699.2689
"97" 2015 2069 575.775113333333
"98" 2015 1437 434.814645
"99" 2015 859 281.1507
"100" 2015 637 224.331228333333
"101" 2015 355 133.80305
"102" 2015 210 84.2632
"103" 2015 135 57.3669
"104" 2015 65 29.1029916666667
"105" 2015 27 12.67515
"106" 2015 19 9.30832166666667
"107" 2015 6 3.05406
"108" 2015 2 1.05335333333333
"109" 2015 1 0.542878333333333
"110" 2015 1 0.775305
"111" 2015 1 1
"112" 2016 59396 130.473213333333
"113" 2016 60091 7.81183
"114" 2016 60458 5.03816666666667
"115" 2016 62469 4.99752
"116" 2016 62981 5.66829
"117" 2016 64726 4.85445
"118" 2016 65679 4.050205
"119" 2016 64558 3.12030333333333
"120" 2016 62992 3.56954666666667
"121" 2016 63226 3.47743
"122" 2016 61788 3.29536
"123" 2016 62035 5.78993333333333
"124" 2016 61560 6.4638
"125" 2016 60404 6.74511333333333
"126" 2016 61592 8.72553333333333
"127" 2016 64288 10.92896
"128" 2016 64752 11.43952
"129" 2016 64407 14.81361
"130" 2016 66039 21.57274
"131" 2016 67338 26.14959
"132" 2016 66964 25.2231066666667
"133" 2016 67152 26.97272
"134" 2016 67837 29.16991
"135" 2016 69546 28.74568
"136" 2016 71335 29.24735
"137" 2016 73276 29.7989066666667
"138" 2016 73269 32.848935
"139" 2016 73288 32.7353066666667
"140" 2016 71228 29.7970466666667
"141" 2016 71446 31.1980866666667
"142" 2016 70501 32.43046
"143" 2016 70128 32.25888
"144" 2016 69863 32.3698566666667
"145" 2016 70568 36.4601333333333
"146" 2016 69082 36.3831866666667
"147" 2016 69977 36.737925
"148" 2016 69171 41.27203
"149" 2016 68695 46.9415833333333
"150" 2016 66978 49.45209
"151" 2016 68704 49.6958933333333
"152" 2016 70526 52.18924
"153" 2016 73455 60.600375
"154" 2016 73719 67.82148
"155" 2016 76102 73.1847566666667
"156" 2016 76214 77.4842333333333
"157" 2016 75396 86.32842
"158" 2016 76937 98.6075883333333
"159" 2016 76137 101.642895
"160" 2016 74127 111.066955
"161" 2016 73674 128.06997
"162" 2016 72514 140.556303333333
"163" 2016 71214 150.26154
"164" 2016 68319 154.514805
"165" 2016 66558 170.61034
"166" 2016 65338 189.589096666667
"167" 2016 64531 201.874478333333
"168" 2016 64479 229.54524
"169" 2016 63765 253.040775
"170" 2016 62246 268.384003333333
"171" 2016 62763 295.82294
"172" 2016 61020 313.6428
"173" 2016 59474 343.363226666667
"174" 2016 58572 383.06088
"175" 2016 57442 410.42309
"176" 2016 54576 423.14592
"177" 2016 55289 477.881256666667
"178" 2016 55115 525.888958333333
"179" 2016 55377 573.52113
"180" 2016 56071 654.068215
"181" 2016 57375 745.68375
"182" 2016 50586 720.59757
"183" 2016 47937 772.025385
"184" 2016 41883 744.609935
"185" 2016 38030 731.570433333333
"186" 2016 32499 713.24472
"187" 2016 32986 801.834683333333
"188" 2016 31107 834.445275
"189" 2016 29133 901.27791
"190" 2016 26799 939.03696
"191" 2016 24888 970.30016
"192" 2016 22896 1013.26248
"193" 2016 21590 1072.87906666667
"194" 2016 20383 1149.77105833333
"195" 2016 20488 1337.93469333333
"196" 2016 18907 1368.583195
"197" 2016 17810 1446.32041666667
"198" 2016 15612 1455.74094
"199" 2016 14418 1525.64067
"200" 2016 12551 1511.76795
"201" 2016 11460 1570.5166
"202" 2016 9663 1484.929315
"203" 2016 8285 1425.558525
"204" 2016 6708 1264.37974
"205" 2016 5547 1156.78987
"206" 2016 4321 1005.53270833333
"207" 2016 3384 861.7356
"208" 2016 2061 573.54882
"209" 2016 1462 442.37927
"210" 2016 977 319.7721
"211" 2016 592 208.483653333333
"212" 2016 440 165.8404
"213" 2016 216 86.67072
"214" 2016 129 54.81726
"215" 2016 84 37.61002
"216" 2016 35 16.43075
"217" 2016 13 6.36885166666667
"218" 2016 11 5.59911
"219" 2016 0 0
"220" 2016 2 1.08575666666667
"221" 2016 1 0.775305
"222" 2016 1 1
"223" 2017 59335 130.339216666667
"224" 2017 60000 7.8
"225" 2017 60572 5.04766666666667
"226" 2017 60807 4.86456
"227" 2017 62779 5.65011
"228" 2017 63279 4.745925
"229" 2017 65039 4.01073833333333
"230" 2017 66089 3.19430166666667
"231" 2017 64995 3.68305
"232" 2017 63409 3.487495
"233" 2017 63670 3.39573333333333
"234" 2017 62204 5.80570666666667
"235" 2017 62495 6.561975
"236" 2017 62069 6.93103833333333
"237" 2017 60968 8.63713333333333
"238" 2017 62315 10.59355
"239" 2017 65270 11.5310333333333
"240" 2017 65756 15.12388
"241" 2017 65139 21.27874
"242" 2017 66540 25.8397
"243" 2017 68038 25.6276466666667
"244" 2017 67803 27.234205
"245" 2017 68046 29.25978
"246" 2017 68787 28.43196
"247" 2017 70628 28.95748
"248" 2017 72595 29.5219666666667
"249" 2017 74557 33.4263883333333
"250" 2017 74388 33.22664
"251" 2017 74290 31.0779833333333
"252" 2017 72108 31.48716
"253" 2017 72141 33.18486
"254" 2017 71070 32.6922
"255" 2017 70596 32.70948
"256" 2017 70234 36.2875666666667
"257" 2017 70842 37.31012
"258" 2017 69248 36.3552
"259" 2017 70363 41.9832566666667
"260" 2017 69417 47.43495
"261" 2017 68946 50.90513
"262" 2017 67168 48.5848533333333
"263" 2017 68832 50.93568
"264" 2017 70626 58.26645
"265" 2017 73574 67.68808
"266" 2017 73799 70.9700383333333
"267" 2017 76179 77.44865
"268" 2017 76223 87.275335
"269" 2017 75431 96.6773983333333
"270" 2017 76880 102.6348
"271" 2017 76128 114.06512
"272" 2017 74058 128.73749
"273" 2017 73613 142.686531666667
"274" 2017 72393 152.74923
"275" 2017 71062 160.718556666667
"276" 2017 68122 174.619393333333
"277" 2017 66332 192.473353333333
"278" 2017 65133 203.757735
"279" 2017 64303 228.91868
"280" 2017 64209 254.802715
"281" 2017 63471 273.665795
"282" 2017 61915 291.826033333333
"283" 2017 62447 320.97758
"284" 2017 60625 350.008333333333
"285" 2017 59040 386.1216
"286" 2017 58101 415.131645
"287" 2017 57004 441.971013333333
"288" 2017 54072 467.36232
"289" 2017 54748 522.387166666667
"290" 2017 54519 564.63511
"291" 2017 54731 638.437115
"292" 2017 55384 719.807386666667
"293" 2017 56610 806.40945
"294" 2017 49857 802.946985
"295" 2017 47124 837.78618
"296" 2017 41156 791.704253333333
"297" 2017 37312 818.874026666667
"298" 2017 31803 773.077925
"299" 2017 32187 863.416275
"300" 2017 30282 936.82414
"301" 2017 28200 988.128
"302" 2017 25857 1008.07824
"303" 2017 23915 1058.358325
"304" 2017 21877 1087.14105333333
"305" 2017 20471 1154.73499166667
"306" 2017 19218 1254.99946
"307" 2017 19121 1384.073585
"308" 2017 17570 1426.83041666667
"309" 2017 16317 1521.478665
"310" 2017 14012 1482.67978
"311" 2017 12847 1547.42115
"312" 2017 11035 1512.27318333333
"313" 2017 9908 1522.57887333333
"314" 2017 8202 1411.27713
"315" 2017 6854 1291.89903666667
"316" 2017 5390 1124.04856666667
"317" 2017 4376 1018.33166666667
"318" 2017 3301 840.59965
"319" 2017 2479 689.872646666667
"320" 2017 1468 444.19478
"321" 2017 1024 335.1552
"322" 2017 655 230.670258333333
"323" 2017 389 146.61799
"324" 2017 293 117.567226666667
"325" 2017 114 48.44316
"326" 2017 69 30.893945
"327" 2017 41 19.24745
"328" 2017 18 8.81841
"329" 2017 9 4.58109
"330" 2017 5 2.63338333333333
"331" 2017 0 0
"332" 2017 0 0
"333" 2017 1 1
"334" 2018 56965 125.133116666667
"335" 2018 60067 7.80871
"336" 2018 60482 5.04016666666667
"337" 2018 60911 4.87288
"338" 2018 61154 5.50386
"339" 2018 63022 4.72665
"340" 2018 63548 3.91879333333333
"341" 2018 65340 3.1581
"342" 2018 66381 3.76159
"343" 2018 65381 3.595955
"344" 2018 63801 3.40272
"345" 2018 64071 5.97996
"346" 2018 62557 6.568485
"347" 2018 62878 7.02137666666667
"348" 2018 62376 8.8366
"349" 2018 61354 10.43018
"350" 2018 62806 11.0957266666667
"351" 2018 65913 15.15999
"352" 2018 66384 21.68544
"353" 2018 65502 25.43661
"354" 2018 66965 25.2234833333333
"355" 2018 68531 27.5266183333333
"356" 2018 68381 29.40383
"357" 2018 68769 28.42452
"358" 2018 69724 28.58684
"359" 2018 71899 29.2389266666667
"360" 2018 73749 33.064135
"361" 2018 75524 33.7340533333333
"362" 2018 75387 31.536895
"363" 2018 75016 32.7569866666667
"364" 2018 72726 33.45396
"365" 2018 72610 33.4006
"366" 2018 71502 33.12926
"367" 2018 70975 36.6704166666667
"368" 2018 70578 37.17108
"369" 2018 71176 37.3674
"370" 2018 69549 41.49757
"371" 2018 70602 48.2447
"372" 2018 69565 51.3621583333333
"373" 2018 69101 49.9830566666667
"374" 2018 67311 49.81014
"375" 2018 68947 56.881275
"376" 2018 70698 65.04216
"377" 2018 73605 70.783475
"378" 2018 73833 75.06355
"379" 2018 76190 87.23755
"380" 2018 76208 97.6732533333333
"381" 2018 75374 100.62429
"382" 2018 76842 115.13493
"383" 2018 76060 132.217633333333
"384" 2018 73993 143.423098333333
"385" 2018 73449 154.97739
"386" 2018 72275 163.461958333333
"387" 2018 70897 181.732643333333
"388" 2018 67929 197.107315
"389" 2018 66130 206.876683333333
"390" 2018 64938 231.17928
"391" 2018 64057 254.199528333333
"392" 2018 63890 275.472383333333
"393" 2018 63167 297.727126666667
"394" 2018 61579 316.51606
"395" 2018 62058 358.28152
"396" 2018 60252 394.04808
"397" 2018 58653 419.075685
"398" 2018 57637 446.878873333333
"399" 2018 56507 488.408836666667
"400" 2018 53559 511.042125
"401" 2018 54110 560.399233333333
"402" 2018 53897 628.708505
"403" 2018 54070 702.729766666667
"404" 2018 54658 778.60321
"405" 2018 55796 898.59458
"406" 2018 49026 871.60057
"407" 2018 46258 889.849726666667
"408" 2018 40333 885.174906666667
"409" 2018 36511 887.521558333333
"410" 2018 31058 833.13085
"411" 2018 31314 968.75078
"412" 2018 29357 1028.66928
"413" 2018 27219 1061.17808
"414" 2018 24811 1098.010805
"415" 2018 22840 1134.99573333333
"416" 2018 20762 1171.14981666667
"417" 2018 19348 1263.48889333333
"418" 2018 17986 1301.91661
"419" 2018 17673 1435.194875
"420" 2018 16099 1501.151255
"421" 2018 14749 1560.665435
"422" 2018 12538 1510.2021
"423" 2018 11267 1544.06723666667
"424" 2018 9493 1458.80513166667
"425" 2018 8373 1440.700245
"426" 2018 6786 1279.08183
"427" 2018 5537 1154.70443666667
"428" 2018 4230 984.35625
"429" 2018 3324 846.4566
"430" 2018 2423 674.288593333333
"431" 2018 1778 537.99613
"432" 2018 1024 335.1552
"433" 2018 703 247.574338333333
"434" 2018 432 162.82512
"435" 2018 234 93.89328
"436" 2018 212 90.08728
"437" 2018 72 32.23716
"438" 2018 36 16.9002
"439" 2018 22 10.7780566666667
"440" 2018 6 3.05406
"441" 2018 5 2.63338333333333
"442" 2018 1 0.542878333333333
"443" 2018 0 0
"444" 2018 0 0
"445" 2019 55391 121.675563333333
"446" 2019 57550 7.4815
"447" 2019 60347 5.02891666666667
"448" 2019 60609 4.84872
"449" 2019 60966 5.48694
"450" 2019 61276 4.5957
"451" 2019 63085 3.89024166666667
"452" 2019 63622 3.07506333333333
"453" 2019 65504 3.71189333333333
"454" 2019 66566 3.66113
"455" 2019 65627 3.50010666666667
"456" 2019 64061 5.97902666666667
"457" 2019 64353 6.757065
"458" 2019 62838 7.01691
"459" 2019 63163 8.94809166666667
"460" 2019 62646 10.64982
"461" 2019 61731 10.90581
"462" 2019 63173 14.52979
"463" 2019 66361 21.6779266666667
"464" 2019 66588 25.85834
"465" 2019 65863 24.8083966666667
"466" 2019 67427 27.0831783333333
"467" 2019 69204 29.75772
"468" 2019 69074 28.5505866666667
"469" 2019 69663 28.56183
"470" 2019 70797 28.79078
"471" 2019 72975 32.717125
"472" 2019 74836 33.4267466666667
"473" 2019 76469 31.9895316666667
"474" 2019 76111 33.2351366666667
"475" 2019 75681 34.81326
"476" 2019 73268 33.70328
"477" 2019 72947 33.7987766666667
"478" 2019 71880 37.138
"479" 2019 71196 37.49656
"480" 2019 70845 37.193625
"481" 2019 71364 42.58052
"482" 2019 69715 47.6385833333333
"483" 2019 70748 52.2356066666667
"484" 2019 69725 50.4344166666667
"485" 2019 69247 51.24278
"486" 2019 67359 55.571175
"487" 2019 69029 63.50668
"488" 2019 70849 68.1331216666667
"489" 2019 73727 74.9557833333333
"490" 2019 73833 84.538785
"491" 2019 76249 97.7258016666667
"492" 2019 76226 101.76171
"493" 2019 75353 112.903911666667
"494" 2019 76767 133.446635
"495" 2019 75954 147.22417
"496" 2019 73918 155.96698
"497" 2019 73346 165.884203333333
"498" 2019 72093 184.79839
"499" 2019 70733 205.243588333333
"500" 2019 67723 211.860118333333
"501" 2019 65958 234.81048
"502" 2019 64676 256.655926666667
"503" 2019 63764 274.929113333333
"504" 2019 63579 299.66902
"505" 2019 62854 323.06956
"506" 2019 61213 353.403053333333
"507" 2019 61675 403.3545
"508" 2019 59790 427.19955
"509" 2019 58211 451.329286666667
"510" 2019 57146 493.931926666667
"511" 2019 56001 534.342875
"512" 2019 53040 549.3176
"513" 2019 53535 624.485775
"514" 2019 53282 692.488393333333
"515" 2019 53369 760.241405
"516" 2019 53877 867.689085
"517" 2019 54929 976.546071666667
"518" 2019 48193 927.072676666667
"519" 2019 45423 996.88344
"520" 2019 39480 959.693
"521" 2019 35636 955.9357
"522" 2019 30240 935.5248
"523" 2019 30316 1062.27264
"524" 2019 28375 1106.24666666667
"525" 2019 26149 1157.223995
"526" 2019 23752 1180.31605333333
"527" 2019 21667 1222.19935833333
"528" 2019 19528 1275.24349333333
"529" 2019 18114 1311.18189
"530" 2019 16733 1358.85904166667
"531" 2019 16253 1515.510985
"532" 2019 14606 1545.53389
"533" 2019 13220 1592.349
"534" 2019 11017 1509.80640333333
"535" 2019 9629 1479.70447833333
"536" 2019 8079 1390.113135
"537" 2019 6899 1300.38101166667
"538" 2019 5528 1152.82754666667
"539" 2019 4414 1027.17458333333
"540" 2019 3217 819.20905
"541" 2019 2442 679.57604
"542" 2019 1753 530.431505
"543" 2019 1237 404.8701
"544" 2019 687 241.939645
"545" 2019 440 165.8404
"546" 2019 288 115.56096
"547" 2019 130 55.2422
"548" 2019 155 69.3994416666667
"549" 2019 31 14.55295
"550" 2019 11 5.38902833333333
"551" 2019 12 6.10812
"552" 2019 4 2.10670666666667
"553" 2019 4 2.17151333333333
"554" 2019 1 0.775305
"555" 2019 0 0
"556" 2020 54827 120.436643333333
"557" 2020 56012 7.28156
"558" 2020 57881 4.82341666666667
"559" 2020 60522 4.84176
"560" 2020 60821 5.47389
"561" 2020 61096 4.5822
"562" 2020 61392 3.78584
"563" 2020 63251 3.05713166666667
"564" 2020 63881 3.61992333333333
"565" 2020 65675 3.612125
"566" 2020 66830 3.56426666666667
"567" 2020 65911 6.15169333333333
"568" 2020 64306 6.75213
"569" 2020 64640 7.21813333333333
"570" 2020 63082 8.93661666666667
"571" 2020 63408 10.77936
"572" 2020 63022 11.1338866666667
"573" 2020 62051 14.27173
"574" 2020 63557 20.7619533333333
"575" 2020 66584 25.8567866666667
"576" 2020 66813 25.16623
"577" 2020 66164 26.5758733333333
"578" 2020 67817 29.16131
"579" 2020 69949 28.9122533333333
"580" 2020 70086 28.73526
"581" 2020 70853 28.8135533333333
"582" 2020 72055 32.3046583333333
"583" 2020 74333 33.2020733333333
"584" 2020 76034 31.8075566666667
"585" 2020 77648 33.9062933333333
"586" 2020 77154 35.49084
"587" 2020 76654 35.26084
"588" 2020 74060 34.3144666666667
"589" 2020 73772 38.1155333333333
"590" 2020 72584 38.2275733333333
"591" 2020 71786 37.68765
"592" 2020 71437 42.6240766666667
"593" 2020 71816 49.0742666666667
"594" 2020 70166 51.8058966666667
"595" 2020 71118 51.44202
"596" 2020 70031 51.82294
"597" 2020 69500 57.3375
"598" 2020 67668 62.25456
"599" 2020 69281 66.6252283333333
"600" 2020 71035 72.2189166666667
"601" 2020 73922 84.64069
"602" 2020 74049 94.906135
"603" 2020 76421 102.022035
"604" 2020 76355 114.405241666667
"605" 2020 75401 131.072071666667
"606" 2020 76841 148.943471666667
"607" 2020 75951 160.25661
"608" 2020 73838 166.996943333333
"609" 2020 73303 187.900023333333
"610" 2020 71998 208.914196666667
"611" 2020 70593 220.838435
"612" 2020 67565 240.5314
"613" 2020 65729 260.834581666667
"614" 2020 64470 277.97315
"615" 2020 63542 299.494626666667
"616" 2020 63305 325.3877
"617" 2020 62531 361.012306666667
"618" 2020 60841 397.90014
"619" 2020 61215 437.381175
"620" 2020 59331 460.01302
"621" 2020 57742 499.083353333333
"622" 2020 56654 540.573583333333
"623" 2020 55422 573.98718
"624" 2020 52505 612.470825
"625" 2020 52949 688.160503333333
"626" 2020 52574 748.91663
"627" 2020 52640 847.7672
"628" 2020 53029 942.767238333333
"629" 2020 54001 1038.79923666667
"630" 2020 47208 1036.05824
"631" 2020 44441 1080.28664166667
"632" 2020 38551 1034.130575
"633" 2020 34707 1073.71889
"634" 2020 29351 1028.45904
"635" 2020 29332 1143.55690666667
"636" 2020 27279 1207.232145
"637" 2020 25071 1245.86156
"638" 2020 22635 1276.802625
"639" 2020 20484 1337.67348
"640" 2020 18246 1320.73671
"641" 2020 16809 1365.030875
"642" 2020 15398 1435.78651
"643" 2020 14780 1563.9457
"644" 2020 13080 1575.486
"645" 2020 11697 1602.99587
"646" 2020 9590 1473.71128333333
"647" 2020 8154 1403.01801
"648" 2020 6698 1262.49485666667
"649" 2020 5642 1176.60148666667
"650" 2020 4366 1016.00458333333
"651" 2020 3434 874.4681
"652" 2020 2432 676.793173333333
"653" 2020 1735 524.984975
"654" 2020 1207 395.0511
"655" 2020 848 298.638746666667
"656" 2020 446 168.10186
"657" 2020 270 108.3384
"658" 2020 183 77.76402
"659" 2020 85 38.0577583333333
"660" 2020 117 54.92565
"661" 2020 9 4.409205
"662" 2020 2 1.01802
"663" 2020 3 1.58003
"664" 2020 1 0.542878333333333
"665" 2020 1 0.775305
"666" 2020 1 1
"667" 2021 53134 116.717686666667
"668" 2021 55225 7.17925
"669" 2021 56142 4.6785
"670" 2021 57933 4.63464
"671" 2021 60526 5.44734
"672" 2021 60804 4.5603
"673" 2021 61036 3.76388666666667
"674" 2021 61447 2.96993833333333
"675" 2021 63318 3.58802
"676" 2021 63968 3.51824
"677" 2021 65749 3.50661333333333
"678" 2021 66933 6.24708
"679" 2021 66122 6.94281
"680" 2021 64462 7.19825666666667
"681" 2021 64792 9.17886666666667
"682" 2021 63256 10.75352
"683" 2021 63606 11.23706
"684" 2021 63237 14.54451
"685" 2021 62347 20.3666866666667
"686" 2021 63753 24.757415
"687" 2021 66564 25.07244
"688" 2021 66936 26.88596
"689" 2021 66360 28.5348
"690" 2021 68135 28.1624666666667
"691" 2021 70426 28.87466
"692" 2021 70778 28.7830533333333
"693" 2021 71677 32.1351883333333
"694" 2021 72872 32.5494933333333
"695" 2021 74929 31.3452983333333
"696" 2021 76630 33.4617666666667
"697" 2021 78094 35.92324
"698" 2021 77420 35.6132
"699" 2021 77015 35.6836166666667
"700" 2021 74273 38.3743833333333
"701" 2021 74033 38.9907133333333
"702" 2021 72771 38.204775
"703" 2021 71822 42.8537933333333
"704" 2021 71519 48.8713166666667
"705" 2021 71865 53.060325
"706" 2021 70312 50.8590133333333
"707" 2021 71180 52.6732
"708" 2021 70078 57.81435
"709" 2021 69540 63.9768
"710" 2021 67741 65.1442616666667
"711" 2021 69250 70.4041666666667
"712" 2021 71139 81.454155
"713" 2021 73973 94.8087283333333
"714" 2021 74060 98.8701
"715" 2021 76360 114.412733333333
"716" 2021 76270 132.582683333333
"717" 2021 75360 146.0728
"718" 2021 76753 161.94883
"719" 2021 75847 171.540631666667
"720" 2021 73718 188.963806666667
"721" 2021 73159 212.283031666667
"722" 2021 71855 224.786391666667
"723" 2021 70382 250.55992
"724" 2021 67370 267.346616666667
"725" 2021 65515 282.478841666667
"726" 2021 64204 302.614853333333
"727" 2021 63260 325.1564
"728" 2021 63019 363.829693333333
"729" 2021 62169 406.58526
"730" 2021 60432 431.78664
"731" 2021 60772 471.185573333333
"732" 2021 58841 508.582376666667
"733" 2021 57244 546.203166666667
"734" 2021 56054 580.532593333333
"735" 2021 54855 639.883575
"736" 2021 51873 674.17609
"737" 2021 52342 745.61179
"738" 2021 51795 834.158475
"739" 2021 51861 922.002145
"740" 2021 52122 1002.65354
"741" 2021 53009 1163.37085333333
"742" 2021 46175 1122.43729166667
"743" 2021 43462 1165.86815
"744" 2021 37606 1163.40428666667
"745" 2021 33720 1181.5488
"746" 2021 28376 1106.28565333333
"747" 2021 28254 1250.38077
"748" 2021 26140 1298.98373333333
"749" 2021 23923 1349.45655833333
"750" 2021 21400 1397.49133333333
"751" 2021 19230 1391.96355
"752" 2021 16920 1374.045
"753" 2021 15497 1445.017765
"754" 2021 14076 1489.45194
"755" 2021 13346 1607.5257
"756" 2021 11523 1579.15033
"757" 2021 10112 1553.92789333333
"758" 2021 8186 1408.52409
"759" 2021 6844 1290.01415333333
"760" 2021 5464 1139.48077333333
"761" 2021 4437 1032.526875
"762" 2021 3400 865.81
"763" 2021 2605 724.936766666667
"764" 2021 1746 528.31341
"765" 2021 1203 393.7419
"766" 2021 831 292.651885
"767" 2021 552 208.05432
"768" 2021 292 117.165973333333
"769" 2021 167 70.96498
"770" 2021 110 49.2512166666667
"771" 2021 51 23.94195
"772" 2021 98 48.0113433333333
"773" 2021 0 0
"774" 2021 0 0
"775" 2021 0 0
"776" 2021 0 0
"777" 2021 0 0
