"year" "population" "expected"
"1" 2015 716419 2357.01851
"2" 2015 695915 146.14215
"3" 2015 694369 97.21166
"4" 2015 681109 78.327535
"5" 2015 698599 62.87391
"6" 2015 687851 55.02808
"7" 2015 706180 52.9635
"8" 2015 704334 49.30338
"9" 2015 691490 44.94685
"10" 2015 701623 45.605495
"11" 2015 720022 54.00165
"12" 2015 720522 61.24437
"13" 2015 733069 58.64552
"14" 2015 750865 67.57785
"15" 2015 784356 105.88806
"16" 2015 786661 145.532285
"17" 2015 805999 177.31978
"18" 2015 832637 216.48562
"19" 2015 826219 243.734605
"20" 2015 815272 260.88704
"21" 2015 839173 289.514685
"22" 2015 874957 293.110595
"23" 2015 895922 295.65426
"24" 2015 938818 314.50403
"25" 2015 1037458 347.54843
"26" 2015 1030691 355.588395
"27" 2015 1062175 398.315625
"28" 2015 1044361 417.7444
"29" 2015 1030624 448.32144
"30" 2015 998975 459.5285
"31" 2015 997920 498.96
"32" 2015 1003047 551.67585
"33" 2015 1027335 570.170925
"34" 2015 1021180 592.2844
"35" 2015 1024599 655.74336
"36" 2015 977736 669.74916
"37" 2015 965515 680.688075
"38" 2015 957954 713.67573
"39" 2015 940936 771.56752
"40" 2015 916475 847.739375
"41" 2015 930179 948.78258
"42" 2015 939183 1051.88496
"43" 2015 1020846 1260.74481
"44" 2015 1125520 1519.452
"45" 2015 1168551 1764.51201
"46" 2015 1257494 2112.58992
"47" 2015 1318041 2464.73667
"48" 2015 1354898 2831.73682
"49" 2015 1393452 3267.64494
"50" 2015 1398539 3692.14296
"51" 2015 1425189 4133.0481
"52" 2015 1413324 4607.43624
"53" 2015 1368092 5075.62132
"54" 2015 1348394 5555.38328
"55" 2015 1301653 5961.57074
"56" 2015 1265624 6404.05744
"57" 2015 1193969 6632.497795
"58" 2015 1166077 7153.882395
"59" 2015 1132207 7670.702425
"60" 2015 1095255 8154.173475
"61" 2015 1072820 8679.1138
"62" 2015 1035717 9067.702335
"63" 2015 1031649 9821.29848
"64" 2015 1008255 10450.563075
"65" 2015 1004536 11260.84856
"66" 2015 967820 11657.3919
"67" 2015 880316 11593.76172
"68" 2015 822979 11760.36991
"69" 2015 714011 10820.836705
"70" 2015 623768 10420.04444
"71" 2015 827839 15281.90794
"72" 2015 834208 16279.56912
"73" 2015 801337 16948.27755
"74" 2015 963133 22026.85171
"75" 2015 999697 25087.396215
"76" 2015 968206 27284.04508
"77" 2015 882884 27320.84538
"78" 2015 803177 27773.86066
"79" 2015 753546 29546.53866
"80" 2015 701492 31854.75172
"81" 2015 622710 32057.1108
"82" 2015 476467 27625.55666
"83" 2015 449106 29802.67416
"84" 2015 428716 32421.6475
"85" 2015 416466.02 35859.8066521
"86" 2015 375917.71 36642.57878225
"87" 2015 336364.59 36717.5586444
"88" 2015 283109.95 34523.84285275
"89" 2015 247050 33768.02925
"90" 2015 213766.07 32933.86957455
"91" 2015 169163.4 29169.690879
"92" 2015 137600.34 26337.3930777
"93" 2015 114505.69 24469.29342455
"94" 2015 93240.77 21908.31752305
"95" 2015 69988.51 17898.8615474
"96" 2015 39976.57 11163.4571725
"97" 2015 18136.35 5507.01199575
"98" 2015 12195.16 4005.9881084
"99" 2015 9110.62 3220.60417
"100" 2015 7879.31 2981.4521109
"101" 2015 6658.22 2682.4636736
"102" 2015 3993.3 1703.9211435
"103" 2015 2332.24 1048.5517816
"104" 2015 1220.08 575.0969088
"105" 2015 619.59 304.74224355
"106" 2015 360.13 184.00302155
"107" 2015 164.41 86.9005496
"108" 2015 81 44.11989
"109" 2015 37.56 21.0086226
"110" 2015 15.27 11.95862415
"111" 2015 10.81 10.81
"112" 2016 744721 2450.13209
"113" 2016 740078 155.41638
"114" 2016 715608 100.18512
"115" 2016 713757 82.082055
"116" 2016 699382 62.94438
"117" 2016 716863 57.34904
"118" 2016 704716 52.8537
"119" 2016 723366 50.63562
"120" 2016 720452 46.82938
"121" 2016 706517 45.923605
"122" 2016 716699 53.752425
"123" 2016 733698 62.36433
"124" 2016 733981 58.71848
"125" 2016 746291 67.16619
"126" 2016 764997 103.274595
"127" 2016 802215 148.409775
"128" 2016 811294 178.48468
"129" 2016 831042 216.07092
"130" 2016 873171 257.585445
"131" 2016 872242 279.11744
"132" 2016 864859 298.376355
"133" 2016 882914 295.77619
"134" 2016 918055 302.95815
"135" 2016 940583 315.095305
"136" 2016 981467 328.791445
"137" 2016 1081508 373.12026
"138" 2016 1069607 401.102625
"139" 2016 1099077 439.6308
"140" 2016 1077451 468.691185
"141" 2016 1060038 487.61748
"142" 2016 1028283 514.1415
"143" 2016 1023414 562.8777
"144" 2016 1026274 569.58207
"145" 2016 1049220 608.5476
"146" 2016 1040669 666.02816
"147" 2016 1045965 716.486025
"148" 2016 995685 701.957925
"149" 2016 981810 731.44845
"150" 2016 973528 798.29296
"151" 2016 954756 883.1493
"152" 2016 930453 949.06206
"153" 2016 942794 1055.92928
"154" 2016 950684 1174.09474
"155" 2016 1031271 1392.21585
"156" 2016 1134886 1713.67786
"157" 2016 1177330 1977.9144
"158" 2016 1265093 2365.72391
"159" 2016 1324666 2768.55194
"160" 2016 1359970 3189.12965
"161" 2016 1396645 3687.1428
"162" 2016 1400912 4062.6448
"163" 2016 1426217 4649.46742
"164" 2016 1413510 5244.1221
"165" 2016 1367400 5633.688
"166" 2016 1346726 6168.00508
"167" 2016 1299396 6574.94376
"168" 2016 1261766 7009.11013
"169" 2016 1190144 7301.53344
"170" 2016 1160912 7865.1788
"171" 2016 1126422 8386.21179
"172" 2016 1088896 8809.16864
"173" 2016 1065097 9324.924235
"174" 2016 1027643 9783.16136
"175" 2016 1022255 10595.673075
"176" 2016 998165 11189.42965
"177" 2016 993544 11967.23748
"178" 2016 955943 12589.76931
"179" 2016 868455 12410.22195
"180" 2016 811207 12293.842085
"181" 2016 702735 11739.188175
"182" 2016 613134 11318.45364
"183" 2016 812814 15862.06521
"184" 2016 817825 17296.99875
"185" 2016 784324 17937.48988
"186" 2016 941096 23616.80412
"187" 2016 974315 27456.1967
"188" 2016 940958 29117.94531
"189" 2016 855435 29580.9423
"190" 2016 775260 30397.9446
"191" 2016 723930 32873.6613
"192" 2016 669656 34473.89088
"193" 2016 590675 34247.3365
"194" 2016 448413 29756.68668
"195" 2016 419124 31696.2525
"196" 2016 396544 34144.42112
"197" 2016 380969.34 37134.9864165
"198" 2016 339799.4 37092.502504
"199" 2016 299924.21 36574.25778845
"200" 2016 248687.82 33991.8946767
"201" 2016 213444.73 32884.36232745
"202" 2016 180910.72 31195.3400032
"203" 2016 140110.52 26817.8540806
"204" 2016 111137.04 23749.4297628
"205" 2016 90150.28 21182.1605402
"206" 2016 71614.19 18314.6129506
"207" 2016 52091.53 14546.5597525
"208" 2016 29111.46 8839.5492717
"209" 2016 12665.34 4160.4375366
"210" 2016 8213.28 2903.39448
"211" 2016 5955.33 2253.4373187
"212" 2016 5042.99 2031.7198112
"213" 2016 4010.08 1711.0810856
"214" 2016 2308.14 1037.7166626
"215" 2016 1326.43 625.2260448
"216" 2016 656.16 322.7290152
"217" 2016 314.09 160.47957415
"218" 2016 186.24 98.4390144
"219" 2016 75.85 41.3147365
"220" 2016 32.91 18.40771485
"221" 2016 18.63 14.58999135
"222" 2016 10.06 10.06
"223" 2017 788299 2593.50371
"224" 2017 762519 160.12899
"225" 2017 753217 105.45038
"226" 2017 727203 83.628345
"227" 2017 725208 65.26872
"228" 2017 709649 56.77192
"229" 2017 725990 54.44925
"230" 2017 714614 50.02298
"231" 2017 733904 47.70376
"232" 2017 729770 47.43505
"233" 2017 715498 53.66235
"234" 2017 725080 61.6318
"235" 2017 741434 59.31472
"236" 2017 741827 66.76443
"237" 2017 754356 101.83806
"238" 2017 774861 143.349285
"239" 2017 817175 179.7785
"240" 2017 829658 215.71108
"241" 2017 852649 251.531455
"242" 2017 898526 287.52832
"243" 2017 896869 309.419805
"244" 2017 883871 296.096785
"245" 2017 900327 297.10791
"246" 2017 935857 313.512095
"247" 2017 957107 320.630845
"248" 2017 996131 343.665195
"249" 2017 1094013 410.254875
"250" 2017 1081506 432.6024
"251" 2017 1108891 482.367585
"252" 2017 1086215 499.6589
"253" 2017 1068203 534.1015
"254" 2017 1036328 569.9804
"255" 2017 1029887 571.587285
"256" 2017 1032181 598.66498
"257" 2017 1054476 674.86464
"258" 2017 1045463 716.142155
"259" 2017 1050450 740.56725
"260" 2017 999664 744.74968
"261" 2017 985590 808.1838
"262" 2017 976871 903.605675
"263" 2017 957877 977.03454
"264" 2017 933123 1045.09776
"265" 2017 945184 1167.30224
"266" 2017 953024 1286.5824
"267" 2017 1032778 1559.49478
"268" 2017 1135810 1908.1608
"269" 2017 1177742 2202.37754
"270" 2017 1264331 2642.45179
"271" 2017 1323771 3104.242995
"272" 2017 1358258 3585.80112
"273" 2017 1393957 4042.4753
"274" 2017 1397753 4556.67478
"275" 2017 1421951 5275.43821
"276" 2017 1408732 5803.97584
"277" 2017 1361914 6237.56612
"278" 2017 1340408 6782.46448
"279" 2017 1293120 7183.2816
"280" 2017 1254555 7696.694925
"281" 2017 1182584 8012.0066
"282" 2017 1152459 8580.057255
"283" 2017 1117653 9041.81277
"284" 2017 1079772 9453.40386
"285" 2017 1055517 10048.52184
"286" 2017 1017147 10542.728655
"287" 2017 1011191 11335.45111
"288" 2017 986117 11877.779265
"289" 2017 980637 12914.98929
"290" 2017 942547 13468.99663
"291" 2017 855561 12966.026955
"292" 2017 798439 13337.923495
"293" 2017 690163 12740.40898
"294" 2017 601545 11739.150675
"295" 2017 796592 16847.9208
"296" 2017 800408 18305.33096
"297" 2017 766229 19228.516755
"298" 2017 917490 25854.8682
"299" 2017 947484 29319.89238
"300" 2017 912772 31563.65576
"301" 2017 826172 32394.20412
"302" 2017 745639 33859.46699
"303" 2017 692490 35649.3852
"304" 2017 636554 36907.40092
"305" 2017 557352 36985.87872
"306" 2017 419843 31750.626875
"307" 2017 388732 33471.76886
"308" 2017 363961 35477.098475
"309" 2017 345748.16 37741.8691456
"310" 2017 304340.04 37112.7461778
"311" 2017 264593.82 36166.0062867
"312" 2017 216131.65 33298.32265725
"313" 2017 182376.31 31448.05901485
"314" 2017 151380.88 28975.0573364
"315" 2017 114562.47 24481.42702665
"316" 2017 88866.38 20880.4889767
"317" 2017 70106.67 17929.0797858
"318" 2017 54463.87 15209.0356975
"319" 2017 38255.62 11616.1277349
"320" 2017 20861.93 6852.9353857
"321" 2017 8824.69 3119.527915
"322" 2017 5565.16 2105.8008924
"323" 2017 3868.45 1558.521136
"324" 2017 3140.19 1339.90337205
"325" 2017 2407.39 1082.3384701
"326" 2017 1330.73 627.2528928
"327" 2017 752.19 369.96089055
"328" 2017 357.03 182.41912305
"329" 2017 171.04 90.4049024
"330" 2017 92.21 50.2258649
"331" 2017 33.83 18.92230305
"332" 2017 17.91 14.02612695
"333" 2017 9.68 9.68
"334" 2018 785074 2582.89346
"335" 2018 796149 167.19129
"336" 2018 770628 107.88792
"337" 2018 760868 87.49982
"338" 2018 734059 66.06531
"339" 2018 732088 58.56704
"340" 2018 715528 53.6646
"341" 2018 732586 51.28102
"342" 2018 721168 46.87592
"343" 2018 740846 48.15499
"344" 2018 736082 55.20615
"345" 2018 721745 61.348325
"346" 2018 730820 58.4656
"347" 2018 746890 67.2201
"348" 2018 747228 100.87578
"349" 2018 760238 140.64403
"350" 2018 781964 172.03208
"351" 2018 824185 214.2881
"352" 2018 841946 248.37407
"353" 2018 872234 279.11488
"354" 2018 918164 316.76658
"355" 2018 913985 306.184975
"356" 2018 899827 296.94291
"357" 2018 918306 307.63251
"358" 2018 952232 318.99772
"359" 2018 971610 335.20545
"360" 2018 1009672 378.627
"361" 2018 1105660 442.264
"362" 2018 1092555 475.261425
"363" 2018 1118583 514.54818
"364" 2018 1094733 547.3665
"365" 2018 1075886 591.7373
"366" 2018 1043548 579.16914
"367" 2018 1036879 601.38982
"368" 2018 1039206 665.09184
"369" 2018 1060221 726.251385
"370" 2018 1051212 741.10446
"371" 2018 1056495 787.088775
"372" 2018 1004728 823.87696
"373" 2018 990554 916.26245
"374" 2018 981486 1001.11572
"375" 2018 962843 1078.38416
"376" 2018 937518 1157.83473
"377" 2018 949657 1282.03695
"378" 2018 956853 1444.84803
"379" 2018 1035587 1739.78616
"380" 2018 1138293 2128.60791
"381" 2018 1179668 2465.50612
"382" 2018 1265662 2967.97739
"383" 2018 1324077 3495.56328
"384" 2018 1357827 3937.6983
"385" 2018 1392300 4538.898
"386" 2018 1395078 5175.73938
"387" 2018 1418449 5844.00988
"388" 2018 1404391 6432.11078
"389" 2018 1357082 6866.83492
"390" 2018 1334645 7413.952975
"391" 2018 1286991 7895.689785
"392" 2018 1247579 8452.347725
"393" 2018 1175219 8749.505455
"394" 2018 1144314 9257.50026
"395" 2018 1108669 9706.397095
"396" 2018 1070337 10189.60824
"397" 2018 1045334 10834.88691
"398" 2018 1006399 11281.73279
"399" 2018 999682 12041.16969
"400" 2018 973689 12823.48413
"401" 2018 967521 13825.87509
"402" 2018 928887 14077.282485
"403" 2018 841915 14064.190075
"404" 2018 784815 14487.6849
"405" 2018 676907 13209.840105
"406" 2018 589302 12463.7373
"407" 2018 779008 17815.91296
"408" 2018 781877 19621.203315
"409" 2018 746906 21047.81108
"410" 2018 892443 27616.648635
"411" 2018 918608 31765.46464
"412" 2018 882457 34601.13897
"413" 2018 795009 36101.35869
"414" 2018 713800 36746.424
"415" 2018 658716 38192.35368
"416" 2018 601037 39884.81532
"417" 2018 521954 39472.77125
"418" 2018 389704 33555.46292
"419" 2018 356499 34749.740025
"420" 2018 330034 36026.51144
"421" 2018 309581 37751.855045
"422" 2018 268444.92 36692.3938902
"423" 2018 229352.8 35335.239132
"424" 2018 183899.97 31710.79132695
"425" 2018 151744.84 29044.7211002
"426" 2018 123029.69 26290.82960455
"427" 2018 90909.81 21360.62350665
"428" 2018 68667.1 17560.924154
"429" 2018 52662.73 14706.0673525
"430" 2018 39808.24 12087.5730348
"431" 2018 26988.38 8865.4129462
"432" 2018 14242.21 5034.621235
"433" 2018 5792.36 2191.7711004
"434" 2018 3512.93 1415.2892384
"435" 2018 2344.28 1000.2925546
"436" 2018 1900.06 854.2479754
"437" 2018 1359.27 640.7055072
"438" 2018 757.67 372.65620115
"439" 2018 387.16 197.8135946
"440" 2018 173.01 91.4461656
"441" 2018 85.04 46.3204376
"442" 2018 42.21 23.60953035
"443" 2018 18.83 14.74662035
"444" 2018 11.58 11.58
"445" 2019 783978 2579.28762
"446" 2019 796374 167.23854
"447" 2019 802651 112.37114
"448" 2019 776763 89.327745
"449" 2019 766631 68.99679
"450" 2019 739729 59.17832
"451" 2019 736749 55.256175
"452" 2019 720613 50.44291
"453" 2019 738238 47.98547
"454" 2019 726909 47.249085
"455" 2019 746345 55.975875
"456" 2019 741530 63.03005
"457" 2019 726923 58.15384
"458" 2019 735760 66.2184
"459" 2019 751622 101.46897
"460" 2019 752351 139.184935
"461" 2019 766517 168.63374
"462" 2019 787745 204.8137
"463" 2019 835762 246.54979
"464" 2019 861102 275.55264
"465" 2019 891659 307.622355
"466" 2019 934518 313.06353
"467" 2019 929523 306.74259
"468" 2019 916924 307.16954
"469" 2019 934648 313.10708
"470" 2019 967092 333.64674
"471" 2019 985364 369.5115
"472" 2019 1021919 408.7676
"473" 2019 1116459 485.659665
"474" 2019 1102501 507.15046
"475" 2019 1127589 563.7945
"476" 2019 1103635 606.99925
"477" 2019 1083657 601.429635
"478" 2019 1050793 609.45994
"479" 2019 1043355 667.7472
"480" 2019 1045184 715.95104
"481" 2019 1065675 751.300875
"482" 2019 1056516 787.10442
"483" 2019 1060769 869.83058
"484" 2019 1009272 933.5766
"485" 2019 995070 1014.9714
"486" 2019 985641 1103.91792
"487" 2019 966513 1193.643555
"488" 2019 941433 1270.93455
"489" 2019 953081 1439.15231
"490" 2019 959668 1612.24224
"491" 2019 1038269 1941.56303
"492" 2019 1140019 2382.63971
"493" 2019 1180738 2768.83061
"494" 2019 1265825 3341.778
"495" 2019 1323697 3838.7213
"496" 2019 1356220 4421.2772
"497" 2019 1389766 5156.03186
"498" 2019 1391794 5734.19128
"499" 2019 1414471 6478.27718
"500" 2019 1399366 7080.79196
"501" 2019 1351589 7508.076895
"502" 2019 1327937 8146.893495
"503" 2019 1279695 8669.933625
"504" 2019 1239631 9229.052795
"505" 2019 1166642 9438.13378
"506" 2019 1135091 9937.721705
"507" 2019 1098993 10462.41336
"508" 2019 1059645 10983.220425
"509" 2019 1033543 11586.01703
"510" 2019 994300 11976.3435
"511" 2019 986573 12993.16641
"512" 2019 960173 13720.87217
"513" 2019 953314 14447.47367
"514" 2019 914137 15270.658585
"515" 2019 827191 15269.94586
"516" 2019 770080 15028.1112
"517" 2019 662844 14019.1506
"518" 2019 575993 13172.95991
"519" 2019 760437 19083.166515
"520" 2019 761531 21459.94358
"521" 2019 726066 22468.11237
"522" 2019 865057 29913.67106
"523" 2019 887604 34802.95284
"524" 2019 849126 38558.81166
"525" 2019 761230 39188.1204
"526" 2019 679410 39392.1918
"527" 2019 622557 41312.88252
"528" 2019 563565 42619.603125
"529" 2019 484835 41746.717675
"530" 2019 357898 34886.10755
"531" 2019 323304 35291.86464
"532" 2019 295105 35986.579225
"533" 2019 272828 37291.49518
"534" 2019 232367.92 35799.7635948
"535" 2019 194688.8 33571.163228
"536" 2019 152894.97 29264.86173285
"537" 2019 123295.84 26347.7045288
"538" 2019 97243.69 22848.86362085
"539" 2019 70072.81 17920.4204294
"540" 2019 51598.1 14408.769425
"541" 2019 38152.73 11584.88570085
"542" 2019 27976.24 9189.9150776
"543" 2019 18409.38 6507.71583
"544" 2019 9452.21 3576.6217419
"545" 2019 3701.36 1491.2039168
"546" 2019 2156.93 920.35124635
"547" 2019 1367.28 614.7154152
"548" 2019 1044.06 492.1281216
"549" 2019 748.27 368.03285815
"550" 2019 381.67 195.00856145
"551" 2019 176.43 93.2538408
"552" 2019 83.32 45.3835708
"553" 2019 38.29 21.41693715
"554" 2019 17.59 13.77552055
"555" 2019 10.19 10.19
"556" 2020 774870 2549.3223
"557" 2020 794132 166.76772
"558" 2020 802415 112.3381
"559" 2020 807816 92.89884
"560" 2020 782143 70.39287
"561" 2020 771479 61.71832
"562" 2020 743954 55.79655
"563" 2020 741969 51.93783
"564" 2020 725807 47.177455
"565" 2020 743761 48.344465
"566" 2020 732376 54.9282
"567" 2020 751663 63.891355
"568" 2020 746670 59.7336
"569" 2020 731698 65.85282
"570" 2020 740506 99.96831
"571" 2020 756823 140.012255
"572" 2020 757882 166.73404
"573" 2020 771938 200.70388
"574" 2020 798514 235.56163
"575" 2020 854086 273.30752
"576" 2020 878869 303.209805
"577" 2020 905902 303.47717
"578" 2020 947646 312.72318
"579" 2020 944591 316.437985
"580" 2020 931423 312.026705
"581" 2020 947032 326.72604
"582" 2020 978142 366.80325
"583" 2020 995515 398.206
"584" 2020 1030314 448.18659
"585" 2020 1123468 516.79528
"586" 2020 1109227 554.6135
"587" 2020 1133582 623.4701
"588" 2020 1109010 615.50055
"589" 2020 1088700 631.446
"590" 2020 1055201 675.32864
"591" 2020 1048086 717.93891
"592" 2020 1048762 739.37721
"593" 2020 1069168 796.53016
"594" 2020 1059479 868.77278
"595" 2020 1063715 983.936375
"596" 2020 1011818 1032.05436
"597" 2020 997428 1117.11936
"598" 2020 987623 1219.714405
"599" 2020 968885 1307.99475
"600" 2020 943272 1424.34072
"601" 2020 954462 1603.49616
"602" 2020 960829 1796.75023
"603" 2020 1038797 2171.08573
"604" 2020 1139590 2672.33855
"605" 2020 1179680 3114.3552
"606" 2020 1263945 3665.4405
"607" 2020 1320960 4306.3296
"608" 2020 1352770 5018.7767
"609" 2020 1385608 5708.70496
"610" 2020 1386952 6352.24016
"611" 2020 1408832 7128.68992
"612" 2020 1392942 7737.79281
"613" 2020 1344388 8247.82038
"614" 2020 1319852 8941.9973
"615" 2020 1271291 9464.761495
"616" 2020 1230109 9951.58181
"617" 2020 1157125 10130.629375
"618" 2020 1124758 10707.69616
"619" 2020 1087957 11276.674305
"620" 2020 1047822 11746.08462
"621" 2020 1021046 12298.49907
"622" 2020 981186 12922.21962
"623" 2020 972595 13898.38255
"624" 2020 946118 14338.41829
"625" 2020 938087 15670.743335
"626" 2020 898100 16578.926
"627" 2020 811462 15835.68093
"628" 2020 754507 15957.82305
"629" 2020 648189 14824.08243
"630" 2020 561837 14099.299515
"631" 2020 740528 20868.07904
"632" 2020 740375 22910.904375
"633" 2020 704285 24354.1753
"634" 2020 836403 32795.36163
"635" 2020 854829 38817.78489
"636" 2020 814346 41922.53208
"637" 2020 726011 42094.11778
"638" 2020 643708 42716.46288
"639" 2020 585337 44266.110625
"640" 2020 524879 45194.706295
"641" 2020 447140 43584.9715
"642" 2020 325904 35575.68064
"643" 2020 290120 35378.6834
"644" 2020 261406 35730.27911
"645" 2020 237315 36561.935475
"646" 2020 198540.92 34235.4035402
"647" 2020 163195.8 31236.492099
"648" 2020 124992.97 26710.37272415
"649" 2020 98483.84 23140.2554656
"650" 2020 75933.69 19419.2818806
"651" 2020 53297.81 14883.4134425
"652" 2020 38017.1 11543.7023295
"653" 2020 27451.73 9017.6187877
"654" 2020 19383.24 6851.97534
"655" 2020 12489.38 4725.8564982
"656" 2020 6152.21 2478.6023648
"657" 2020 2304.36 983.2588902
"658" 2020 1323.93 595.2256887
"659" 2020 813.28 383.3476608
"660" 2020 571.06 280.8730057
"661" 2020 405.27 207.06662745
"662" 2020 191.94 101.4518064
"663" 2020 90.64 49.3707016
"664" 2020 41.09 22.98307515
"665" 2020 17.47 13.68154315
"666" 2020 10.34 10.34
"667" 2021 769380 2531.2602
"668" 2021 783593 164.55453
"669" 2021 798366 111.77124
"670" 2021 806198 92.71277
"671" 2021 811601 73.04409
"672" 2021 785754 62.86032
"673" 2021 774587 58.094025
"674" 2021 747447 52.32129
"675" 2021 745883 48.482395
"676" 2021 729897 47.443305
"677" 2021 747757 56.081775
"678" 2021 736417 62.595445
"679" 2021 755570 60.4456
"680" 2021 750180 67.5162
"681" 2021 735170 99.24795
"682" 2021 744218 137.68033
"683" 2021 760578 167.32716
"684" 2021 761348 197.95048
"685" 2021 779039 229.816505
"686" 2021 811591 259.70912
"687" 2021 865943 298.750335
"688" 2021 885430 296.61905
"689" 2021 910983 300.62439
"690" 2021 955511 320.096185
"691" 2021 952624 319.12904
"692" 2021 939020 323.9619
"693" 2021 953617 357.606375
"694" 2021 984464 393.7856
"695" 2021 1000769 435.334515
"696" 2021 1035069 476.13174
"697" 2021 1127628 563.814
"698" 2021 1112935 612.11425
"699" 2021 1136859 630.956745
"700" 2021 1112354 645.16532
"701" 2021 1091312 698.43968
"702" 2021 1058097 724.796445
"703" 2021 1050221 740.405805
"704" 2021 1050675 782.752875
"705" 2021 1070818 878.07076
"706" 2021 1061065 981.485125
"707" 2021 1065188 1086.49176
"708" 2021 1013187 1134.76944
"709" 2021 998596 1233.26606
"710" 2021 988332 1334.2482
"711" 2021 969585 1464.07335
"712" 2021 944048 1586.00064
"713" 2021 954793 1785.46291
"714" 2021 960699 2007.86091
"715" 2021 1038215 2434.614175
"716" 2021 1138105 3004.5972
"717" 2021 1177845 3415.7505
"718" 2021 1261618 4112.87468
"719" 2021 1318051 4889.96921
"720" 2021 1348886 5557.41032
"721" 2021 1380824 6324.17392
"722" 2021 1381357 6989.66642
"723" 2021 1402572 7791.28746
"724" 2021 1385607 8500.698945
"725" 2021 1336643 9055.756325
"726" 2021 1311139 9761.429855
"727" 2021 1261935 10209.05415
"728" 2021 1220021 10681.283855
"729" 2021 1146667 10916.26984
"730" 2021 1113442 11540.82633
"731" 2021 1076072 12062.76712
"732" 2021 1035309 12470.296905
"733" 2021 1007452 13268.14284
"734" 2021 967555 13826.36095
"735" 2021 958288 14522.85464
"736" 2021 930500 15544.0025
"737" 2021 921770 17015.8742
"738" 2021 881247 17197.535205
"739" 2021 795008 16814.4192
"740" 2021 737688 16870.92456
"741" 2021 632357 15868.998915
"742" 2021 546752 15407.47136
"743" 2021 718997 22249.362165
"744" 2021 717058 24795.86564
"745" 2021 680345 26676.32745
"746" 2021 804876 36549.41916
"747" 2021 818459 42134.26932
"748" 2021 775452 44960.70696
"749" 2021 687458 45619.71288
"750" 2021 604464 45712.59
"751" 2021 544669 46898.724245
"752" 2021 482570 47038.51075
"753" 2021 406395 44362.0782
"754" 2021 291450 35540.87025
"755" 2021 255545 34929.168325
"756" 2021 226281 34861.982265
"757" 2021 201371 34723.408385
"758" 2021 165133.92 31607.4579576
"759" 2021 132385.8 28290.183531
"760" 2021 98879.97 23233.33215105
"761" 2021 75874.84 19404.2315816
"762" 2021 57072.69 15937.5486825
"763" 2021 38997.81 11841.49001745
"764" 2021 27017.1 8874.847179
"765" 2021 18924.73 6689.892055
"766" 2021 12959.24 4903.6468236
"767" 2021 8042.38 3240.1140544
"768" 2021 3768.21 1607.87636595
"769" 2021 1385.36 622.8440024
"770" 2021 744.93 351.1302048
"771" 2021 451.28 221.9598116
"772" 2021 309.06 157.9095711
"773" 2021 199.79 105.6010024
"774" 2021 96.67 52.6551823
"775" 2021 45.22 25.2931287
"776" 2021 19.91 15.59241695
"777" 2021 11.15 11.15
