"year" "population" "expected"
"1" 2015 716419 2349.85432
"2" 2015 695915 139.183
"3" 2015 694369 86.796125
"4" 2015 681109 71.516445
"5" 2015 698599 66.366905
"6" 2015 687851 61.90659
"7" 2015 706180 56.4944
"8" 2015 704334 49.30338
"9" 2015 691490 48.4043
"10" 2015 701623 49.11361
"11" 2015 720022 54.00165
"12" 2015 720522 57.64176
"13" 2015 733069 62.310865
"14" 2015 750865 75.0865
"15" 2015 784356 98.0445
"16" 2015 786661 129.799065
"17" 2015 805999 161.1998
"18" 2015 832637 208.15925
"19" 2015 826219 239.60351
"20" 2015 815272 244.5816
"21" 2015 839173 255.947765
"22" 2015 874957 266.861885
"23" 2015 895922 273.25621
"24" 2015 938818 295.72767
"25" 2015 1037458 337.17385
"26" 2015 1030691 334.974575
"27" 2015 1062175 361.1395
"28" 2015 1044361 375.96996
"29" 2015 1030624 396.79024
"30" 2015 998975 419.5695
"31" 2015 997920 464.0328
"32" 2015 1003047 501.5235
"33" 2015 1027335 539.350875
"34" 2015 1021180 571.8608
"35" 2015 1024599 614.7594
"36" 2015 977736 635.5284
"37" 2015 965515 685.51565
"38" 2015 957954 737.62458
"39" 2015 940936 785.68156
"40" 2015 916475 838.574625
"41" 2015 930179 939.48079
"42" 2015 939183 1023.70947
"43" 2015 1020846 1204.59828
"44" 2015 1125520 1468.8036
"45" 2015 1168551 1706.08446
"46" 2015 1257494 2043.42775
"47" 2015 1318041 2372.4738
"48" 2015 1354898 2723.34498
"49" 2015 1393452 3135.267
"50" 2015 1398539 3489.354805
"51" 2015 1425189 3940.647585
"52" 2015 1413324 4374.23778
"53" 2015 1368092 4740.43878
"54" 2015 1348394 5225.02675
"55" 2015 1301653 5629.649225
"56" 2015 1265624 6087.65144
"57" 2015 1193969 6363.85477
"58" 2015 1166077 6862.363145
"59" 2015 1132207 7353.684465
"60" 2015 1095255 7842.0258
"61" 2015 1072820 8416.2729
"62" 2015 1035717 8886.45186
"63" 2015 1031649 9676.86762
"64" 2015 1008255 10324.5312
"65" 2015 1004536 11160.39496
"66" 2015 967820 11628.3573
"67" 2015 880316 11474.91906
"68" 2015 822979 11583.429425
"69" 2015 714011 10852.9672
"70" 2015 623768 10329.59808
"71" 2015 827839 14946.633145
"72" 2015 834208 16267.056
"73" 2015 801337 16944.270865
"74" 2015 963133 22156.874665
"75" 2015 999697 25037.411365
"76" 2015 968206 26557.89058
"77" 2015 882884 26596.8805
"78" 2015 803177 26834.14357
"79" 2015 753546 28295.6523
"80" 2015 701492 29862.51444
"81" 2015 622710 30104.91495
"82" 2015 476467 26205.685
"83" 2015 449106 28084.84371
"84" 2015 428716 30582.45586
"85" 2015 416466.02 33902.4163581
"86" 2015 375917.71 34853.21048265
"87" 2015 336364.59 35323.32741885
"88" 2015 283109.95 33566.93122175
"89" 2015 247050 32953.9995
"90" 2015 213766.07 31960.1651257
"91" 2015 169163.4 28252.825251
"92" 2015 137600.34 25642.5113607
"93" 2015 114505.69 23687.21956185
"94" 2015 93240.77 21165.65479
"95" 2015 69988.51 17426.4391049
"96" 2015 39976.57 10909.2061873
"97" 2015 18136.35 5391.211401
"98" 2015 12195.16 3928.670794
"99" 2015 9110.62 3163.9816667
"100" 2015 7879.31 2934.0974578
"101" 2015 6658.22 2644.2454908
"102" 2015 3993.3 1682.297424
"103" 2015 2332.24 1036.797292
"104" 2015 1220.08 569.4540388
"105" 2015 619.59 302.14616145
"106" 2015 360.13 182.6507334
"107" 2015 164.41 86.3530643
"108" 2015 81 43.88337
"109" 2015 37.56 20.913408
"110" 2015 15.27 11.9406819
"111" 2015 10.81 10.81
"112" 2016 744721 2442.68488
"113" 2016 740078 148.0156
"114" 2016 715608 89.451
"115" 2016 713757 74.944485
"116" 2016 699382 66.44129
"117" 2016 716863 64.51767
"118" 2016 704716 56.37728
"119" 2016 723366 50.63562
"120" 2016 720452 50.43164
"121" 2016 706517 49.45619
"122" 2016 716699 53.752425
"123" 2016 733698 58.69584
"124" 2016 733981 62.388385
"125" 2016 746291 74.6291
"126" 2016 764997 95.624625
"127" 2016 802215 132.365475
"128" 2016 811294 162.2588
"129" 2016 831042 207.7605
"130" 2016 873171 253.21959
"131" 2016 872242 261.6726
"132" 2016 864859 263.781995
"133" 2016 882914 269.28877
"134" 2016 918055 280.006775
"135" 2016 940583 296.283645
"136" 2016 981467 318.976775
"137" 2016 1081508 351.4901
"138" 2016 1069607 363.66638
"139" 2016 1099077 395.66772
"140" 2016 1077451 414.818635
"141" 2016 1060038 445.21596
"142" 2016 1028283 478.151595
"143" 2016 1023414 511.707
"144" 2016 1026274 538.79385
"145" 2016 1049220 587.5632
"146" 2016 1040669 624.4014
"147" 2016 1045965 679.87725
"148" 2016 995685 706.93635
"149" 2016 981810 755.9937
"150" 2016 973528 812.89588
"151" 2016 954756 873.60174
"152" 2016 930453 939.75753
"153" 2016 942794 1027.64546
"154" 2016 950684 1121.80712
"155" 2016 1031271 1345.808655
"156" 2016 1134886 1656.93356
"157" 2016 1177330 1913.16125
"158" 2016 1265093 2277.1674
"159" 2016 1324666 2662.57866
"160" 2016 1359970 3059.9325
"161" 2016 1396645 3484.629275
"162" 2016 1400912 3873.52168
"163" 2016 1426217 4414.141615
"164" 2016 1413510 4897.81215
"165" 2016 1367400 5298.675
"166" 2016 1346726 5824.58995
"167" 2016 1299396 6250.09476
"168" 2016 1261766 6725.21278
"169" 2016 1190144 7003.99744
"170" 2016 1160912 7540.12344
"171" 2016 1126422 8065.18152
"172" 2016 1088896 8542.38912
"173" 2016 1065097 9138.53226
"174" 2016 1027643 9639.29134
"175" 2016 1022255 10467.8912
"176" 2016 998165 11089.61315
"177" 2016 993544 11937.43116
"178" 2016 955943 12460.717005
"179" 2016 868455 12223.504125
"180" 2016 811207 12330.3464
"181" 2016 702735 11637.2916
"182" 2016 613134 11070.13437
"183" 2016 812814 15849.873
"184" 2016 817825 17292.909625
"185" 2016 784324 18043.37362
"186" 2016 941096 23569.74932
"187" 2016 974315 26725.46045
"188" 2016 940958 28346.35975
"189" 2016 855435 28580.08335
"190" 2016 775260 29111.013
"191" 2016 723930 30817.7001
"192" 2016 669656 32374.51932
"193" 2016 590675 32487.125
"194" 2016 448413 28041.506955
"195" 2016 419124 29898.21054
"196" 2016 396544 32280.66432
"197" 2016 380969.34 35321.5723581
"198" 2016 339799.4 35684.033991
"199" 2016 299924.21 35560.51395865
"200" 2016 248687.82 33172.4683098
"201" 2016 213444.73 31912.1215823
"202" 2016 180910.72 30214.8039008
"203" 2016 140110.52 26110.2959546
"204" 2016 111137.04 22990.3637796
"205" 2016 90150.28 20464.11356
"206" 2016 71614.19 17831.2171681
"207" 2016 52091.53 14215.2576217
"208" 2016 29111.46 8653.6725996
"209" 2016 12665.34 4080.139281
"210" 2016 8213.28 2852.3489448
"211" 2016 5955.33 2217.6457854
"212" 2016 5042.99 2002.7730486
"213" 2016 4010.08 1689.3665024
"214" 2016 2308.14 1026.083637
"215" 2016 1326.43 619.09130605
"216" 2016 656.16 319.9797048
"217" 2016 314.09 159.3001662
"218" 2016 186.24 97.8188352
"219" 2016 75.85 41.0932545
"220" 2016 32.91 18.324288
"221" 2016 18.63 14.5681011
"222" 2016 10.06 10.06
"223" 2017 788299 2585.62072
"224" 2017 762519 152.5038
"225" 2017 753217 94.152125
"226" 2017 727203 76.356315
"227" 2017 725208 68.89476
"228" 2017 709649 63.86841
"229" 2017 725990 58.0792
"230" 2017 714614 50.02298
"231" 2017 733904 51.37328
"232" 2017 729770 51.0839
"233" 2017 715498 53.66235
"234" 2017 725080 58.0064
"235" 2017 741434 63.02189
"236" 2017 741827 74.1827
"237" 2017 754356 94.2945
"238" 2017 774861 127.852065
"239" 2017 817175 163.435
"240" 2017 829658 207.4145
"241" 2017 852649 247.26821
"242" 2017 898526 269.5578
"243" 2017 896869 273.545045
"244" 2017 883871 269.580655
"245" 2017 900327 274.599735
"246" 2017 935857 294.794955
"247" 2017 957107 311.059775
"248" 2017 996131 323.742575
"249" 2017 1094013 371.96442
"250" 2017 1081506 389.34216
"251" 2017 1108891 426.923035
"252" 2017 1086215 456.2103
"253" 2017 1068203 496.714395
"254" 2017 1036328 518.164
"255" 2017 1029887 540.690675
"256" 2017 1032181 578.02136
"257" 2017 1054476 632.6856
"258" 2017 1045463 679.55095
"259" 2017 1050450 745.8195
"260" 2017 999664 769.74128
"261" 2017 985590 822.96765
"262" 2017 976871 893.836965
"263" 2017 957877 967.45577
"264" 2017 933123 1017.10407
"265" 2017 945184 1115.31712
"266" 2017 953024 1243.69632
"267" 2017 1032778 1507.85588
"268" 2017 1135810 1845.69125
"269" 2017 1177742 2119.9356
"270" 2017 1264331 2541.30531
"271" 2017 1323771 2978.48475
"272" 2017 1358258 3388.85371
"273" 2017 1393957 3854.291105
"274" 2017 1397753 4326.045535
"275" 2017 1421951 4927.060215
"276" 2017 1408732 5458.8365
"277" 2017 1361914 5890.27805
"278" 2017 1340408 6447.36248
"279" 2017 1293120 6892.3296
"280" 2017 1254555 7383.056175
"281" 2017 1182584 7680.88308
"282" 2017 1152459 8251.60644
"283" 2017 1117653 8767.987785
"284" 2017 1079772 9264.44376
"285" 2017 1055517 9900.74946
"286" 2017 1017147 10415.58528
"287" 2017 1011191 11234.33201
"288" 2017 986117 11848.195755
"289" 2017 980637 12782.603295
"290" 2017 942547 13266.349025
"291" 2017 855561 13004.5272
"292" 2017 798439 13222.14984
"293" 2017 690163 12460.892965
"294" 2017 601545 11730.1275
"295" 2017 796592 16843.93784
"296" 2017 800408 18413.38604
"297" 2017 766229 19190.205305
"298" 2017 917490 25166.7507
"299" 2017 947484 28542.9555
"300" 2017 912772 30495.71252
"301" 2017 826172 31022.7586
"302" 2017 745639 31741.85223
"303" 2017 692490 33478.42905
"304" 2017 636554 35010.47
"305" 2017 557352 34854.00732
"306" 2017 419843 29949.500405
"307" 2017 388732 31644.72846
"308" 2017 363961 33744.644115
"309" 2017 345748.16 36308.7430224
"310" 2017 304340.04 36084.0768426
"311" 2017 264593.82 35294.1696498
"312" 2017 216131.65 32313.8429915
"313" 2017 182376.31 30459.57941465
"314" 2017 151380.88 28210.5838924
"315" 2017 114562.47 23698.96535655
"316" 2017 88866.38 20172.66826
"317" 2017 70106.67 17455.8597633
"318" 2017 54463.87 14862.6454843
"319" 2017 38255.62 11371.8656012
"320" 2017 20861.93 6720.6707495
"321" 2017 8824.69 3064.68246665
"322" 2017 5565.16 2072.3542808
"323" 2017 3868.45 1536.316233
"324" 2017 3140.19 1322.8992432
"325" 2017 2407.39 1070.2052245
"326" 2017 1330.73 621.09826655
"327" 2017 752.19 366.80921445
"328" 2017 357.03 181.0784754
"329" 2017 171.04 89.8353392
"330" 2017 92.21 49.9566117
"331" 2017 33.83 18.836544
"332" 2017 17.91 14.0050827
"333" 2017 9.68 9.68
"334" 2018 785074 2575.04272
"335" 2018 796149 159.2298
"336" 2018 770628 96.3285
"337" 2018 760868 79.89114
"338" 2018 734059 69.735605
"339" 2018 732088 65.88792
"340" 2018 715528 57.24224
"341" 2018 732586 51.28102
"342" 2018 721168 50.48176
"343" 2018 740846 51.85922
"344" 2018 736082 55.20615
"345" 2018 721745 57.7396
"346" 2018 730820 62.1197
"347" 2018 746890 74.689
"348" 2018 747228 93.4035
"349" 2018 760238 125.43927
"350" 2018 781964 156.3928
"351" 2018 824185 206.04625
"352" 2018 841946 244.16434
"353" 2018 872234 261.6702
"354" 2018 918164 280.04002
"355" 2018 913985 278.765425
"356" 2018 899827 274.447235
"357" 2018 918306 289.26639
"358" 2018 952232 309.4754
"359" 2018 971610 315.77325
"360" 2018 1009672 343.28848
"361" 2018 1105660 398.0376
"362" 2018 1092555 420.633675
"363" 2018 1118583 469.80486
"364" 2018 1094733 509.050845
"365" 2018 1075886 537.943
"366" 2018 1043548 547.8627
"367" 2018 1036879 580.65224
"368" 2018 1039206 623.5236
"369" 2018 1060221 689.14365
"370" 2018 1051212 746.36052
"371" 2018 1056495 813.50115
"372" 2018 1004728 838.94788
"373" 2018 990554 906.35691
"374" 2018 981486 991.30086
"375" 2018 962843 1049.49887
"376" 2018 937518 1106.27124
"377" 2018 949657 1239.302385
"378" 2018 956853 1397.00538
"379" 2018 1035587 1682.828875
"380" 2018 1138293 2048.9274
"381" 2018 1179668 2371.13268
"382" 2018 1265662 2847.7395
"383" 2018 1324077 3303.572115
"384" 2018 1357827 3754.391655
"385" 2018 1392300 4309.1685
"386" 2018 1395078 4833.94527
"387" 2018 1418449 5496.489875
"388" 2018 1404391 6073.991075
"389" 2018 1357082 6527.56442
"390" 2018 1334645 7113.65785
"391" 2018 1286991 7573.942035
"392" 2018 1247579 8103.025605
"393" 2018 1175219 8414.56804
"394" 2018 1144314 8977.14333
"395" 2018 1108669 9512.38002
"396" 2018 1070337 10039.76106
"397" 2018 1045334 10704.22016
"398" 2018 1006399 11181.09289
"399" 2018 999682 12011.17923
"400" 2018 973689 12692.036115
"401" 2018 967521 13617.858075
"402" 2018 928887 14119.0824
"403" 2018 841915 13942.1124
"404" 2018 784815 14169.834825
"405" 2018 676907 13199.6865
"406" 2018 589302 12460.79079
"407" 2018 779008 17921.07904
"408" 2018 781877 19582.109465
"409" 2018 746906 20487.63158
"410" 2018 892443 26884.845375
"411" 2018 918608 30690.69328
"412" 2018 882457 33136.26035
"413" 2018 795009 33843.53313
"414" 2018 713800 34508.661
"415" 2018 658716 36229.38
"416" 2018 601037 37585.848795
"417" 2018 521954 37233.58859
"418" 2018 389704 31723.85412
"419" 2018 356499 33052.804785
"420" 2018 330034 34658.52051
"421" 2018 309581 36705.471265
"422" 2018 268444.92 35807.8678788
"423" 2018 229352.8 34290.537128
"424" 2018 183899.97 30714.05348955
"425" 2018 151744.84 28278.4096582
"426" 2018 123029.69 25450.53682185
"427" 2018 90909.81 20636.52687
"428" 2018 68667.1 17097.421229
"429" 2018 52662.73 14371.1323897
"430" 2018 39808.24 11833.3974224
"431" 2018 26988.38 8694.306617
"432" 2018 14242.21 4946.10589985
"433" 2018 5792.36 2156.9590168
"434" 2018 3512.93 1395.1250202
"435" 2018 2344.28 987.5982784
"436" 2018 1900.06 844.671673
"437" 2018 1359.27 634.41888345
"438" 2018 757.67 369.48156385
"439" 2018 387.16 196.3598088
"440" 2018 173.01 90.8700423
"441" 2018 85.04 46.0721208
"442" 2018 42.21 23.502528
"443" 2018 18.83 14.7244951
"444" 2018 11.58 11.58
"445" 2019 783978 2571.44784
"446" 2019 796374 159.2748
"447" 2019 802651 100.331375
"448" 2019 776763 81.560115
"449" 2019 766631 72.829945
"450" 2019 739729 66.57561
"451" 2019 736749 58.93992
"452" 2019 720613 50.44291
"453" 2019 738238 51.67666
"454" 2019 726909 50.88363
"455" 2019 746345 55.975875
"456" 2019 741530 59.3224
"457" 2019 726923 61.788455
"458" 2019 735760 73.576
"459" 2019 751622 93.95275
"460" 2019 752351 124.137915
"461" 2019 766517 153.3034
"462" 2019 787745 196.93625
"463" 2019 835762 242.37098
"464" 2019 861102 258.3306
"465" 2019 891659 271.955995
"466" 2019 934518 285.02799
"467" 2019 929523 283.504515
"468" 2019 916924 288.83106
"469" 2019 934648 303.7606
"470" 2019 967092 314.3049
"471" 2019 985364 335.02376
"472" 2019 1021919 367.89084
"473" 2019 1116459 429.836715
"474" 2019 1102501 463.05042
"475" 2019 1127589 524.328885
"476" 2019 1103635 551.8175
"477" 2019 1083657 568.919925
"478" 2019 1050793 588.44408
"479" 2019 1043355 626.013
"480" 2019 1045184 679.3696
"481" 2019 1065675 756.62925
"482" 2019 1056516 813.51732
"483" 2019 1060769 885.742115
"484" 2019 1009272 923.48388
"485" 2019 995070 1005.0207
"486" 2019 985641 1074.34869
"487" 2019 966513 1140.48534
"488" 2019 941433 1228.570065
"489" 2019 953081 1391.49826
"490" 2019 959668 1559.4605
"491" 2019 1038269 1868.8842
"492" 2019 1140019 2291.43819
"493" 2019 1180738 2656.6605
"494" 2019 1265825 3158.233375
"495" 2019 1323697 3660.022205
"496" 2019 1356220 4197.5009
"497" 2019 1389766 4815.53919
"498" 2019 1391794 5393.20175
"499" 2019 1414471 6117.587075
"500" 2019 1399366 6730.95046
"501" 2019 1351589 7203.96937
"502" 2019 1327937 7814.909245
"503" 2019 1279695 8311.619025
"504" 2019 1239631 8875.75796
"505" 2019 1166642 9152.30649
"506" 2019 1135091 9739.08078
"507" 2019 1098993 10308.55434
"508" 2019 1059645 10850.7648
"509" 2019 1033543 11482.66273
"510" 2019 994300 11946.5145
"511" 2019 986573 12859.979055
"512" 2019 960173 13514.434975
"513" 2019 953314 14490.3728
"514" 2019 914137 15138.10872
"515" 2019 827191 14934.933505
"516" 2019 770080 15016.56
"517" 2019 662844 14015.83638
"518" 2019 575993 13250.718965
"519" 2019 760437 19045.144665
"520" 2019 761531 20888.79533
"521" 2019 726066 21872.73825
"522" 2019 865057 28901.55437
"523" 2019 887604 33329.5302
"524" 2019 849126 36147.29382
"525" 2019 761230 36801.66435
"526" 2019 679410 37367.55
"527" 2019 622557 38931.601995
"528" 2019 563565 40201.909275
"529" 2019 484835 39467.993175
"530" 2019 357898 33182.51307
"531" 2019 323304 33951.76956
"532" 2019 295105 34989.124325
"533" 2019 272828 36392.52692
"534" 2019 232367.92 34741.3277192
"535" 2019 194688.8 32515.949932
"536" 2019 152894.97 28492.74213435
"537" 2019 123295.84 25505.5939416
"538" 2019 97243.69 22074.31763
"539" 2019 70072.81 17447.4289619
"540" 2019 51598.1 14080.605509
"541" 2019 38152.73 11341.2805198
"542" 2019 27976.24 9012.545716
"543" 2019 18409.38 6393.3015333
"544" 2019 9452.21 3519.8139598
"545" 2019 3701.36 1469.9581104
"546" 2019 2156.93 908.6714704
"547" 2019 1367.28 607.824324
"548" 2019 1044.06 487.2993441
"549" 2019 748.27 364.89760685
"550" 2019 381.67 193.5753906
"551" 2019 176.43 92.6663289
"552" 2019 83.32 45.1402764
"553" 2019 38.29 21.319872
"554" 2019 17.59 13.7548523
"555" 2019 10.19 10.19
"556" 2020 774870 2541.5736
"557" 2020 794132 158.8264
"558" 2020 802415 100.301875
"559" 2020 807816 84.82068
"560" 2020 782143 74.303585
"561" 2020 771479 69.43311
"562" 2020 743954 59.51632
"563" 2020 741969 51.93783
"564" 2020 725807 50.80649
"565" 2020 743761 52.06327
"566" 2020 732376 54.9282
"567" 2020 751663 60.13304
"568" 2020 746670 63.46695
"569" 2020 731698 73.1698
"570" 2020 740506 92.56325
"571" 2020 756823 124.875795
"572" 2020 757882 151.5764
"573" 2020 771938 192.9845
"574" 2020 798514 231.56906
"575" 2020 854086 256.2258
"576" 2020 878869 268.055045
"577" 2020 905902 276.30011
"578" 2020 947646 289.03203
"579" 2020 944591 297.546165
"580" 2020 931423 302.712475
"581" 2020 947032 307.7854
"582" 2020 978142 332.56828
"583" 2020 995515 358.3854
"584" 2020 1030314 396.67089
"585" 2020 1123468 471.85656
"586" 2020 1109227 515.790555
"587" 2020 1133582 566.791
"588" 2020 1109010 582.23025
"589" 2020 1088700 609.672
"590" 2020 1055201 633.1206
"591" 2020 1048086 681.2559
"592" 2020 1048762 744.62102
"593" 2020 1069168 823.25936
"594" 2020 1059479 884.664965
"595" 2020 1063715 973.299225
"596" 2020 1011818 1021.93618
"597" 2020 997428 1087.19652
"598" 2020 987623 1165.39514
"599" 2020 968885 1264.394925
"600" 2020 943272 1377.17712
"601" 2020 954462 1551.00075
"602" 2020 960829 1729.4922
"603" 2020 1038797 2087.98197
"604" 2020 1139590 2564.0775
"605" 2020 1179680 2943.3016
"606" 2020 1263945 3494.807925
"607" 2020 1320960 4088.3712
"608" 2020 1352770 4687.34805
"609" 2020 1385608 5369.231
"610" 2020 1386952 5998.5674
"611" 2020 1408832 6776.48192
"612" 2020 1392942 7424.38086
"613" 2020 1344388 7911.72338
"614" 2020 1319852 8572.43874
"615" 2020 1271291 9102.44356
"616" 2020 1230109 9650.205105
"617" 2020 1157125 9928.1325
"618" 2020 1124758 10550.23004
"619" 2020 1087957 11140.67968
"620" 2020 1047822 11641.30242
"621" 2020 1021046 12267.86769
"622" 2020 981186 12789.75951
"623" 2020 972595 13689.274625
"624" 2020 946118 14380.9936
"625" 2020 938087 15534.72072
"626" 2020 898100 16215.1955
"627" 2020 811462 15823.509
"628" 2020 754507 15954.050515
"629" 2020 648189 14911.587945
"630" 2020 561837 14071.207665
"631" 2020 740528 20312.68304
"632" 2020 740375 22303.796875
"633" 2020 704285 23530.16185
"634" 2020 836403 31406.93265
"635" 2020 854829 36390.07053
"636" 2020 814346 39369.55737
"637" 2020 726011 39930.605
"638" 2020 643708 40254.27978
"639" 2020 585337 41755.014895
"640" 2020 524879 42727.774995
"641" 2020 447140 41456.5851
"642" 2020 325904 34224.80856
"643" 2020 290120 34398.0778
"644" 2020 261406 34868.94634
"645" 2020 237315 35480.96565
"646" 2020 198540.92 33159.3117538
"647" 2020 163195.8 30412.353309
"648" 2020 124992.97 25856.67073905
"649" 2020 98483.84 22355.83168
"650" 2020 75933.69 18906.7294731
"651" 2020 53297.81 14544.4393709
"652" 2020 38017.1 11300.963146
"653" 2020 27451.73 8843.5748195
"654" 2020 19383.24 6731.5085034
"655" 2020 12489.38 4650.7953244
"656" 2020 6152.21 2443.2886794
"657" 2020 2304.36 970.7807808
"658" 2020 1323.93 588.5530815
"659" 2020 813.28 379.5862408
"660" 2020 571.06 278.4802643
"661" 2020 405.27 205.5448386
"662" 2020 191.94 100.8126462
"663" 2020 90.64 49.1060328
"664" 2020 41.09 22.878912
"665" 2020 17.47 13.6610159
"666" 2020 10.34 10.34
"667" 2021 769380 2523.5664
"668" 2021 783593 156.7186
"669" 2021 798366 99.79575
"670" 2021 806198 84.65079
"671" 2021 811601 77.102095
"672" 2021 785754 70.71786
"673" 2021 774587 61.96696
"674" 2021 747447 52.32129
"675" 2021 745883 52.21181
"676" 2021 729897 51.09279
"677" 2021 747757 56.081775
"678" 2021 736417 58.91336
"679" 2021 755570 64.22345
"680" 2021 750180 75.018
"681" 2021 735170 91.89625
"682" 2021 744218 122.79597
"683" 2021 760578 152.1156
"684" 2021 761348 190.337
"685" 2021 779039 225.92131
"686" 2021 811591 243.4773
"687" 2021 865943 264.112615
"688" 2021 885430 270.05615
"689" 2021 910983 277.849815
"690" 2021 955511 300.985965
"691" 2021 952624 309.6028
"692" 2021 939020 305.1815
"693" 2021 953617 324.22978
"694" 2021 984464 354.40704
"695" 2021 1000769 385.296065
"696" 2021 1035069 434.72898
"697" 2021 1127628 524.34702
"698" 2021 1112935 556.4675
"699" 2021 1136859 596.850975
"700" 2021 1112354 622.91824
"701" 2021 1091312 654.7872
"702" 2021 1058097 687.76305
"703" 2021 1050221 745.65691
"704" 2021 1050675 809.01975
"705" 2021 1070818 894.13303
"706" 2021 1061065 970.874475
"707" 2021 1065188 1075.83988
"708" 2021 1013187 1104.37383
"709" 2021 998596 1178.34328
"710" 2021 988332 1289.77326
"711" 2021 969585 1415.5941
"712" 2021 944048 1534.078
"713" 2021 954793 1718.6274
"714" 2021 960699 1931.00499
"715" 2021 1038215 2335.98375
"716" 2021 1138105 2839.571975
"717" 2021 1177845 3256.741425
"718" 2021 1261618 3904.70771
"719" 2021 1318051 4567.046715
"720" 2021 1348886 5226.93325
"721" 2021 1380824 5972.0638
"722" 2021 1381357 6644.32717
"723" 2021 1402572 7475.70876
"724" 2021 1385607 8154.297195
"725" 2021 1336643 8681.496285
"726" 2021 1311139 9387.75524
"727" 2021 1261935 9899.880075
"728" 2021 1220021 10467.78018
"729" 2021 1146667 10755.73646
"730" 2021 1113442 11401.64608
"731" 2021 1076072 11955.15992
"732" 2021 1035309 12439.237635
"733" 2021 1007452 13132.13682
"734" 2021 967555 13618.336625
"735" 2021 958288 14565.9776
"736" 2021 930500 15409.08
"737" 2021 921770 16642.55735
"738" 2021 881247 17184.3165
"739" 2021 795008 16810.44416
"740" 2021 737688 16970.51244
"741" 2021 632357 15837.381065
"742" 2021 546752 14997.40736
"743" 2021 718997 21659.784625
"744" 2021 717058 23956.90778
"745" 2021 680345 25546.95475
"746" 2021 804876 34263.57132
"747" 2021 818459 39568.400355
"748" 2021 775452 42649.86
"749" 2021 687458 42990.18603
"750" 2021 604464 43119.43944
"751" 2021 544669 44338.779945
"752" 2021 482570 44741.47755
"753" 2021 406395 42677.570925
"754" 2021 291450 34555.76925
"755" 2021 255545 34087.14755
"756" 2021 226281 33831.27231
"757" 2021 201371 33631.977565
"758" 2021 165133.92 30773.5316616
"759" 2021 132385.8 27385.988517
"760" 2021 98879.97 22445.75319
"761" 2021 75874.84 18892.0764116
"762" 2021 57072.69 15574.5663741
"763" 2021 38997.81 11592.4890006
"764" 2021 27017.1 8703.558765
"765" 2021 18924.73 6572.27485805
"766" 2021 12959.24 4825.7617912
"767" 2021 8042.38 3193.9507932
"768" 2021 3768.21 1587.4715088
"769" 2021 1385.36 615.861788
"770" 2021 744.93 347.68490355
"771" 2021 451.28 220.0689484
"772" 2021 309.06 156.7490508
"773" 2021 199.79 104.9357017
"774" 2021 96.67 52.3729059
"775" 2021 45.22 25.178496
"776" 2021 19.91 15.5690227
"777" 2021 11.15 11.15
