"year" "population" "expected"
"1" 2015 716419 2285.37661
"2" 2015 695915 128.744275
"3" 2015 694369 86.796125
"4" 2015 681109 74.92199
"5" 2015 698599 73.352895
"6" 2015 687851 65.345845
"7" 2015 706180 60.0253
"8" 2015 704334 49.30338
"9" 2015 691490 41.4894
"10" 2015 701623 42.09738
"11" 2015 720022 50.40154
"12" 2015 720522 57.64176
"13" 2015 733069 62.310865
"14" 2015 750865 75.0865
"15" 2015 784356 98.0445
"16" 2015 786661 117.99915
"17" 2015 805999 145.07982
"18" 2015 832637 208.15925
"19" 2015 826219 243.734605
"20" 2015 815272 236.42888
"21" 2015 839173 239.164305
"22" 2015 874957 253.73753
"23" 2015 895922 255.33777
"24" 2015 938818 272.25722
"25" 2015 1037458 326.79927
"26" 2015 1030691 319.51421
"27" 2015 1062175 339.896
"28" 2015 1044361 370.748155
"29" 2015 1030624 376.17776
"30" 2015 998975 379.6105
"31" 2015 997920 439.0848
"32" 2015 1003047 496.508265
"33" 2015 1027335 523.94085
"34" 2015 1021180 531.0136
"35" 2015 1024599 589.144425
"36" 2015 977736 645.30576
"37" 2015 965515 709.653525
"38" 2015 957954 723.25527
"39" 2015 940936 762.15816
"40" 2015 916475 824.8275
"41" 2015 930179 934.829895
"42" 2015 939183 1019.013555
"43" 2015 1020846 1168.86867
"44" 2015 1125520 1406.9
"45" 2015 1168551 1589.22936
"46" 2015 1257494 1917.67835
"47" 2015 1318041 2293.39134
"48" 2015 1354898 2635.27661
"49" 2015 1393452 3002.88906
"50" 2015 1398539 3342.50821
"51" 2015 1425189 3748.24707
"52" 2015 1413324 4148.10594
"53" 2015 1368092 4501.02268
"54" 2015 1348394 4921.6381
"55" 2015 1301653 5271.69465
"56" 2015 1265624 5720.62048
"57" 2015 1193969 6041.48314
"58" 2015 1166077 6471.72735
"59" 2015 1132207 6980.056155
"60" 2015 1095255 7507.973025
"61" 2015 1072820 8067.6064
"62" 2015 1035717 8663.772705
"63" 2015 1031649 9558.227985
"64" 2015 1008255 10178.334225
"65" 2015 1004536 10979.57848
"66" 2015 967820 11555.7708
"67" 2015 880316 11435.30484
"68" 2015 822979 11451.752785
"69" 2015 714011 10735.155385
"70" 2015 623768 10232.91404
"71" 2015 827839 14760.36937
"72" 2015 834208 16116.89856
"73" 2015 801337 16671.816285
"74" 2015 963133 22180.95299
"75" 2015 999697 25517.265925
"76" 2015 968206 26325.52114
"77" 2015 882884 26208.41154
"78" 2015 803177 26103.2525
"79" 2015 753546 27225.61698
"80" 2015 701492 28641.91836
"81" 2015 622710 28414.2573
"82" 2015 476467 24659.549585
"83" 2015 449106 26539.91907
"84" 2015 428716 29364.90242
"85" 2015 416466.02 32234.469948
"86" 2015 375917.71 33014.97288075
"87" 2015 336364.59 33887.05061955
"88" 2015 283109.95 32508.10000875
"89" 2015 247050 32177.02725
"90" 2015 213766.07 31210.91505035
"91" 2015 169163.4 27500.048121
"92" 2015 137600.34 25051.5179004
"93" 2015 114505.69 23187.402225
"94" 2015 93240.77 20578.237939
"95" 2015 69988.51 16967.66442185
"96" 2015 39976.57 10675.14336995
"97" 2015 18136.35 5285.295117
"98" 2015 12195.16 3858.4876482
"99" 2015 9110.62 3112.9621947
"100" 2015 7879.31 2891.70677
"101" 2015 6658.22 2610.3218599
"102" 2015 3993.3 1663.289316
"103" 2015 2332.24 1026.5704196
"104" 2015 1220.08 564.59202
"105" 2015 619.59 299.93422515
"106" 2015 360.13 181.51452325
"107" 2015 164.41 85.90011475
"108" 2015 81 43.690995
"109" 2015 37.56 20.8375368
"110" 2015 15.27 11.92655715
"111" 2015 10.81 10.81
"112" 2016 744721 2375.65999
"113" 2016 740078 136.91443
"114" 2016 715608 89.451
"115" 2016 713757 78.51327
"116" 2016 699382 73.43511
"117" 2016 716863 68.101985
"118" 2016 704716 59.90086
"119" 2016 723366 50.63562
"120" 2016 720452 43.22712
"121" 2016 706517 42.39102
"122" 2016 716699 50.16893
"123" 2016 733698 58.69584
"124" 2016 733981 62.388385
"125" 2016 746291 74.6291
"126" 2016 764997 95.624625
"127" 2016 802215 120.33225
"128" 2016 811294 146.03292
"129" 2016 831042 207.7605
"130" 2016 873171 257.585445
"131" 2016 872242 252.95018
"132" 2016 864859 246.484815
"133" 2016 882914 256.04506
"134" 2016 918055 261.645675
"135" 2016 940583 272.76907
"136" 2016 981467 309.162105
"137" 2016 1081508 335.26748
"138" 2016 1069607 342.27424
"139" 2016 1099077 390.172335
"140" 2016 1077451 393.269615
"141" 2016 1060038 402.81444
"142" 2016 1028283 452.44452
"143" 2016 1023414 506.58993
"144" 2016 1026274 523.39974
"145" 2016 1049220 545.5944
"146" 2016 1040669 598.384675
"147" 2016 1045965 690.3369
"148" 2016 995685 731.828475
"149" 2016 981810 741.26655
"150" 2016 973528 788.55768
"151" 2016 954756 859.2804
"152" 2016 930453 935.105265
"153" 2016 942794 1022.93149
"154" 2016 950684 1088.53318
"155" 2016 1031271 1289.08875
"156" 2016 1134886 1543.44496
"157" 2016 1177330 1795.42825
"158" 2016 1265093 2201.26182
"159" 2016 1324666 2576.47537
"160" 2016 1359970 2930.73535
"161" 2016 1396645 3337.98155
"162" 2016 1400912 3684.39856
"163" 2016 1426217 4185.946895
"164" 2016 1413510 4650.4479
"165" 2016 1367400 4991.01
"166" 2016 1346726 5454.2403
"167" 2016 1299396 5873.26992
"168" 2016 1261766 6384.53596
"169" 2016 1190144 6605.2992
"170" 2016 1160912 7157.02248
"171" 2016 1126422 7721.62281
"172" 2016 1088896 8188.49792
"173" 2016 1065097 8909.536405
"174" 2016 1027643 9521.112395
"175" 2016 1022255 10319.664225
"176" 2016 998165 10909.94345
"177" 2016 993544 11862.91536
"178" 2016 955943 12417.69957
"179" 2016 868455 12084.551325
"180" 2016 811207 12196.497245
"181" 2016 702735 11528.367675
"182" 2016 613134 10932.17922
"183" 2016 812814 15703.56648
"184" 2016 817825 17014.849125
"185" 2016 784324 18062.98172
"186" 2016 941096 24021.4754
"187" 2016 974315 26491.62485
"188" 2016 940958 27932.33823
"189" 2016 855435 27801.6375
"190" 2016 775260 28010.1438
"191" 2016 723930 29558.0619
"192" 2016 669656 30556.40328
"193" 2016 590675 30570.384625
"194" 2016 448413 26498.966235
"195" 2016 419124 28707.89838
"196" 2016 396544 30692.5056
"197" 2016 380969.34 33458.6322855
"198" 2016 339799.4 34233.090553
"199" 2016 299924.21 34438.79741325
"200" 2016 248687.82 32390.3451159
"201" 2016 213444.73 31163.99780365
"202" 2016 180910.72 29409.7511968
"203" 2016 140110.52 25508.5212712
"204" 2016 111137.04 22505.2506
"205" 2016 90150.28 19896.166796
"206" 2016 71614.19 17361.78615265
"207" 2016 52091.53 13910.26171355
"208" 2016 29111.46 8483.6616732
"209" 2016 12665.34 4007.2502493
"210" 2016 8213.28 2806.3545768
"211" 2016 5955.33 2185.60611
"212" 2016 5042.99 1977.07901455
"213" 2016 4010.08 1670.2785216
"214" 2016 2308.14 1015.9624431
"215" 2016 1326.43 613.8054825
"216" 2016 656.16 317.6372136
"217" 2016 314.09 158.30921225
"218" 2016 186.24 97.305744
"219" 2016 75.85 40.91311075
"220" 2016 32.91 18.2578098
"221" 2016 18.63 14.55086835
"222" 2016 10.06 10.06
"223" 2017 788299 2514.67381
"224" 2017 762519 141.066015
"225" 2017 753217 94.152125
"226" 2017 727203 79.99233
"227" 2017 725208 76.14684
"228" 2017 709649 67.416655
"229" 2017 725990 61.70915
"230" 2017 714614 50.02298
"231" 2017 733904 44.03424
"232" 2017 729770 43.7862
"233" 2017 715498 50.08486
"234" 2017 725080 58.0064
"235" 2017 741434 63.02189
"236" 2017 741827 74.1827
"237" 2017 754356 94.2945
"238" 2017 774861 116.22915
"239" 2017 817175 147.0915
"240" 2017 829658 207.4145
"241" 2017 852649 251.531455
"242" 2017 898526 260.57254
"243" 2017 896869 255.607665
"244" 2017 883871 256.32259
"245" 2017 900327 256.593195
"246" 2017 935857 271.39853
"247" 2017 957107 301.488705
"248" 2017 996131 308.80061
"249" 2017 1094013 350.08416
"250" 2017 1081506 383.93463
"251" 2017 1108891 404.745215
"252" 2017 1086215 412.7617
"253" 2017 1068203 470.00932
"254" 2017 1036328 512.98236
"255" 2017 1029887 525.24237
"256" 2017 1032181 536.73412
"257" 2017 1054476 606.3237
"258" 2017 1045463 690.00558
"259" 2017 1050450 772.08075
"260" 2017 999664 754.74632
"261" 2017 985590 798.3279
"262" 2017 976871 879.1839
"263" 2017 957877 962.666385
"264" 2017 933123 1012.438455
"265" 2017 945184 1082.23568
"266" 2017 953024 1191.28
"267" 2017 1032778 1404.57808
"268" 2017 1135810 1732.11025
"269" 2017 1177742 2049.27108
"270" 2017 1264331 2459.123795
"271" 2017 1323771 2852.726505
"272" 2017 1358258 3246.23662
"273" 2017 1393957 3666.10691
"274" 2017 1397753 4102.405055
"275" 2017 1421951 4678.21879
"276" 2017 1408732 5141.8718
"277" 2017 1361914 5515.7517
"278" 2017 1340408 6058.64416
"279" 2017 1293120 6543.1872
"280" 2017 1254555 6962.78025
"281" 2017 1182584 7290.63036
"282" 2017 1152459 7900.106445
"283" 2017 1117653 8404.75056
"284" 2017 1079772 9032.29278
"285" 2017 1055517 9779.365005
"286" 2017 1017147 10268.098965
"287" 2017 1011191 11052.31763
"288" 2017 986117 11774.23698
"289" 2017 980637 12738.47463
"290" 2017 942547 13115.541505
"291" 2017 855561 12863.359635
"292" 2017 798439 13098.391795
"293" 2017 690163 12305.60629
"294" 2017 601545 11621.8494
"295" 2017 796592 16573.09656
"296" 2017 800408 18433.39624
"297" 2017 766229 19557.995225
"298" 2017 917490 24946.5531
"299" 2017 947484 28126.06254
"300" 2017 912772 29665.09
"301" 2017 826172 29849.59436
"302" 2017 745639 30444.44037
"303" 2017 692490 31598.3187
"304" 2017 636554 32944.85227
"305" 2017 557352 32936.71644
"306" 2017 419843 28757.146285
"307" 2017 388732 30087.8568
"308" 2017 363961 31964.874825
"309" 2017 345748.16 34832.3983792
"310" 2017 304340.04 34945.845093
"311" 2017 264593.82 34462.0220859
"312" 2017 216131.65 31556.30155825
"313" 2017 182376.31 29648.00483515
"314" 2017 151380.88 27560.4030128
"315" 2017 114562.47 23198.900175
"316" 2017 88866.38 19612.810066
"317" 2017 70106.67 16996.31054145
"318" 2017 54463.87 14543.75952545
"319" 2017 38255.62 11148.4527804
"320" 2017 20861.93 6600.61034235
"321" 2017 8824.69 3015.26420265
"322" 2017 5565.16 2042.41372
"323" 2017 3868.45 1516.60648025
"324" 2017 3140.19 1307.9519388
"325" 2017 2407.39 1059.64881935
"326" 2017 1330.73 615.7953075
"327" 2017 752.19 364.12389615
"328" 2017 357.03 179.95204575
"329" 2017 171.04 89.364124
"330" 2017 92.21 49.73761295
"331" 2017 33.83 18.7682074
"332" 2017 17.91 13.98851595
"333" 2017 9.68 9.68
"334" 2018 785074 2504.38606
"335" 2018 796149 147.287565
"336" 2018 770628 96.3285
"337" 2018 760868 83.69548
"338" 2018 734059 77.076195
"339" 2018 732088 69.54836
"340" 2018 715528 60.81988
"341" 2018 732586 51.28102
"342" 2018 721168 43.27008
"343" 2018 740846 44.45076
"344" 2018 736082 51.52574
"345" 2018 721745 57.7396
"346" 2018 730820 62.1197
"347" 2018 746890 74.689
"348" 2018 747228 93.4035
"349" 2018 760238 114.0357
"350" 2018 781964 140.75352
"351" 2018 824185 206.04625
"352" 2018 841946 248.37407
"353" 2018 872234 252.94786
"354" 2018 918164 261.67674
"355" 2018 913985 265.05565
"356" 2018 899827 256.450695
"357" 2018 918306 266.30874
"358" 2018 952232 299.95308
"359" 2018 971610 301.1991
"360" 2018 1009672 323.09504
"361" 2018 1105660 392.5093
"362" 2018 1092555 398.782575
"363" 2018 1118583 425.06154
"364" 2018 1094733 481.68252
"365" 2018 1075886 532.56357
"366" 2018 1043548 532.20948
"367" 2018 1036879 539.17708
"368" 2018 1039206 597.54345
"369" 2018 1060221 699.74586
"370" 2018 1051212 772.64082
"371" 2018 1056495 797.653725
"372" 2018 1004728 813.82968
"373" 2018 990554 891.4986
"374" 2018 981486 986.39343
"375" 2018 962843 1044.684655
"376" 2018 937518 1073.45811
"377" 2018 949657 1187.07125
"378" 2018 956853 1301.32008
"379" 2018 1035587 1579.270175
"380" 2018 1138293 1980.62982
"381" 2018 1179668 2294.45426
"382" 2018 1265662 2727.50161
"383" 2018 1324077 3164.54403
"384" 2018 1357827 3571.08501
"385" 2018 1392300 4086.4005
"386" 2018 1395078 4589.80662
"387" 2018 1418449 5177.33885
"388" 2018 1404391 5687.78355
"389" 2018 1357082 6134.01064
"390" 2018 1334645 6753.3037
"391" 2018 1286991 7142.80005
"392" 2018 1247579 7691.324535
"393" 2018 1175219 8056.126245
"394" 2018 1144314 8605.24128
"395" 2018 1108669 9274.016185
"396" 2018 1070337 9916.672305
"397" 2018 1045334 10552.64673
"398" 2018 1006399 10999.94107
"399" 2018 999682 11936.20308
"400" 2018 973689 12648.22011
"401" 2018 967521 13463.054715
"402" 2018 928887 13965.816045
"403" 2018 841915 13811.615575
"404" 2018 784815 13993.25145
"405" 2018 676907 13077.84324
"406" 2018 589302 12260.42811
"407" 2018 779008 17940.55424
"408" 2018 781877 19957.410425
"409" 2018 746906 20308.37414
"410" 2018 892443 26492.170455
"411" 2018 918608 29854.76
"412" 2018 882457 31883.17141
"413" 2018 795009 32460.21747
"414" 2018 713800 32570.694
"415" 2018 658716 34091.84658
"416" 2018 601037 35518.281515
"417" 2018 521954 35751.23923
"418" 2018 389704 30163.0896
"419" 2018 356499 31309.524675
"420" 2018 330034 33249.27533
"421" 2018 309581 35547.638325
"422" 2018 268444.92 34963.6086054
"423" 2018 229352.8 33486.655564
"424" 2018 183899.97 29895.69862305
"425" 2018 151744.84 27626.6655704
"426" 2018 123029.69 24913.512225
"427" 2018 90909.81 20063.795067
"428" 2018 68667.1 16647.3083885
"429" 2018 52662.73 14062.79210555
"430" 2018 39808.24 11600.9173008
"431" 2018 26988.38 8538.9884901
"432" 2018 14242.21 4866.34952385
"433" 2018 5792.36 2125.79612
"434" 2018 3512.93 1377.22664185
"435" 2018 2344.28 976.4395056
"436" 2018 1900.06 836.3399099
"437" 2018 1359.27 629.0021925
"438" 2018 757.67 366.77668195
"439" 2018 387.16 195.138319
"440" 2018 173.01 90.39339975
"441" 2018 85.04 45.8701508
"442" 2018 42.21 23.4172638
"443" 2018 18.83 14.70707735
"444" 2018 11.58 11.58
"445" 2019 783978 2500.88982
"446" 2019 796374 147.32919
"447" 2019 802651 100.331375
"448" 2019 776763 85.44393
"449" 2019 766631 80.496255
"450" 2019 739729 70.274255
"451" 2019 736749 62.623665
"452" 2019 720613 50.44291
"453" 2019 738238 44.29428
"454" 2019 726909 43.61454
"455" 2019 746345 52.24415
"456" 2019 741530 59.3224
"457" 2019 726923 61.788455
"458" 2019 735760 73.576
"459" 2019 751622 93.95275
"460" 2019 752351 112.85265
"461" 2019 766517 137.97306
"462" 2019 787745 196.93625
"463" 2019 835762 246.54979
"464" 2019 861102 249.71958
"465" 2019 891659 254.122815
"466" 2019 934518 271.01022
"467" 2019 929523 264.914055
"468" 2019 916924 265.90796
"469" 2019 934648 294.41412
"470" 2019 967092 299.79852
"471" 2019 985364 315.31648
"472" 2019 1021919 362.781245
"473" 2019 1116459 407.507535
"474" 2019 1102501 418.95038
"475" 2019 1127589 496.13916
"476" 2019 1103635 546.299325
"477" 2019 1083657 552.66507
"478" 2019 1050793 546.41236
"479" 2019 1043355 599.929125
"480" 2019 1045184 689.82144
"481" 2019 1065675 783.271125
"482" 2019 1056516 797.66958
"483" 2019 1060769 859.22289
"484" 2019 1009272 908.3448
"485" 2019 995070 1000.04535
"486" 2019 985641 1069.420485
"487" 2019 966513 1106.657385
"488" 2019 941433 1176.79125
"489" 2019 953081 1296.19016
"490" 2019 959668 1463.4937
"491" 2019 1038269 1806.58806
"492" 2019 1140019 2217.336955
"493" 2019 1180738 2544.49039
"494" 2019 1265825 3025.32175
"495" 2019 1323697 3481.32311
"496" 2019 1356220 3980.5057
"497" 2019 1389766 4572.33014
"498" 2019 1391794 5080.0481
"499" 2019 1414471 5728.60755
"500" 2019 1399366 6325.13432
"501" 2019 1351589 6839.04034
"502" 2019 1327937 7370.05035
"503" 2019 1279695 7889.319675
"504" 2019 1239631 8497.670505
"505" 2019 1166642 8773.14784
"506" 2019 1135091 9495.036215
"507" 2019 1098993 10182.170145
"508" 2019 1059645 10697.116275
"509" 2019 1033543 11296.62499
"510" 2019 994300 11871.942
"511" 2019 986573 12815.58327
"512" 2019 960173 13360.807295
"513" 2019 953314 14333.07599
"514" 2019 914137 14996.417485
"515" 2019 827191 14748.81553
"516" 2019 770080 14877.9456
"517" 2019 662844 13790.46942
"518" 2019 575993 13265.11879
"519" 2019 760437 19410.154425
"520" 2019 761531 20706.02789
"521" 2019 726066 21553.26921
"522" 2019 865057 28114.3525
"523" 2019 887604 32069.13252
"524" 2019 849126 34669.81458
"525" 2019 761230 34734.9249
"526" 2019 679410 35162.86455
"527" 2019 622557 36790.005915
"528" 2019 563565 38601.384675
"529" 2019 484835 37526.229
"530" 2019 357898 31432.39185
"531" 2019 323304 32571.26148
"532" 2019 295105 33885.431625
"533" 2019 272828 35534.48286
"534" 2019 232367.92 33926.8781596
"535" 2019 194688.8 31649.584772
"536" 2019 152894.97 27836.0582382
"537" 2019 123295.84 24967.4076
"538" 2019 97243.69 21461.682383
"539" 2019 70072.81 16988.10169235
"540" 2019 51598.1 13778.4986335
"541" 2019 38152.73 11118.4685766
"542" 2019 27976.24 8851.5424548
"543" 2019 18409.38 6290.2090053
"544" 2019 9452.21 3468.96107
"545" 2019 3701.36 1451.0996812
"546" 2019 2156.93 898.4044836
"547" 2019 1367.28 601.8288012
"548" 2019 1044.06 483.138765
"549" 2019 748.27 362.22628295
"550" 2019 381.67 192.37122175
"551" 2019 176.43 92.18026425
"552" 2019 83.32 44.9423914
"553" 2019 38.29 21.2425262
"554" 2019 17.59 13.73858155
"555" 2019 10.19 10.19
"556" 2020 774870 2471.8353
"557" 2020 794132 146.91442
"558" 2020 802415 100.301875
"559" 2020 807816 88.85976
"560" 2020 782143 82.125015
"561" 2020 771479 73.290505
"562" 2020 743954 63.23609
"563" 2020 741969 51.93783
"564" 2020 725807 43.54842
"565" 2020 743761 44.62566
"566" 2020 732376 51.26632
"567" 2020 751663 60.13304
"568" 2020 746670 63.46695
"569" 2020 731698 73.1698
"570" 2020 740506 92.56325
"571" 2020 756823 113.52345
"572" 2020 757882 136.41876
"573" 2020 771938 192.9845
"574" 2020 798514 235.56163
"575" 2020 854086 247.68494
"576" 2020 878869 250.477665
"577" 2020 905902 262.71158
"578" 2020 947646 270.07911
"579" 2020 944591 273.93139
"580" 2020 931423 293.398245
"581" 2020 947032 293.57992
"582" 2020 978142 313.00544
"583" 2020 995515 353.407825
"584" 2020 1030314 376.06461
"585" 2020 1123468 426.91784
"586" 2020 1109227 488.05988
"587" 2020 1133582 561.12309
"588" 2020 1109010 565.5951
"589" 2020 1088700 566.124
"590" 2020 1055201 606.740575
"591" 2020 1048086 691.73676
"592" 2020 1048762 770.84007
"593" 2020 1069168 807.22184
"594" 2020 1059479 858.17799
"595" 2020 1063715 957.3435
"596" 2020 1011818 1016.87709
"597" 2020 997428 1082.20938
"598" 2020 987623 1130.828335
"599" 2020 968885 1211.10625
"600" 2020 943272 1282.84992
"601" 2020 954462 1455.55455
"602" 2020 960829 1671.84246
"603" 2020 1038797 2020.460165
"604" 2020 1139590 2455.81645
"605" 2020 1179680 2819.4352
"606" 2020 1263945 3324.17535
"607" 2020 1320960 3877.0176
"608" 2020 1352770 4450.6133
"609" 2020 1385608 5057.4692
"610" 2020 1386952 5617.1556
"611" 2020 1408832 6367.92064
"612" 2020 1392942 7048.28652
"613" 2020 1344388 7461.3534
"614" 2020 1319852 8136.88758
"615" 2020 1271291 8714.699805
"616" 2020 1230109 9250.41968
"617" 2020 1157125 9679.350625
"618" 2020 1124758 10420.88287
"619" 2020 1087957 10982.925915
"620" 2020 1047822 11452.69446
"621" 2020 1021046 12191.28924
"622" 2020 981186 12745.60614
"623" 2020 972595 13533.659425
"624" 2020 946118 14224.88413
"625" 2020 938087 15389.317235
"626" 2020 898100 16013.123
"627" 2020 811462 15677.44584
"628" 2020 754507 15697.518135
"629" 2020 648189 14927.79267
"630" 2020 561837 14340.889425
"631" 2020 740528 20134.95632
"632" 2020 740375 21978.031875
"633" 2020 704285 22889.2625
"634" 2020 836403 30219.24039
"635" 2020 854829 34902.66807
"636" 2020 814346 37158.60798
"637" 2020 726011 37574.699305
"638" 2020 643708 38039.92426
"639" 2020 585337 40092.657815
"640" 2020 524879 40625.6346
"641" 2020 447140 39270.0705
"642" 2020 325904 32833.19848
"643" 2020 290120 33313.029
"644" 2020 261406 34046.82447
"645" 2020 237315 34649.176575
"646" 2020 198540.92 32275.8046598
"647" 2020 163195.8 29711.427348
"648" 2020 124992.97 25311.076425
"649" 2020 98483.84 21735.383488
"650" 2020 75933.69 18408.98413515
"651" 2020 53297.81 14232.38069335
"652" 2020 38017.1 11078.943282
"653" 2020 27451.73 8685.59011335
"654" 2020 19383.24 6622.9623594
"655" 2020 12489.38 4583.60246
"656" 2020 6152.21 2411.94316945
"657" 2020 2304.36 959.8120272
"658" 2020 1323.93 582.74764845
"659" 2020 813.28 376.34532
"660" 2020 571.06 276.4415801
"661" 2020 405.27 204.26621175
"662" 2020 191.94 100.2838515
"663" 2020 90.64 48.8907628
"664" 2020 41.09 22.7959102
"665" 2020 17.47 13.64485615
"666" 2020 10.34 10.34
"667" 2021 769380 2454.3222
"668" 2021 783593 144.964705
"669" 2021 798366 99.79575
"670" 2021 806198 88.68178
"671" 2021 811601 85.218105
"672" 2021 785754 74.64663
"673" 2021 774587 65.839895
"674" 2021 747447 52.32129
"675" 2021 745883 44.75298
"676" 2021 729897 43.79382
"677" 2021 747757 52.34299
"678" 2021 736417 58.91336
"679" 2021 755570 64.22345
"680" 2021 750180 75.018
"681" 2021 735170 91.89625
"682" 2021 744218 111.6327
"683" 2021 760578 136.90404
"684" 2021 761348 190.337
"685" 2021 779039 229.816505
"686" 2021 811591 235.36139
"687" 2021 865943 246.793755
"688" 2021 885430 256.7747
"689" 2021 910983 259.630155
"690" 2021 955511 277.09819
"691" 2021 952624 300.07656
"692" 2021 939020 291.0962
"693" 2021 953617 305.15744
"694" 2021 984464 349.48472
"695" 2021 1000769 365.280685
"696" 2021 1035069 393.32622
"697" 2021 1127628 496.15632
"698" 2021 1112935 550.902825
"699" 2021 1136859 579.79809
"700" 2021 1112354 578.42408
"701" 2021 1091312 627.5044
"702" 2021 1058097 698.34402
"703" 2021 1050221 771.912435
"704" 2021 1050675 793.259625
"705" 2021 1070818 867.36258
"706" 2021 1061065 954.9585
"707" 2021 1065188 1070.51394
"708" 2021 1013187 1099.307895
"709" 2021 998596 1143.39242
"710" 2021 988332 1235.415
"711" 2021 969585 1318.6356
"712" 2021 944048 1439.6732
"713" 2021 954793 1661.33982
"714" 2021 960699 1868.559555
"715" 2021 1038215 2237.353325
"716" 2021 1138105 2720.07095
"717" 2021 1177845 3097.73235
"718" 2021 1261618 3702.84883
"719" 2021 1318051 4336.38779
"720" 2021 1348886 4923.4339
"721" 2021 1380824 5592.3372
"722" 2021 1381357 6243.73364
"723" 2021 1402572 7097.01432
"724" 2021 1385607 7690.11885
"725" 2021 1336643 8240.404095
"726" 2021 1311139 8987.857845
"727" 2021 1261935 9489.7512
"728" 2021 1220021 10205.475665
"729" 2021 1146667 10623.869755
"730" 2021 1113442 11240.19699
"731" 2021 1076072 11761.46696
"732" 2021 1035309 12361.58946
"733" 2021 1007452 13086.80148
"734" 2021 967555 13463.527825
"735" 2021 958288 14407.86008
"736" 2021 930500 15264.8525
"737" 2021 921770 16435.1591
"738" 2021 881247 17025.69204
"739" 2021 795008 16540.14144
"740" 2021 737688 16988.95464
"741" 2021 632357 16140.912425
"742" 2021 546752 14866.18688
"743" 2021 718997 21343.425945
"744" 2021 717058 23304.385
"745" 2021 680345 24580.86485
"746" 2021 804876 32863.08708
"747" 2021 818459 37346.28417
"748" 2021 775452 40133.51826
"749" 2021 687458 40625.33051
"750" 2021 604464 41402.76168
"751" 2021 544669 42157.3806
"752" 2021 482570 42381.71025
"753" 2021 406395 40942.264275
"754" 2021 291450 33465.74625
"755" 2021 255545 33283.458525
"756" 2021 226281 33038.157405
"757" 2021 201371 32735.876615
"758" 2021 165133.92 30064.2814752
"759" 2021 132385.8 26808.1245
"760" 2021 98879.97 21822.809379
"761" 2021 75874.84 18394.7168354
"762" 2021 57072.69 15240.40577415
"763" 2021 38997.81 11364.7417902
"764" 2021 27017.1 8548.0753545
"765" 2021 18924.73 6466.29637005
"766" 2021 12959.24 4756.04108
"767" 2021 8042.38 3152.9748671
"768" 2021 3768.21 1569.5348292
"769" 2021 1385.36 609.7869844
"770" 2021 744.93 344.7163575
"771" 2021 451.28 218.4578788
"772" 2021 309.06 155.7739665
"773" 2021 199.79 104.38528025
"774" 2021 96.67 52.14331465
"775" 2021 45.22 25.0871516
"776" 2021 19.91 15.55060595
"777" 2021 11.15 11.15
