"year" "population" "expected"
"1" 2015 39425 157.30575
"2" 2015 39849 10.958475
"3" 2015 41748 5.63598
"4" 2015 40962 4.91544
"5" 2015 43177 4.533585
"6" 2015 43927 5.051605
"7" 2015 42925 7.082625
"8" 2015 41086 5.34118
"9" 2015 40985 4.50835
"10" 2015 42199 6.118855
"11" 2015 40172 3.41462
"12" 2015 39704 4.56596
"13" 2015 40246 7.04305
"14" 2015 41107 7.39926
"15" 2015 43538 8.92529
"16" 2015 45003 9.0006
"17" 2015 47423 12.092865
"18" 2015 49881 15.213705
"19" 2015 50778 18.28008
"20" 2015 48871 18.815335
"21" 2015 48370 19.10615
"22" 2015 48756 21.69642
"23" 2015 47360 24.1536
"24" 2015 51225 25.868625
"25" 2015 50879 19.84281
"26" 2015 50955 21.4011
"27" 2015 52988 23.57966
"28" 2015 52896 20.89392
"29" 2015 53888 28.56064
"30" 2015 56090 36.17805
"31" 2015 58085 34.27015
"32" 2015 57591 40.3137
"33" 2015 57947 44.03972
"34" 2015 58399 35.0394
"35" 2015 59380 40.3784
"36" 2015 59202 51.20973
"37" 2015 58281 62.36067
"38" 2015 57685 63.165075
"39" 2015 57062 67.33316
"40" 2015 56328 69.84672
"41" 2015 55956 69.10566
"42" 2015 56020 89.3519
"43" 2015 55850 89.36
"44" 2015 55793 83.410535
"45" 2015 53033 96.785225
"46" 2015 55361 125.11586
"47" 2015 56687 147.102765
"48" 2015 58304 172.57984
"49" 2015 60745 199.85105
"50" 2015 61283 230.730495
"51" 2015 58747 248.49981
"52" 2015 59347 258.15945
"53" 2015 60780 283.5387
"54" 2015 61991 331.03194
"55" 2015 62320 381.0868
"56" 2015 62655 437.95845
"57" 2015 61821 464.89392
"58" 2015 61204 498.20056
"59" 2015 63547 596.388595
"60" 2015 62979 634.513425
"61" 2015 62310 674.1942
"62" 2015 59740 753.9188
"63" 2015 58356 781.9704
"64" 2015 53490 743.511
"65" 2015 55477 864.609045
"66" 2015 53939 894.578315
"67" 2015 49636 842.07474
"68" 2015 48048 907.86696
"69" 2015 43536 892.27032
"70" 2015 32891 721.29963
"71" 2015 35439 883.84866
"72" 2015 38520 1060.6482
"73" 2015 41354 1219.32269
"74" 2015 38222 1251.7705
"75" 2015 39464 1459.97068
"76" 2015 38198 1561.91622
"77" 2015 36722 1676.54291
"78" 2015 35976 1838.19372
"79" 2015 34118 1957.69084
"80" 2015 31920 2053.5732
"81" 2015 29657 2160.364165
"82" 2015 27235 2202.7668
"83" 2015 24794 2292.70118
"84" 2015 21782 2307.8029
"85" 2015 19252.23 2252.22212655
"86" 2015 15744.93 2083.054239
"87" 2015 13095.18 1926.4319298
"88" 2015 10415.09 1692.5562759
"89" 2015 9094.2 1666.193853
"90" 2015 7077.43 1404.7283064
"91" 2015 5484.87 1178.56144125
"92" 2015 4287.44 992.6281088
"93" 2015 3221.02 811.6809349
"94" 2015 2317.78 625.7890111
"95" 2015 1638.55 479.66093425
"96" 2015 1015.36 330.0884592
"97" 2015 351.29 122.3753844
"98" 2015 225.1 83.6347795
"99" 2015 148.43 58.5437606
"100" 2015 111.39 46.42345335
"101" 2015 122.16 53.5537224
"102" 2015 85.21 39.1216152
"103" 2015 43.6 20.876116
"104" 2015 18 8.9523
"105" 2015 18 9.26406
"106" 2015 8 4.24584
"107" 2015 2 1.09103
"108" 2015 0 0
"109" 2015 0 0
"110" 2015 0 0
"111" 2015 0 0
"112" 2016 37238 148.57962
"113" 2016 39302 10.80805
"114" 2016 39649 5.352615
"115" 2016 41551 4.98612
"116" 2016 40739 4.277595
"117" 2016 42945 4.938675
"118" 2016 43681 7.207365
"119" 2016 42662 5.54606
"120" 2016 40829 4.49119
"121" 2016 40738 5.90701
"122" 2016 41934 3.56439
"123" 2016 39931 4.592065
"124" 2016 39448 6.9034
"125" 2016 39999 7.19982
"126" 2016 40826 8.36933
"127" 2016 43266 8.6532
"128" 2016 44743 11.409465
"129" 2016 47238 14.40759
"130" 2016 49671 17.88156
"131" 2016 50725 19.529125
"132" 2016 48769 19.263755
"133" 2016 48211 21.453895
"134" 2016 48552 24.76152
"135" 2016 47162 23.81681
"136" 2016 51012 19.89468
"137" 2016 50653 21.27426
"138" 2016 50667 22.546815
"139" 2016 52680 20.8086
"140" 2016 52531 27.84143
"141" 2016 53517 34.518465
"142" 2016 55705 32.86595
"143" 2016 57684 40.3788
"144" 2016 57230 43.4948
"145" 2016 57599 34.5594
"146" 2016 58065 39.4842
"147" 2016 59021 51.053165
"148" 2016 58781 62.89567
"149" 2016 57819 63.311805
"150" 2016 57215 67.5137
"151" 2016 56625 70.215
"152" 2016 55800 68.913
"153" 2016 55488 88.50336
"154" 2016 55557 88.8912
"155" 2016 55377 82.788615
"156" 2016 55309 100.938925
"157" 2016 52567 118.80142
"158" 2016 54893 142.447335
"159" 2016 56155 166.2188
"160" 2016 57754 190.01066
"161" 2016 60209 226.686885
"162" 2016 60675 256.65525
"163" 2016 58177 253.06995
"164" 2016 58825 274.418625
"165" 2016 60227 321.61218
"166" 2016 61364 375.24086
"167" 2016 61716 431.39484
"168" 2016 61999 466.23248
"169" 2016 61157 497.81798
"170" 2016 60547 568.233595
"171" 2016 62776 632.4682
"172" 2016 62157 672.53874
"173" 2016 61498 776.10476
"174" 2016 58864 788.7776
"175" 2016 57400 797.86
"176" 2016 52680 821.0178
"177" 2016 54523 904.263955
"178" 2016 52907 897.567255
"179" 2016 48676 919.73302
"180" 2016 47117 965.662915
"181" 2016 42539 932.88027
"182" 2016 32090 800.3246
"183" 2016 34527 950.700945
"184" 2016 37429 1103.594065
"185" 2016 40077 1312.52175
"186" 2016 36934 1366.37333
"187" 2016 37995 1553.61555
"188" 2016 36591 1670.562105
"189" 2016 35018 1789.24471
"190" 2016 34108 1957.11704
"191" 2016 32141 2067.791235
"192" 2016 29855 2174.787475
"193" 2016 27484 2222.90592
"194" 2016 25051 2316.46597
"195" 2016 22475 2381.22625
"196" 2016 19487 2279.686695
"197" 2016 16975.23 2245.822929
"198" 2016 13628.93 2004.9518923
"199" 2016 11241.18 1826.8041618
"200" 2016 8700.09 1593.98698935
"201" 2016 7445.2 1477.723296
"202" 2016 5679.43 1220.36752125
"203" 2016 4278.87 990.6439824
"204" 2016 3331.44 839.5062228
"205" 2016 2380.02 642.5934999
"206" 2016 1707.78 499.9269783
"207" 2016 1159.55 376.96390725
"208" 2016 712.36 248.1577296
"209" 2016 240.29 89.27854805
"210" 2016 144.1 56.835922
"211" 2016 99.43 41.43894395
"212" 2016 65.39 28.6663221
"213" 2016 65.16 29.9162592
"214" 2016 42.21 20.2105701
"215" 2016 25.6 12.73216
"216" 2016 8 4.11736
"217" 2016 10 5.3073
"218" 2016 3 1.636545
"219" 2016 2 1.11807
"220" 2016 0 0
"221" 2016 0 0
"222" 2016 0 0
"223" 2017 37398 149.21802
"224" 2017 37136 10.2124
"225" 2017 39023 5.268105
"226" 2017 39266 4.71192
"227" 2017 41179 4.323795
"228" 2017 40376 4.64324
"229" 2017 42517 7.015305
"230" 2017 43222 5.61886
"231" 2017 42294 4.65234
"232" 2017 40515 5.874675
"233" 2017 40373 3.431705
"234" 2017 41570 4.78055
"235" 2017 39637 6.936475
"236" 2017 39221 7.05978
"237" 2017 39723 8.143215
"238" 2017 40573 8.1146
"239" 2017 43042 10.97571
"240" 2017 44535 13.583175
"241" 2017 47097 16.95492
"242" 2017 49534 19.07059
"243" 2017 50539 19.962905
"244" 2017 48449 21.559805
"245" 2017 47863 24.41013
"246" 2017 48145 24.313225
"247" 2017 46710 18.2169
"248" 2017 50448 21.18816
"249" 2017 49958 22.23131
"250" 2017 49921 19.718795
"251" 2017 51870 27.4911
"252" 2017 51814 33.42003
"253" 2017 52790 31.1461
"254" 2017 54875 38.4125
"255" 2017 56986 43.30936
"256" 2017 56566 33.9396
"257" 2017 56992 38.75456
"258" 2017 57524 49.75826
"259" 2017 58507 62.60249
"260" 2017 58236 63.76842
"261" 2017 57280 67.5904
"262" 2017 56642 70.23608
"263" 2017 56070 69.24645
"264" 2017 55247 88.118965
"265" 2017 55027 88.0432
"266" 2017 55102 82.37749
"267" 2017 54917 100.223525
"268" 2017 54789 123.82314
"269" 2017 52097 135.191715
"270" 2017 54449 161.16904
"271" 2017 55689 183.21681
"272" 2017 57303 215.745795
"273" 2017 59705 252.55215
"274" 2017 60182 261.7917
"275" 2017 57698 269.16117
"276" 2017 58347 311.57298
"277" 2017 59794 365.64031
"278" 2017 60850 425.3415
"279" 2017 61233 460.47216
"280" 2017 61482 500.46348
"281" 2017 60608 568.80608
"282" 2017 59953 604.026475
"283" 2017 62114 672.07348
"284" 2017 61508 776.23096
"285" 2017 60743 813.9562
"286" 2017 58110 807.729
"287" 2017 56588 881.92398
"288" 2017 51881 860.446385
"289" 2017 53624 909.73116
"290" 2017 51979 982.143205
"291" 2017 47761 978.861695
"292" 2017 46090 1010.7537
"293" 2017 41562 1036.55628
"294" 2017 31307 862.038245
"295" 2017 33563 989.605055
"296" 2017 36329 1189.77475
"297" 2017 38831 1436.552845
"298" 2017 35720 1460.5908
"299" 2017 36521 1667.366255
"300" 2017 35038 1790.26661
"301" 2017 33338 1912.93444
"302" 2017 32294 2077.63449
"303" 2017 30213 2200.865985
"304" 2017 27824 2250.40512
"305" 2017 25363 2345.31661
"306" 2017 22809 2416.61355
"307" 2017 20204 2363.56494
"308" 2017 17356 2296.1988
"309" 2017 14840.23 2183.1462353
"310" 2017 11754.93 1910.2936743
"311" 2017 9475.18 1735.9951037
"312" 2017 7297.09 1448.3264232
"313" 2017 6081.2 1306.69785
"314" 2017 4544.43 1052.1264336
"315" 2017 3386.87 853.47430565
"316" 2017 2540.44 685.9060978
"317" 2017 1801.02 527.2215897
"318" 2017 1227.78 399.1451391
"319" 2017 827.55 288.285318
"320" 2017 499.36 185.5347112
"321" 2017 162.29 64.0104218
"322" 2017 100.1 41.7181765
"323" 2017 55.43 24.2999577
"324" 2017 42.39 19.4620968
"325" 2017 34.16 16.3561496
"326" 2017 22.21 11.0461435
"327" 2017 12.6 6.484842
"328" 2017 3 1.59219
"329" 2017 5 2.727575
"330" 2017 2 1.11807
"331" 2017 1 0.571325
"332" 2017 0 0
"333" 2017 0 0
"334" 2018 36470 145.5153
"335" 2018 37265 10.247875
"336" 2018 36828 4.97178
"337" 2018 38575 4.629
"338" 2018 38793 4.073265
"339" 2018 40721 4.682915
"340" 2018 39868 6.57822
"341" 2018 41994 5.45922
"342" 2018 42706 4.69766
"343" 2018 41838 6.06651
"344" 2018 40081 3.406885
"345" 2018 39958 4.59517
"346" 2018 41140 7.1995
"347" 2018 39253 7.06554
"348" 2018 38903 7.975115
"349" 2018 39374 7.8748
"350" 2018 40287 10.273185
"351" 2018 42771 13.045155
"352" 2018 44311 15.95196
"353" 2018 46840 18.0334
"354" 2018 49166 19.42057
"355" 2018 50096 22.29272
"356" 2018 47901 24.42951
"357" 2018 47270 23.87135
"358" 2018 47561 18.54879
"359" 2018 45954 19.30068
"360" 2018 49498 22.02661
"361" 2018 49006 19.35737
"362" 2018 48915 25.92495
"363" 2018 50838 32.79051
"364" 2018 50941 30.05519
"365" 2018 51821 36.2747
"366" 2018 53928 40.98528
"367" 2018 56050 33.63
"368" 2018 55655 37.8454
"369" 2018 56133 48.555045
"370" 2018 56749 60.72143
"371" 2018 57655 63.132225
"372" 2018 57416 67.75088
"373" 2018 56483 70.03892
"374" 2018 55880 69.0118
"375" 2018 55356 88.29282
"376" 2018 54600 87.36
"377" 2018 54393 81.317535
"378" 2018 54535 99.526375
"379" 2018 54316 122.75416
"380" 2018 54157 140.537415
"381" 2018 51526 152.51696
"382" 2018 53800 177.002
"383" 2018 55028 207.18042
"384" 2018 56639 239.58297
"385" 2018 59041 256.82835
"386" 2018 59556 277.82874
"387" 2018 57096 304.89264
"388" 2018 57817 353.550955
"389" 2018 59159 413.52141
"390" 2018 60282 453.32064
"391" 2018 60584 493.15376
"392" 2018 60852 571.09602
"393" 2018 59985 604.348875
"394" 2018 59272 641.32304
"395" 2018 61349 774.22438
"396" 2018 60769 814.3046
"397" 2018 59866 832.1374
"398" 2018 57262 892.42827
"399" 2018 55676 923.38646
"400" 2018 50940 864.1971
"401" 2018 52631 994.462745
"402" 2018 50928 1043.76936
"403" 2018 46717 1024.50381
"404" 2018 45022 1122.84868
"405" 2018 40534 1116.10369
"406" 2018 30433 897.317005
"407" 2018 32589 1067.28975
"408" 2018 35100 1298.5245
"409" 2018 37495 1533.17055
"410" 2018 34267 1564.459885
"411" 2018 34921 1784.288495
"412" 2018 33315 1911.6147
"413" 2018 31526 2028.22521
"414" 2018 30294 2206.76643
"415" 2018 28060 2269.4928
"416" 2018 25668 2373.51996
"417" 2018 23126 2450.1997
"418" 2018 20515 2399.947275
"419" 2018 17942 2373.7266
"420" 2018 15252 2243.72172
"421" 2018 12804.09 2080.7926659
"422" 2018 9875.81 1809.39652915
"423" 2018 7804.07 1548.9518136
"424" 2018 5885.01 1264.54152375
"425" 2018 4815.13 1114.7988976
"426" 2018 3525.38 888.3781331
"427" 2018 2592.83 700.05113585
"428" 2018 1896.41 555.14558135
"429" 2018 1280 416.1216
"430" 2018 842.76 293.5838736
"431" 2018 547.54 203.4357493
"432" 2018 315.35 124.380347
"433" 2018 109.28 45.5440792
"434" 2018 64.1 28.100799
"435" 2018 37.43 17.1848616
"436" 2018 22.39 10.7205559
"437" 2018 18.16 9.031876
"438" 2018 7.21 3.7107707
"439" 2018 4.6 2.441358
"440" 2018 0 0
"441" 2018 4 2.23614
"442" 2018 0 0
"443" 2018 1 0.788585
"444" 2018 0 0
"445" 2019 36819 146.90781
"446" 2019 36407 10.011925
"447" 2019 37049 5.001615
"448" 2019 36563 4.38756
"449" 2019 38289 4.020345
"450" 2019 38432 4.41968
"451" 2019 40333 6.654945
"452" 2019 39478 5.13214
"453" 2019 41614 4.57754
"454" 2019 42337 6.138865
"455" 2019 41454 3.52359
"456" 2019 39729 4.568835
"457" 2019 39583 6.927025
"458" 2019 40786 7.34148
"459" 2019 38913 7.977165
"460" 2019 38573 7.7146
"461" 2019 39070 9.96285
"462" 2019 40069 12.221045
"463" 2019 42559 15.32124
"464" 2019 44178 17.00853
"465" 2019 46671 18.435045
"466" 2019 48951 21.783195
"467" 2019 50043 25.52193
"468" 2019 47775 24.126375
"469" 2019 47135 18.38265
"470" 2019 47291 19.86222
"471" 2019 45761 20.363645
"472" 2019 49157 19.417015
"473" 2019 48633 25.77549
"474" 2019 48571 31.328295
"475" 2019 50497 29.79323
"476" 2019 50622 35.4354
"477" 2019 51509 39.14684
"478" 2019 53650 32.19
"479" 2019 55749 37.90932
"480" 2019 55320 47.8518
"481" 2019 55834 59.74238
"482" 2019 56429 61.789755
"483" 2019 57360 67.6848
"484" 2019 57088 70.78912
"485" 2019 56145 69.339075
"486" 2019 55629 88.728255
"487" 2019 55042 88.0672
"488" 2019 54410 81.34295
"489" 2019 54157 98.836525
"490" 2019 54229 122.55754
"491" 2019 54030 140.20785
"492" 2019 53833 159.34568
"493" 2019 51226 168.53354
"494" 2019 53453 201.250545
"495" 2019 54621 231.04683
"496" 2019 56331 245.03985
"497" 2019 58584 273.29436
"498" 2019 59134 315.77556
"499" 2019 56654 346.43921
"500" 2019 57390 401.1561
"501" 2019 58722 441.58944
"502" 2019 59772 486.54408
"503" 2019 60032 563.40032
"504" 2019 60314 607.66355
"505" 2019 59382 642.51324
"506" 2019 58630 739.9106
"507" 2019 60637 812.5358
"508" 2019 60016 834.2224
"509" 2019 58993 919.405905
"510" 2019 56467 936.505195
"511" 2019 54805 929.766825
"512" 2019 50056 945.80812
"513" 2019 51642 1058.40279
"514" 2019 49809 1092.31137
"515" 2019 45694 1139.60836
"516" 2019 44002 1211.59507
"517" 2019 39495 1164.510075
"518" 2019 29567 968.31925
"519" 2019 31589 1168.635055
"520" 2019 33924 1387.15236
"521" 2019 36124 1649.24122
"522" 2019 32856 1678.77732
"523" 2019 33346 1913.39348
"524" 2019 31590 2032.34265
"525" 2019 29630 2158.39735
"526" 2019 28316 2290.19808
"527" 2019 26057 2409.49079
"528" 2019 23464 2486.0108
"529" 2019 20908 2445.92238
"530" 2019 18328 2424.7944
"531" 2019 15717 2312.12787
"532" 2019 13220 2148.3822
"533" 2019 10874.99 1992.46129285
"534" 2019 8215.73 1630.6580904
"535" 2019 6383.01 1371.54927375
"536" 2019 4652.95 1077.250984
"537" 2019 3703.08 933.1576446
"538" 2019 2652.35 716.12123825
"539" 2019 1910.8 559.358038
"540" 2019 1385.4 450.386613
"541" 2019 893.98 311.4268728
"542" 2019 580.75 215.77475875
"543" 2019 379.53 149.6942226
"544" 2019 207.35 86.41622275
"545" 2019 68.28 29.9332692
"546" 2019 45.1 20.706312
"547" 2019 23.43 11.2185183
"548" 2019 11.39 5.6648165
"549" 2019 10.16 5.2290472
"550" 2019 3.21 1.7036433
"551" 2019 1.6 0.872824
"552" 2019 0 0
"553" 2019 2 1.14265
"554" 2019 0 0
"555" 2019 0 0
"556" 2020 36073 143.93127
"557" 2020 36782 10.11505
"558" 2020 36296 4.89996
"559" 2020 36893 4.42716
"560" 2020 36364 3.81822
"561" 2020 38020 4.3723
"562" 2020 38142 6.29343
"563" 2020 39994 5.19922
"564" 2020 39200 4.312
"565" 2020 41318 5.99111
"566" 2020 42042 3.57357
"567" 2020 41126 4.72949
"568" 2020 39444 6.9027
"569" 2020 39271 7.06878
"570" 2020 40506 8.30373
"571" 2020 38654 7.7308
"572" 2020 38325 9.772875
"573" 2020 38875 11.856875
"574" 2020 39993 14.39748
"575" 2020 42729 16.450665
"576" 2020 44238 17.47401
"577" 2020 46727 20.793515
"578" 2020 49054 25.01754
"579" 2020 50322 25.41261
"580" 2020 48045 18.73755
"581" 2020 47241 19.84122
"582" 2020 47385 21.086325
"583" 2020 45868 18.11786
"584" 2020 49283 26.11999
"585" 2020 48680 31.3986
"586" 2020 48641 28.69819
"587" 2020 50590 35.413
"588" 2020 50781 38.59356
"589" 2020 51579 30.9474
"590" 2020 53749 36.54932
"591" 2020 55802 48.26873
"592" 2020 55405 59.28335
"593" 2020 55917 61.229115
"594" 2020 56462 66.62516
"595" 2020 57289 71.03836
"596" 2020 57077 70.490095
"597" 2020 56057 89.410915
"598" 2020 55504 88.8064
"599" 2020 54960 82.1652
"600" 2020 54302 99.10115
"601" 2020 54150 122.379
"602" 2020 54049 140.257155
"603" 2020 53925 159.618
"604" 2020 53668 176.56772
"605" 2020 51114 192.44421
"606" 2020 53243 225.21789
"607" 2020 54428 236.7618
"608" 2020 56021 261.337965
"609" 2020 58171 310.63314
"610" 2020 58750 359.25625
"611" 2020 56344 393.84456
"612" 2020 56962 428.35424
"613" 2020 58243 474.09802
"614" 2020 59228 555.85478
"615" 2020 59509 599.553175
"616" 2020 59698 645.93236
"617" 2020 58809 742.16958
"618" 2020 57973 776.8382
"619" 2020 59924 832.9436
"620" 2020 59167 922.117695
"621" 2020 58187 965.031395
"622" 2020 55593 943.135245
"623" 2020 53867 1017.816965
"624" 2020 49071 1005.710145
"625" 2020 50602 1109.70186
"626" 2020 48666 1213.73004
"627" 2020 44527 1226.050945
"628" 2020 42948 1266.32178
"629" 2020 38364 1256.421
"630" 2020 28681 1061.053595
"631" 2020 30533 1248.49437
"632" 2020 32681 1492.051055
"633" 2020 34681 1772.025695
"634" 2020 31348 1798.74824
"635" 2020 31727 2041.156545
"636" 2020 29823 2172.456435
"637" 2020 27810 2249.2728
"638" 2020 26256 2427.89232
"639" 2020 23869 2528.92055
"640" 2020 21340 2496.4599
"641" 2020 18723 2477.0529
"642" 2020 16297 2397.45167
"643" 2020 13673 2221.99923
"644" 2020 11318 2073.62737
"645" 2020 9032.94 1792.8579312
"646" 2020 6710.69 1441.95951375
"647" 2020 5139.98 1190.0081696
"648" 2020 3636.93 916.48817535
"649" 2020 2839.07 766.53470465
"650" 2020 1980.34 579.7148299
"651" 2020 1355.8 440.763801
"652" 2020 975.39 339.7868604
"653" 2020 625.98 232.5797391
"654" 2020 412.75 162.796855
"655" 2020 240.53 100.24448545
"656" 2020 145.35 63.7199865
"657" 2020 40.28 18.4933536
"658" 2020 27.1 12.975751
"659" 2020 15.43 7.6741105
"660" 2020 6.39 3.2887413
"661" 2020 6.16 3.2692968
"662" 2020 2.21 1.20558815
"663" 2020 0.6 0.335421
"664" 2020 0 0
"665" 2020 1 0.788585
"666" 2020 0 0
"667" 2021 35816 142.90584
"668" 2021 36132 9.9363
"669" 2021 36684 4.95234
"670" 2021 36158 4.33896
"671" 2021 36760 3.8598
"672" 2021 36191 4.161965
"673" 2021 37879 6.250035
"674" 2021 38006 4.94078
"675" 2021 39836 4.38196
"676" 2021 39080 5.6666
"677" 2021 41144 3.49724
"678" 2021 41847 4.812405
"679" 2021 40951 7.166425
"680" 2021 39287 7.07166
"681" 2021 39116 8.01878
"682" 2021 40309 8.0618
"683" 2021 38469 9.809595
"684" 2021 38184 11.64612
"685" 2021 38817 13.97412
"686" 2021 40061 15.423485
"687" 2021 42744 16.88388
"688" 2021 44163 19.652535
"689" 2021 46712 23.82312
"690" 2021 49007 24.748535
"691" 2021 50375 19.64625
"692" 2021 48219 20.25198
"693" 2021 47221 21.013345
"694" 2021 47485 18.756575
"695" 2021 45920 24.3376
"696" 2021 49303 31.800435
"697" 2021 48736 28.75424
"698" 2021 48692 34.0844
"699" 2021 50587 38.44612
"700" 2021 50855 30.513
"701" 2021 51644 35.11792
"702" 2021 53757 46.499805
"703" 2021 55861 59.77127
"704" 2021 55455 60.723225
"705" 2021 55876 65.93368
"706" 2021 56456 70.00544
"707" 2021 57227 70.675345
"708" 2021 57017 90.942115
"709" 2021 55953 89.5248
"710" 2021 55486 82.95157
"711" 2021 54901 100.194325
"712" 2021 54196 122.48296
"713" 2021 54061 140.288295
"714" 2021 53937 159.65352
"715" 2021 53647 176.49863
"716" 2021 53515 201.483975
"717" 2021 50914 215.36622
"718" 2021 53044 230.7414
"719" 2021 54180 252.7497
"720" 2021 55701 297.44334
"721" 2021 57813 353.526495
"722" 2021 58384 408.10416
"723" 2021 56005 421.1576
"724" 2021 56521 460.08094
"725" 2021 57801 542.462385
"726" 2021 58762 592.02715
"727" 2021 58957 637.91474
"728" 2021 59094 745.76628
"729" 2021 58123 778.8482
"730" 2021 57363 797.3457
"731" 2021 59111 921.244935
"732" 2021 58362 967.93377
"733" 2021 57238 971.04267
"734" 2021 54553 1030.778935
"735" 2021 52844 1083.03778
"736" 2021 48074 1054.26282
"737" 2021 49453 1233.35782
"738" 2021 47462 1306.86617
"739" 2021 43338 1277.82093
"740" 2021 41544 1360.566
"741" 2021 37132 1373.69834
"742" 2021 27615 1129.17735
"743" 2021 29270 1336.32185
"744" 2021 31160 1592.1202
"745" 2021 32919 1888.89222
"746" 2021 29571 1902.450285
"747" 2021 29830 2172.96635
"748" 2021 27754 2244.74352
"749" 2021 25633 2370.28351
"750" 2021 23952 2537.7144
"751" 2021 21530 2518.68705
"752" 2021 19024 2516.8752
"753" 2021 16429 2416.87019
"754" 2021 14015 2277.57765
"755" 2021 11596 2124.56114
"756" 2021 9354 1856.58192
"757" 2021 7213.92 1550.09106
"758" 2021 5267.67 1219.5709584
"759" 2021 3917.96 987.3063302
"760" 2021 2716.92 733.5548154
"761" 2021 2101.06 615.0537991
"762" 2021 1425.33 463.36765635
"763" 2021 950.79 331.2172044
"764" 2021 646.39 240.16297255
"765" 2021 411.98 162.4931516
"766" 2021 260.75 108.67147375
"767" 2021 154.53 67.7444067
"768" 2021 80.35 36.890292
"769" 2021 22.28 10.6678868
"770" 2021 11.1 5.520585
"771" 2021 5.43 2.7946581
"772" 2021 3.39 1.7991747
"773" 2021 2.16 1.1783124
"774" 2021 2.21 1.23546735
"775" 2021 0.6 0.342795
"776" 2021 0 0
"777" 2021 0 0
