"year" "population" "expected"
"1" 2015 39425 161.6425
"2" 2015 39849 9.16527
"3" 2015 41748 5.63598
"4" 2015 40962 5.12025
"5" 2015 43177 5.397125
"6" 2015 43927 4.83197
"7" 2015 42925 4.507125
"8" 2015 41086 4.51946
"9" 2015 40985 4.303425
"10" 2015 42199 3.37592
"11" 2015 40172 3.61548
"12" 2015 39704 4.36744
"13" 2015 40246 5.43321
"14" 2015 41107 6.371585
"15" 2015 43538 6.74839
"16" 2015 45003 8.55057
"17" 2015 47423 11.85575
"18" 2015 49881 15.96192
"19" 2015 50778 20.81898
"20" 2015 48871 20.770175
"21" 2015 48370 19.58985
"22" 2015 48756 20.96508
"23" 2015 47360 20.8384
"24" 2015 51225 21.770625
"25" 2015 50879 19.84281
"26" 2015 50955 20.382
"27" 2015 52988 24.63942
"28" 2015 52896 25.65456
"29" 2015 53888 26.944
"30" 2015 56090 28.6059
"31" 2015 58085 31.656325
"32" 2015 57591 35.13051
"33" 2015 57947 35.92714
"34" 2015 58399 35.915385
"35" 2015 59380 40.9722
"36" 2015 59202 49.13766
"37" 2015 58281 51.87009
"38" 2015 57685 53.358625
"39" 2015 57062 61.34165
"40" 2015 56328 66.46704
"41" 2015 55956 70.22478
"42" 2015 56020 78.7081
"43" 2015 55850 84.892
"44" 2015 55793 92.61638
"45" 2015 53033 95.724565
"46" 2015 55361 114.320465
"47" 2015 56687 134.064755
"48" 2015 58304 153.33952
"49" 2015 60745 184.05735
"50" 2015 61283 212.03918
"51" 2015 58747 220.30125
"52" 2015 59347 246.88352
"53" 2015 60780 284.7543
"54" 2015 61991 322.043245
"55" 2015 62320 356.4704
"56" 2015 62655 400.052175
"57" 2015 61821 445.72941
"58" 2015 61204 481.36946
"59" 2015 63547 549.68155
"60" 2015 62979 593.26218
"61" 2015 62310 628.7079
"62" 2015 59740 672.6724
"63" 2015 58356 732.95136
"64" 2015 53490 739.49925
"65" 2015 55477 839.089625
"66" 2015 53939 864.372475
"67" 2015 49636 850.0165
"68" 2015 48048 898.25736
"69" 2015 43536 881.16864
"70" 2015 32891 711.267875
"71" 2015 35439 829.804185
"72" 2015 38520 991.5048
"73" 2015 41354 1162.0474
"74" 2015 38222 1177.42871
"75" 2015 39464 1363.87584
"76" 2015 38198 1470.43201
"77" 2015 36722 1560.50139
"78" 2015 35976 1714.79604
"79" 2015 34118 1825.48359
"80" 2015 31920 1917.1152
"81" 2015 29657 2010.44803
"82" 2015 27235 2078.166675
"83" 2015 24794 2163.64841
"84" 2015 21782 2146.94283
"85" 2015 19252.23 2117.9378223
"86" 2015 15744.93 1949.77340655
"87" 2015 13095.18 1801.8312921
"88" 2015 10415.09 1601.3200875
"89" 2015 9094.2 1561.610553
"90" 2015 7077.43 1326.69964065
"91" 2015 5484.87 1132.54338195
"92" 2015 4287.44 957.9641564
"93" 2015 3221.02 775.9115078
"94" 2015 2317.78 602.4953221
"95" 2015 1638.55 464.0865165
"96" 2015 1015.36 315.9851088
"97" 2015 351.29 117.4081438
"98" 2015 225.1 80.425979
"99" 2015 148.43 56.4316017
"100" 2015 111.39 44.85730995
"101" 2015 122.16 51.8728008
"102" 2015 85.21 37.98448775
"103" 2015 43.6 20.317164
"104" 2015 18 8.7327
"105" 2015 18 9.0567
"106" 2015 8 4.15948
"107" 2015 2 1.07094
"108" 2015 0 0
"109" 2015 0 0
"110" 2015 0 0
"111" 2015 0 0
"112" 2016 37238 152.6758
"113" 2016 39302 9.03946
"114" 2016 39649 5.352615
"115" 2016 41551 5.193875
"116" 2016 40739 5.092375
"117" 2016 42945 4.72395
"118" 2016 43681 4.586505
"119" 2016 42662 4.69282
"120" 2016 40829 4.287045
"121" 2016 40738 3.25904
"122" 2016 41934 3.77406
"123" 2016 39931 4.39241
"124" 2016 39448 5.32548
"125" 2016 39999 6.199845
"126" 2016 40826 6.32803
"127" 2016 43266 8.22054
"128" 2016 44743 11.18575
"129" 2016 47238 15.11616
"130" 2016 49671 20.36511
"131" 2016 50725 21.558125
"132" 2016 48769 19.751445
"133" 2016 48211 20.73073
"134" 2016 48552 21.36288
"135" 2016 47162 20.04385
"136" 2016 51012 19.89468
"137" 2016 50653 20.2612
"138" 2016 50667 23.560155
"139" 2016 52680 25.5498
"140" 2016 52531 26.2655
"141" 2016 53517 27.29367
"142" 2016 55705 30.359225
"143" 2016 57684 35.18724
"144" 2016 57230 35.4826
"145" 2016 57599 35.423385
"146" 2016 58065 40.06485
"147" 2016 59021 48.98743
"148" 2016 58781 52.31509
"149" 2016 57819 53.482575
"150" 2016 57215 61.506125
"151" 2016 56625 66.8175
"152" 2016 55800 70.029
"153" 2016 55488 77.96064
"154" 2016 55557 84.44664
"155" 2016 55377 91.92582
"156" 2016 55309 99.832745
"157" 2016 52567 108.550855
"158" 2016 54893 129.821945
"159" 2016 56155 147.68765
"160" 2016 57754 174.99462
"161" 2016 60209 208.32314
"162" 2016 60675 227.53125
"163" 2016 58177 242.01632
"164" 2016 58825 275.595125
"165" 2016 60227 312.879265
"166" 2016 61364 351.00208
"167" 2016 61716 394.05666
"168" 2016 61999 447.01279
"169" 2016 61157 480.999805
"170" 2016 60547 523.73155
"171" 2016 62776 591.34992
"172" 2016 62157 627.16413
"173" 2016 61498 692.46748
"174" 2016 58864 739.33184
"175" 2016 57400 793.555
"176" 2016 52680 796.785
"177" 2016 54523 873.731075
"178" 2016 52907 906.032375
"179" 2016 48676 909.99782
"180" 2016 47117 953.64808
"181" 2016 42539 919.905875
"182" 2016 32090 751.38735
"183" 2016 34527 888.72498
"184" 2016 37429 1051.7549
"185" 2016 40077 1234.571985
"186" 2016 36934 1276.43904
"187" 2016 37995 1462.617525
"188" 2016 36591 1554.934545
"189" 2016 35018 1669.13297
"190" 2016 34108 1824.94854
"191" 2016 32141 1930.38846
"192" 2016 29855 2023.87045
"193" 2016 27484 2097.16662
"194" 2016 25051 2186.075515
"195" 2016 22475 2215.248375
"196" 2016 19487 2143.76487
"197" 2016 16975.23 2102.12760705
"198" 2016 13628.93 1875.27262335
"199" 2016 11241.18 1728.331425
"200" 2016 8700.09 1493.93595435
"201" 2016 7445.2 1395.639966
"202" 2016 5679.43 1172.71710355
"203" 2016 4278.87 956.04931845
"204" 2016 3331.44 802.5105816
"205" 2016 2380.02 618.6742989
"206" 2016 1707.78 483.6945294
"207" 2016 1159.55 360.85775775
"208" 2016 712.36 238.0849592
"209" 2016 240.29 85.8532141
"210" 2016 144.1 54.785379
"211" 2016 99.43 40.04095815
"212" 2016 65.39 27.7665557
"213" 2016 65.16 29.046699
"214" 2016 42.21 19.6694379
"215" 2016 25.6 12.41984
"216" 2016 8 4.0252
"217" 2016 10 5.19935
"218" 2016 3 1.60641
"219" 2016 2 1.0995
"220" 2016 0 0
"221" 2016 0 0
"222" 2016 0 0
"223" 2017 37398 153.3318
"224" 2017 37136 8.54128
"225" 2017 39023 5.268105
"226" 2017 39266 4.90825
"227" 2017 41179 5.147375
"228" 2017 40376 4.44136
"229" 2017 42517 4.464285
"230" 2017 43222 4.75442
"231" 2017 42294 4.44087
"232" 2017 40515 3.2412
"233" 2017 40373 3.63357
"234" 2017 41570 4.5727
"235" 2017 39637 5.350995
"236" 2017 39221 6.079255
"237" 2017 39723 6.157065
"238" 2017 40573 7.70887
"239" 2017 43042 10.7605
"240" 2017 44535 14.2512
"241" 2017 47097 19.30977
"242" 2017 49534 21.05195
"243" 2017 50539 20.468295
"244" 2017 48449 20.83307
"245" 2017 47863 21.05972
"246" 2017 48145 20.461625
"247" 2017 46710 18.2169
"248" 2017 50448 20.1792
"249" 2017 49958 23.23047
"250" 2017 49921 24.211685
"251" 2017 51870 25.935
"252" 2017 51814 26.42514
"253" 2017 52790 28.77055
"254" 2017 54875 33.47375
"255" 2017 56986 35.33132
"256" 2017 56566 34.78809
"257" 2017 56992 39.32448
"258" 2017 57524 47.74492
"259" 2017 58507 52.07123
"260" 2017 58236 53.8683
"261" 2017 57280 61.576
"262" 2017 56642 66.83756
"263" 2017 56070 70.36785
"264" 2017 55247 77.622035
"265" 2017 55027 83.64104
"266" 2017 55102 91.46932
"267" 2017 54917 99.125185
"268" 2017 54789 113.139285
"269" 2017 52097 123.209405
"270" 2017 54449 143.20087
"271" 2017 55689 168.73767
"272" 2017 57303 198.26838
"273" 2017 59705 223.89375
"274" 2017 60182 250.35712
"275" 2017 57698 270.31513
"276" 2017 58347 303.112665
"277" 2017 59794 342.02168
"278" 2017 60850 388.52725
"279" 2017 61233 441.48993
"280" 2017 61482 483.55593
"281" 2017 60608 524.2592
"282" 2017 59953 564.75726
"283" 2017 62114 626.73026
"284" 2017 61508 692.58008
"285" 2017 60743 762.93208
"286" 2017 58110 803.37075
"287" 2017 56588 855.8935
"288" 2017 51881 831.393025
"289" 2017 53624 918.311
"290" 2017 51979 971.747405
"291" 2017 47761 966.68264
"292" 2017 46090 996.69625
"293" 2017 41562 973.17423
"294" 2017 31307 805.84218
"295" 2017 33563 943.1203
"296" 2017 36329 1119.114845
"297" 2017 38831 1341.99936
"298" 2017 35720 1375.0414
"299" 2017 36521 1551.959895
"300" 2017 35038 1670.08627
"301" 2017 33338 1783.74969
"302" 2017 32294 1939.57764
"303" 2017 30213 2048.13927
"304" 2017 27824 2123.11032
"305" 2017 25363 2213.302195
"306" 2017 22809 2248.169085
"307" 2017 20204 2222.64204
"308" 2017 17356 2149.28026
"309" 2017 14840.23 2041.94144685
"310" 2017 11754.93 1807.3204875
"311" 2017 9475.18 1627.0305337
"312" 2017 7297.09 1367.87600595
"313" 2017 6081.2 1255.676582
"314" 2017 4544.43 1015.38471705
"315" 2017 3386.87 815.8631143
"316" 2017 2540.44 660.3746758
"317" 2017 1801.02 510.1028946
"318" 2017 1227.78 382.0912749
"319" 2017 827.55 276.583761
"320" 2017 499.36 178.4163344
"321" 2017 162.29 61.7010351
"322" 2017 100.1 40.3107705
"323" 2017 55.43 23.5372409
"324" 2017 42.39 18.89640225
"325" 2017 34.16 15.9182184
"326" 2017 22.21 10.7751815
"327" 2017 12.6 6.33969
"328" 2017 3 1.559805
"329" 2017 5 2.67735
"330" 2017 2 1.0995
"331" 2017 1 0.562795
"332" 2017 0 0
"333" 2017 0 0
"334" 2018 36470 149.527
"335" 2018 37265 8.57095
"336" 2018 36828 4.97178
"337" 2018 38575 4.821875
"338" 2018 38793 4.849125
"339" 2018 40721 4.47931
"340" 2018 39868 4.18614
"341" 2018 41994 4.61934
"342" 2018 42706 4.48413
"343" 2018 41838 3.34704
"344" 2018 40081 3.60729
"345" 2018 39958 4.39538
"346" 2018 41140 5.5539
"347" 2018 39253 6.084215
"348" 2018 38903 6.029965
"349" 2018 39374 7.48106
"350" 2018 40287 10.07175
"351" 2018 42771 13.68672
"352" 2018 44311 18.16751
"353" 2018 46840 19.907
"354" 2018 49166 19.91223
"355" 2018 50096 21.54128
"356" 2018 47901 21.07644
"357" 2018 47270 20.08975
"358" 2018 47561 18.54879
"359" 2018 45954 18.3816
"360" 2018 49498 23.01657
"361" 2018 49006 23.76791
"362" 2018 48915 24.4575
"363" 2018 50838 25.92738
"364" 2018 50941 27.762845
"365" 2018 51821 31.61081
"366" 2018 53928 33.43536
"367" 2018 56050 34.47075
"368" 2018 55655 38.40195
"369" 2018 56133 46.59039
"370" 2018 56749 50.50661
"371" 2018 57655 53.330875
"372" 2018 57416 61.7222
"373" 2018 56483 66.64994
"374" 2018 55880 70.1294
"375" 2018 55356 77.77518
"376" 2018 54600 82.992
"377" 2018 54393 90.29238
"378" 2018 54535 98.435675
"379" 2018 54316 112.16254
"380" 2018 54157 128.081305
"381" 2018 51526 135.51338
"382" 2018 53800 163.014
"383" 2018 55028 190.39688
"384" 2018 56639 212.39625
"385" 2018 59041 245.61056
"386" 2018 59556 279.01986
"387" 2018 57096 296.61372
"388" 2018 57817 330.71324
"389" 2018 59159 377.730215
"390" 2018 60282 434.63322
"391" 2018 60584 476.49316
"392" 2018 60852 526.3698
"393" 2018 59985 565.0587
"394" 2018 59272 598.05448
"395" 2018 61349 690.78974
"396" 2018 60769 763.25864
"397" 2018 59866 827.64745
"398" 2018 57262 866.08775
"399" 2018 55676 892.2079
"400" 2018 50940 872.3475
"401" 2018 52631 983.936545
"402" 2018 50928 1030.78272
"403" 2018 46717 1010.255125
"404" 2018 45022 1054.19013
"405" 2018 40534 1043.34516
"406" 2018 30433 855.1673
"407" 2018 32589 1003.904145
"408" 2018 35100 1213.056
"409" 2018 37495 1443.370025
"410" 2018 34267 1456.176165
"411" 2018 34921 1664.509465
"412" 2018 33315 1782.519075
"413" 2018 31526 1893.45156
"414" 2018 30294 2053.63026
"415" 2018 28060 2141.1183
"416" 2018 25668 2239.91802
"417" 2018 23126 2279.41419
"418" 2018 20515 2256.85515
"419" 2018 17942 2221.84757
"420" 2018 15252 2098.59894
"421" 2018 12804.09 1968.6288375
"422" 2018 9875.81 1695.82471415
"423" 2018 7804.07 1462.91194185
"424" 2018 5885.01 1215.16628985
"425" 2018 4815.13 1075.86857155
"426" 2018 3525.38 849.2287882
"427" 2018 2592.83 673.99319435
"428" 2018 1896.41 537.1202043
"429" 2018 1280 398.3424
"430" 2018 842.76 281.6672472
"431" 2018 547.54 195.6305666
"432" 2018 315.35 119.8929165
"433" 2018 109.28 44.0076024
"434" 2018 64.1 27.218783
"435" 2018 37.43 16.68535825
"436" 2018 22.39 10.4335161
"437" 2018 18.16 8.810324
"438" 2018 7.21 3.6277115
"439" 2018 4.6 2.391701
"440" 2018 0 0
"441" 2018 4 2.199
"442" 2018 0 0
"443" 2018 1 0.784505
"444" 2018 0 0
"445" 2019 36819 150.9579
"446" 2019 36407 8.37361
"447" 2019 37049 5.001615
"448" 2019 36563 4.570375
"449" 2019 38289 4.786125
"450" 2019 38432 4.22752
"451" 2019 40333 4.234965
"452" 2019 39478 4.34258
"453" 2019 41614 4.36947
"454" 2019 42337 3.38696
"455" 2019 41454 3.73086
"456" 2019 39729 4.37019
"457" 2019 39583 5.343705
"458" 2019 40786 6.32183
"459" 2019 38913 6.031515
"460" 2019 38573 7.32887
"461" 2019 39070 9.7675
"462" 2019 40069 12.82208
"463" 2019 42559 17.44919
"464" 2019 44178 18.77565
"465" 2019 46671 18.901755
"466" 2019 48951 21.04893
"467" 2019 50043 22.01892
"468" 2019 47775 20.304375
"469" 2019 47135 18.38265
"470" 2019 47291 18.9164
"471" 2019 45761 21.278865
"472" 2019 49157 23.841145
"473" 2019 48633 24.3165
"474" 2019 48571 24.77121
"475" 2019 50497 27.520865
"476" 2019 50622 30.87942
"477" 2019 51509 31.93558
"478" 2019 53650 32.99475
"479" 2019 55749 38.46681
"480" 2019 55320 45.9156
"481" 2019 55834 49.69226
"482" 2019 56429 52.196825
"483" 2019 57360 61.662
"484" 2019 57088 67.36384
"485" 2019 56145 70.461975
"486" 2019 55629 78.158745
"487" 2019 55042 83.66384
"488" 2019 54410 90.3206
"489" 2019 54157 97.753385
"490" 2019 54229 111.982885
"491" 2019 54030 127.78095
"492" 2019 53833 141.58079
"493" 2019 51226 155.21478
"494" 2019 53453 184.94738
"495" 2019 54621 204.82875
"496" 2019 56331 234.33696
"497" 2019 58584 274.46604
"498" 2019 59134 307.20113
"499" 2019 56654 324.06088
"500" 2019 57390 366.43515
"501" 2019 58722 423.38562
"502" 2019 59772 470.10678
"503" 2019 60032 519.2768
"504" 2019 60314 568.15788
"505" 2019 59382 599.16438
"506" 2019 58630 660.1738
"507" 2019 60637 761.60072
"508" 2019 60016 829.7212
"509" 2019 58993 892.269125
"510" 2019 56467 904.883675
"511" 2019 54805 938.535625
"512" 2019 50056 935.79692
"513" 2019 51642 1045.23408
"514" 2019 49809 1077.119625
"515" 2019 45694 1069.92501
"516" 2019 44002 1132.61148
"517" 2019 39495 1109.8095
"518" 2019 29567 910.811435
"519" 2019 31589 1091.71584
"520" 2019 33924 1305.90438
"521" 2019 36124 1535.08938
"522" 2019 32856 1566.08124
"523" 2019 33346 1784.17773
"524" 2019 31590 1897.2954
"525" 2019 29630 2008.6177
"526" 2019 28316 2160.65238
"527" 2019 26057 2273.864105
"528" 2019 23464 2312.72916
"529" 2019 20908 2300.08908
"530" 2019 18328 2269.64788
"531" 2019 15717 2162.580615
"532" 2019 13220 2032.575
"533" 2019 10874.99 1867.39890785
"534" 2019 8215.73 1540.07966715
"535" 2019 6383.01 1317.99581985
"536" 2019 4652.95 1039.63188325
"537" 2019 3703.08 892.0349412
"538" 2019 2652.35 689.46512075
"539" 2019 1910.8 541.195884
"540" 2019 1385.4 431.143407
"541" 2019 893.98 298.7859956
"542" 2019 580.75 207.4961675
"543" 2019 379.53 144.2935107
"544" 2019 207.35 83.50088175
"545" 2019 68.28 28.9937364
"546" 2019 45.1 20.1044525
"547" 2019 23.43 10.9181457
"548" 2019 11.39 5.5258585
"549" 2019 10.16 5.112004
"550" 2019 3.21 1.66899135
"551" 2019 1.6 0.856752
"552" 2019 0 0
"553" 2019 2 1.12559
"554" 2019 0 0
"555" 2019 0 0
"556" 2020 36073 147.8993
"557" 2020 36782 8.45986
"558" 2020 36296 4.89996
"559" 2020 36893 4.611625
"560" 2020 36364 4.5455
"561" 2020 38020 4.1822
"562" 2020 38142 4.00491
"563" 2020 39994 4.39934
"564" 2020 39200 4.116
"565" 2020 41318 3.30544
"566" 2020 42042 3.78378
"567" 2020 41126 4.52386
"568" 2020 39444 5.32494
"569" 2020 39271 6.087005
"570" 2020 40506 6.27843
"571" 2020 38654 7.34426
"572" 2020 38325 9.58125
"573" 2020 38875 12.44
"574" 2020 39993 16.39713
"575" 2020 42729 18.159825
"576" 2020 44238 17.91639
"577" 2020 46727 20.09261
"578" 2020 49054 21.58376
"579" 2020 50322 21.38685
"580" 2020 48045 18.73755
"581" 2020 47241 18.8964
"582" 2020 47385 22.034025
"583" 2020 45868 22.24598
"584" 2020 49283 24.6415
"585" 2020 48680 24.8268
"586" 2020 48641 26.509345
"587" 2020 50590 30.8599
"588" 2020 50781 31.48422
"589" 2020 51579 31.721085
"590" 2020 53749 37.08681
"591" 2020 55802 46.31566
"592" 2020 55405 49.31045
"593" 2020 55917 51.723225
"594" 2020 56462 60.69665
"595" 2020 57289 67.60102
"596" 2020 57077 71.631635
"597" 2020 56057 78.760085
"598" 2020 55504 84.36608
"599" 2020 54960 91.2336
"600" 2020 54302 98.01511
"601" 2020 54150 111.81975
"602" 2020 54049 127.825885
"603" 2020 53925 141.82275
"604" 2020 53668 162.61404
"605" 2020 51114 176.85444
"606" 2020 53243 199.66125
"607" 2020 54428 226.42048
"608" 2020 56021 262.458385
"609" 2020 58171 302.198345
"610" 2020 58750 336.05
"611" 2020 56344 359.75644
"612" 2020 56962 410.69602
"613" 2020 58243 458.081195
"614" 2020 59228 512.3222
"615" 2020 59509 560.57478
"616" 2020 59698 602.35282
"617" 2020 58809 662.18934
"618" 2020 57973 728.14088
"619" 2020 59924 828.4493
"620" 2020 59167 894.900875
"621" 2020 58187 932.446675
"622" 2020 55593 952.030125
"623" 2020 53867 1007.043565
"624" 2020 49071 993.19704
"625" 2020 50602 1094.26825
"626" 2020 48666 1139.51439
"627" 2020 44527 1146.12498
"628" 2020 42948 1206.8388
"629" 2020 38364 1181.80302
"630" 2020 28681 991.21536
"631" 2020 30533 1175.367835
"632" 2020 32681 1388.779095
"633" 2020 34681 1653.069865
"634" 2020 31348 1677.27474
"635" 2020 31727 1905.52362
"636" 2020 29823 2021.70117
"637" 2020 27810 2122.04205
"638" 2020 26256 2291.22984
"639" 2020 23869 2352.647985
"640" 2020 21340 2347.6134
"641" 2020 18723 2318.562705
"642" 2020 16297 2242.385715
"643" 2020 13673 2102.22375
"644" 2020 11318 1943.47037
"645" 2020 9032.94 1693.2697677
"646" 2020 6710.69 1385.65682465
"647" 2020 5139.98 1148.4514313
"648" 2020 3636.93 876.1000677
"649" 2020 2839.07 738.00205115
"650" 2020 1980.34 560.8916982
"651" 2020 1355.8 421.931739
"652" 2020 975.39 325.9948458
"653" 2020 625.98 223.6563942
"654" 2020 412.75 156.9234225
"655" 2020 240.53 96.86263365
"656" 2020 145.35 61.7199705
"657" 2020 40.28 17.955817
"658" 2020 27.1 12.628329
"659" 2020 15.43 7.4858645
"660" 2020 6.39 3.2151285
"661" 2020 6.16 3.2027996
"662" 2020 2.21 1.1833887
"663" 2020 0.6 0.32985
"664" 2020 0 0
"665" 2020 1 0.784505
"666" 2020 0 0
"667" 2021 35816 146.8456
"668" 2021 36132 8.31036
"669" 2021 36684 4.95234
"670" 2021 36158 4.51975
"671" 2021 36760 4.595
"672" 2021 36191 3.98101
"673" 2021 37879 3.977295
"674" 2021 38006 4.18066
"675" 2021 39836 4.18278
"676" 2021 39080 3.1264
"677" 2021 41144 3.70296
"678" 2021 41847 4.60317
"679" 2021 40951 5.528385
"680" 2021 39287 6.089485
"681" 2021 39116 6.06298
"682" 2021 40309 7.65871
"683" 2021 38469 9.61725
"684" 2021 38184 12.21888
"685" 2021 38817 15.91497
"686" 2021 40061 17.025925
"687" 2021 42744 17.31132
"688" 2021 44163 18.99009
"689" 2021 46712 20.55328
"690" 2021 49007 20.827975
"691" 2021 50375 19.64625
"692" 2021 48219 19.2876
"693" 2021 47221 21.957765
"694" 2021 47485 23.030225
"695" 2021 45920 22.96
"696" 2021 49303 25.14453
"697" 2021 48736 26.56112
"698" 2021 48692 29.70212
"699" 2021 50587 31.36394
"700" 2021 50855 31.275825
"701" 2021 51644 35.63436
"702" 2021 53757 44.61831
"703" 2021 55861 49.71629
"704" 2021 55455 51.295875
"705" 2021 55876 60.0667
"706" 2021 56456 66.61808
"707" 2021 57227 71.819885
"708" 2021 57017 80.108885
"709" 2021 55953 85.04856
"710" 2021 55486 92.10676
"711" 2021 54901 99.096305
"712" 2021 54196 111.91474
"713" 2021 54061 127.854265
"714" 2021 53937 141.85431
"715" 2021 53647 162.55041
"716" 2021 53515 185.1619
"717" 2021 50914 190.9275
"718" 2021 53044 220.66304
"719" 2021 54180 253.8333
"720" 2021 55701 289.366695
"721" 2021 57813 330.69036
"722" 2021 58384 372.78184
"723" 2021 56005 403.79605
"724" 2021 56521 444.537665
"725" 2021 57801 499.97865
"726" 2021 58762 553.53804
"727" 2021 58957 594.87613
"728" 2021 59094 665.39844
"729" 2021 58123 730.02488
"730" 2021 57363 793.043475
"731" 2021 59111 894.053875
"732" 2021 58362 935.25105
"733" 2021 57238 980.20075
"734" 2021 54553 1019.868335
"735" 2021 52844 1069.56256
"736" 2021 48074 1039.60025
"737" 2021 49453 1157.941995
"738" 2021 47462 1221.67188
"739" 2021 43338 1217.7978
"740" 2021 41544 1279.76292
"741" 2021 37132 1283.28192
"742" 2021 27615 1063.039425
"743" 2021 29270 1243.82865
"744" 2021 31160 1485.2414
"745" 2021 32919 1761.331095
"746" 2021 29571 1776.03426
"747" 2021 29830 2022.1757
"748" 2021 27754 2117.76897
"749" 2021 25633 2236.863745
"750" 2021 23952 2360.82888
"751" 2021 21530 2368.5153
"752" 2021 19024 2355.83704
"753" 2021 16429 2260.548255
"754" 2021 14015 2154.80625
"755" 2021 11596 1991.20714
"756" 2021 9354 1753.45407
"757" 2021 7213.92 1489.5662712
"758" 2021 5267.67 1176.98184645
"759" 2021 3917.96 943.7973844
"760" 2021 2716.92 706.2497694
"761" 2021 2101.06 595.0832238
"762" 2021 1425.33 443.56982265
"763" 2021 950.79 317.7730338
"764" 2021 646.39 230.9486831
"765" 2021 411.98 156.6306762
"766" 2021 260.75 105.00532875
"767" 2021 154.53 65.6180739
"768" 2021 80.35 35.81802125
"769" 2021 22.28 10.3822572
"770" 2021 11.1 5.385165
"771" 2021 5.43 2.7321045
"772" 2021 3.39 1.76257965
"773" 2021 2.16 1.1566152
"774" 2021 2.21 1.2149475
"775" 2021 0.6 0.337677
"776" 2021 0 0
"777" 2021 0 0
