"year" "population" "expected"
"1" 2015 39425 154.15175
"2" 2015 39849 6.973575
"3" 2015 41748 5.2185
"4" 2015 40962 2.86734
"5" 2015 43177 2.806505
"6" 2015 43927 3.294525
"7" 2015 42925 2.790125
"8" 2015 41086 2.0543
"9" 2015 40985 1.844325
"10" 2015 42199 1.476965
"11" 2015 40172 5.42322
"12" 2015 39704 6.35264
"13" 2015 40246 4.62829
"14" 2015 41107 6.782655
"15" 2015 43538 5.00687
"16" 2015 45003 7.20048
"17" 2015 47423 15.17536
"18" 2015 49881 20.201805
"19" 2015 50778 27.9279
"20" 2015 48871 22.725015
"21" 2015 48370 14.0273
"22" 2015 48756 16.33326
"23" 2015 47360 18.7072
"24" 2015 51225 24.588
"25" 2015 50879 22.641155
"26" 2015 50955 19.87245
"27" 2015 52988 28.87846
"28" 2015 52896 29.35728
"29" 2015 53888 26.944
"30" 2015 56090 29.1668
"31" 2015 58085 31.656325
"32" 2015 57591 31.09914
"33" 2015 57947 29.263235
"34" 2015 58399 35.331395
"35" 2015 59380 44.8319
"36" 2015 59202 54.16983
"37" 2015 58281 52.744305
"38" 2015 57685 55.666025
"39" 2015 57062 66.76254
"40" 2015 56328 71.25492
"41" 2015 55956 75.82038
"42" 2015 56020 82.6295
"43" 2015 55850 90.477
"44" 2015 55793 94.011205
"45" 2015 53033 84.587635
"46" 2015 55361 107.123535
"47" 2015 56687 134.91506
"48" 2015 58304 148.6752
"49" 2015 60745 176.464225
"50" 2015 61283 197.637675
"51" 2015 58747 194.158835
"52" 2015 59347 224.33166
"53" 2015 60780 270.7749
"54" 2015 61991 300.966305
"55" 2015 62320 337.4628
"56" 2015 62655 393.786675
"57" 2015 61821 446.656725
"58" 2015 61204 472.49488
"59" 2015 63547 521.72087
"60" 2015 62979 566.811
"61" 2015 62310 581.04075
"62" 2015 59740 611.1402
"63" 2015 58356 692.39394
"64" 2015 53490 713.5566
"65" 2015 55477 792.76633
"66" 2015 53939 819.603105
"67" 2015 49636 835.37388
"68" 2015 48048 882.64176
"69" 2015 43536 859.18296
"70" 2015 32891 711.925695
"71" 2015 35439 816.337365
"72" 2015 38520 957.4146
"73" 2015 41354 1116.76477
"74" 2015 38222 1121.8157
"75" 2015 39464 1310.2048
"76" 2015 38198 1398.81076
"77" 2015 36722 1482.46714
"78" 2015 35976 1626.83472
"79" 2015 34118 1697.71168
"80" 2015 31920 1752.0888
"81" 2015 29657 1868.391
"82" 2015 27235 1985.15915
"83" 2015 24794 2040.29826
"84" 2015 21782 2019.08249
"85" 2015 19252.23 1994.81981145
"86" 2015 15744.93 1802.08596315
"87" 2015 13095.18 1690.4567862
"88" 2015 10415.09 1529.71634375
"89" 2015 9094.2 1520.186472
"90" 2015 7077.43 1283.845802
"91" 2015 5484.87 1075.82982615
"92" 2015 4287.44 947.9101096
"93" 2015 3221.02 757.3101173
"94" 2015 2317.78 579.9780894
"95" 2015 1638.55 456.01665775
"96" 2015 1015.36 308.4359072
"97" 2015 351.29 114.9104719
"98" 2015 225.1 78.915558
"99" 2015 148.43 55.50465635
"100" 2015 111.39 44.2196022
"101" 2015 122.16 51.2418444
"102" 2015 85.21 37.5937999
"103" 2015 43.6 20.142546
"104" 2015 18 8.67078
"105" 2015 18 9.00459
"106" 2015 8 4.1404
"107" 2015 2 1.06711
"108" 2015 0 0
"109" 2015 0 0
"110" 2015 0 0
"111" 2015 0 0
"112" 2016 37238 145.60058
"113" 2016 39302 6.87785
"114" 2016 39649 4.956125
"115" 2016 41551 2.90857
"116" 2016 40739 2.648035
"117" 2016 42945 3.220875
"118" 2016 43681 2.839265
"119" 2016 42662 2.1331
"120" 2016 40829 1.837305
"121" 2016 40738 1.42583
"122" 2016 41934 5.66109
"123" 2016 39931 6.38896
"124" 2016 39448 4.53652
"125" 2016 39999 6.599835
"126" 2016 40826 4.69499
"127" 2016 43266 6.92256
"128" 2016 44743 14.31776
"129" 2016 47238 19.13139
"130" 2016 49671 27.31905
"131" 2016 50725 23.587125
"132" 2016 48769 14.14301
"133" 2016 48211 16.150685
"134" 2016 48552 19.17804
"135" 2016 47162 22.63776
"136" 2016 51012 22.70034
"137" 2016 50653 19.75467
"138" 2016 50667 27.613515
"139" 2016 52680 29.2374
"140" 2016 52531 26.2655
"141" 2016 53517 27.82884
"142" 2016 55705 30.359225
"143" 2016 57684 31.14936
"144" 2016 57230 28.90115
"145" 2016 57599 34.847395
"146" 2016 58065 43.839075
"147" 2016 59021 54.004215
"148" 2016 58781 53.196805
"149" 2016 57819 55.795335
"150" 2016 57215 66.94155
"151" 2016 56625 71.630625
"152" 2016 55800 75.609
"153" 2016 55488 81.8448
"154" 2016 55557 90.00234
"155" 2016 55377 93.310245
"156" 2016 55309 88.217855
"157" 2016 52567 101.717145
"158" 2016 54893 130.64534
"159" 2016 56155 143.19525
"160" 2016 57754 167.77537
"161" 2016 60209 194.174025
"162" 2016 60675 200.530875
"163" 2016 58177 219.90906
"164" 2016 58825 262.065375
"165" 2016 60227 292.402085
"166" 2016 61364 332.28606
"167" 2016 61716 387.88506
"168" 2016 61999 447.942775
"169" 2016 61157 472.13204
"170" 2016 60547 497.09087
"171" 2016 62776 564.984
"172" 2016 62157 579.614025
"173" 2016 61498 629.12454
"174" 2016 58864 698.42136
"175" 2016 57400 765.716
"176" 2016 52680 752.7972
"177" 2016 54523 828.476985
"178" 2016 52907 890.42481
"179" 2016 48676 894.17812
"180" 2016 47117 929.853995
"181" 2016 42539 920.756655
"182" 2016 32090 739.19315
"183" 2016 34527 858.168585
"184" 2016 37429 1010.770145
"185" 2016 40077 1176.25995
"186" 2016 36934 1226.2088
"187" 2016 37995 1391.3769
"188" 2016 36591 1477.17867
"189" 2016 35018 1583.51396
"190" 2016 34108 1697.21408
"191" 2016 32141 1764.21949
"192" 2016 29855 1880.865
"193" 2016 27484 2003.30876
"194" 2016 25051 2061.44679
"195" 2016 22475 2083.320125
"196" 2016 19487 2019.145505
"197" 2016 16975.23 1942.89994965
"198" 2016 13628.93 1759.3585737
"199" 2016 11241.18 1651.0483125
"200" 2016 8700.09 1454.3070444
"201" 2016 7445.2 1350.55928
"202" 2016 5679.43 1113.99179735
"203" 2016 4278.87 946.0153683
"204" 2016 3331.44 783.2715156
"205" 2016 2380.02 595.5524046
"206" 2016 1707.78 475.2837129
"207" 2016 1159.55 352.2365035
"208" 2016 712.36 233.0200796
"209" 2016 240.29 84.2408682
"210" 2016 144.1 53.8854745
"211" 2016 99.43 39.4717214
"212" 2016 65.39 27.42881635
"213" 2016 65.16 28.7479404
"214" 2016 42.21 19.50038685
"215" 2016 25.6 12.331776
"216" 2016 8 4.00204
"217" 2016 10 5.1755
"218" 2016 3 1.600665
"219" 2016 2 1.09651
"220" 2016 0 0
"221" 2016 0 0
"222" 2016 0 0
"223" 2017 37398 146.22618
"224" 2017 37136 6.4988
"225" 2017 39023 4.877875
"226" 2017 39266 2.74862
"227" 2017 41179 2.676635
"228" 2017 40376 3.0282
"229" 2017 42517 2.763605
"230" 2017 43222 2.1611
"231" 2017 42294 1.90323
"232" 2017 40515 1.418025
"233" 2017 40373 5.450355
"234" 2017 41570 6.6512
"235" 2017 39637 4.558255
"236" 2017 39221 6.471465
"237" 2017 39723 4.568145
"238" 2017 40573 6.49168
"239" 2017 43042 13.77344
"240" 2017 44535 18.036675
"241" 2017 47097 25.90335
"242" 2017 49534 23.03331
"243" 2017 50539 14.65631
"244" 2017 48449 16.230415
"245" 2017 47863 18.905885
"246" 2017 48145 23.1096
"247" 2017 46710 20.78595
"248" 2017 50448 19.67472
"249" 2017 49958 27.22711
"250" 2017 49921 27.706155
"251" 2017 51870 25.935
"252" 2017 51814 26.94328
"253" 2017 52790 28.77055
"254" 2017 54875 29.6325
"255" 2017 56986 28.77793
"256" 2017 56566 34.22243
"257" 2017 56992 43.02896
"258" 2017 57524 52.63446
"259" 2017 58507 52.948835
"260" 2017 58236 56.19774
"261" 2017 57280 67.0176
"262" 2017 56642 71.65213
"263" 2017 56070 75.97485
"264" 2017 55247 81.489325
"265" 2017 55027 89.14374
"266" 2017 55102 92.84687
"267" 2017 54917 87.592615
"268" 2017 54789 106.016715
"269" 2017 52097 123.99086
"270" 2017 54449 138.84495
"271" 2017 55689 161.776545
"272" 2017 57303 184.802175
"273" 2017 59705 197.325025
"274" 2017 60182 227.48796
"275" 2017 57698 257.04459
"276" 2017 58347 283.274685
"277" 2017 59794 323.78451
"278" 2017 60850 382.44225
"279" 2017 61233 442.408425
"280" 2017 61482 474.64104
"281" 2017 60608 497.59168
"282" 2017 59953 539.577
"283" 2017 62114 579.21305
"284" 2017 61508 629.22684
"285" 2017 60743 720.715695
"286" 2017 58110 775.1874
"287" 2017 56588 808.64252
"288" 2017 51881 788.331795
"289" 2017 53624 902.49192
"290" 2017 51979 954.85423
"291" 2017 47761 942.563335
"292" 2017 46090 997.61805
"293" 2017 41562 957.38067
"294" 2017 31307 778.135485
"295" 2017 33563 906.368815
"296" 2017 36329 1066.25615
"297" 2017 38831 1289.1892
"298" 2017 35720 1308.0664
"299" 2017 36521 1474.35277
"300" 2017 35038 1584.41836
"301" 2017 33338 1658.89888
"302" 2017 32294 1772.61766
"303" 2017 30213 1903.419
"304" 2017 27824 2028.09136
"305" 2017 25363 2087.12127
"306" 2017 22809 2114.280255
"307" 2017 20204 2093.43746
"308" 2017 17356 1986.48098
"309" 2017 14840.23 1915.7252907
"310" 2017 11754.93 1726.50534375
"311" 2017 9475.18 1583.8710888
"312" 2017 7297.09 1323.692126
"313" 2017 6081.2 1192.796974
"314" 2017 4544.43 1004.7280287
"315" 2017 3386.87 796.30394005
"316" 2017 2540.44 635.6943012
"317" 2017 1801.02 501.2328711
"318" 2017 1227.78 372.9627306
"319" 2017 827.55 270.6998805
"320" 2017 499.36 175.0656288
"321" 2017 162.29 60.68753405
"322" 2017 100.1 39.737698
"323" 2017 55.43 23.25094495
"324" 2017 42.39 18.7020441
"325" 2017 34.16 15.7814076
"326" 2017 22.21 10.6987791
"327" 2017 12.6 6.303213
"328" 2017 3 1.55265
"329" 2017 5 2.667775
"330" 2017 2 1.09651
"331" 2017 1 0.56167
"332" 2017 0 0
"333" 2017 0 0
"334" 2018 36470 142.5977
"335" 2018 37265 6.521375
"336" 2018 36828 4.6035
"337" 2018 38575 2.70025
"338" 2018 38793 2.521545
"339" 2018 40721 3.054075
"340" 2018 39868 2.59142
"341" 2018 41994 2.0997
"342" 2018 42706 1.92177
"343" 2018 41838 1.46433
"344" 2018 40081 5.410935
"345" 2018 39958 6.39328
"346" 2018 41140 4.7311
"347" 2018 39253 6.476745
"348" 2018 38903 4.473845
"349" 2018 39374 6.29984
"350" 2018 40287 12.89184
"351" 2018 42771 17.322255
"352" 2018 44311 24.37105
"353" 2018 46840 21.7806
"354" 2018 49166 14.25814
"355" 2018 50096 16.78216
"356" 2018 47901 18.920895
"357" 2018 47270 22.6896
"358" 2018 47561 21.164645
"359" 2018 45954 17.92206
"360" 2018 49498 26.97641
"361" 2018 49006 27.19833
"362" 2018 48915 24.4575
"363" 2018 50838 26.43576
"364" 2018 50941 27.762845
"365" 2018 51821 27.98334
"366" 2018 53928 27.23364
"367" 2018 56050 33.91025
"368" 2018 55655 42.019525
"369" 2018 56133 51.361695
"370" 2018 56749 51.357845
"371" 2018 57655 55.637075
"372" 2018 57416 67.17672
"373" 2018 56483 71.450995
"374" 2018 55880 75.7174
"375" 2018 55356 81.6501
"376" 2018 54600 88.452
"377" 2018 54393 91.652205
"378" 2018 54535 86.983325
"379" 2018 54316 105.10146
"380" 2018 54157 128.89366
"381" 2018 51526 131.3913
"382" 2018 53800 156.289
"383" 2018 55028 177.4653
"384" 2018 56639 187.191895
"385" 2018 59041 223.17498
"386" 2018 59556 265.32198
"387" 2018 57096 277.20108
"388" 2018 57817 313.079055
"389" 2018 59159 371.814315
"390" 2018 60282 435.53745
"391" 2018 60584 467.70848
"392" 2018 60852 499.59492
"393" 2018 59985 539.865
"394" 2018 59272 552.7114
"395" 2018 61349 627.60027
"396" 2018 60769 721.024185
"397" 2018 59866 798.61244
"398" 2018 57262 818.27398
"399" 2018 55676 845.99682
"400" 2018 50940 857.3202
"401" 2018 52631 966.83147
"402" 2018 50928 1005.06408
"403" 2018 46717 1011.189465
"404" 2018 45022 1037.08177
"405" 2018 40534 1007.47257
"406" 2018 30433 821.843165
"407" 2018 32589 956.48715
"408" 2018 35100 1165.32
"409" 2018 37495 1373.0669
"410" 2018 34267 1383.35879
"411" 2018 34921 1579.12762
"412" 2018 33315 1657.7544
"413" 2018 31526 1730.46214
"414" 2018 30294 1908.522
"415" 2018 28060 2045.2934
"416" 2018 25668 2112.21972
"417" 2018 23126 2143.66457
"418" 2018 20515 2125.661725
"419" 2018 17942 2053.55161
"420" 2018 15252 1968.88068
"421" 2018 12804.09 1880.60071875
"422" 2018 9875.81 1650.8403996
"423" 2018 7804.07 1415.658298
"424" 2018 5885.01 1154.31528645
"425" 2018 4815.13 1064.5770917
"426" 2018 3525.38 828.8697187
"427" 2018 2592.83 648.8038509
"428" 2018 1896.41 527.78038505
"429" 2018 1280 388.8256
"430" 2018 842.76 275.6752236
"431" 2018 547.54 191.9565732
"432" 2018 315.35 117.92355575
"433" 2018 109.28 43.3819744
"434" 2018 64.1 26.8877065
"435" 2018 37.43 16.5137417
"436" 2018 22.39 10.34384415
"437" 2018 18.16 8.7478536
"438" 2018 7.21 3.60683855
"439" 2018 4.6 2.38073
"440" 2018 0 0
"441" 2018 4 2.19302
"442" 2018 0 0
"443" 2018 1 0.78403
"444" 2018 0 0
"445" 2019 36819 143.96229
"446" 2019 36407 6.371225
"447" 2019 37049 4.631125
"448" 2019 36563 2.55941
"449" 2019 38289 2.488785
"450" 2019 38432 2.8824
"451" 2019 40333 2.621645
"452" 2019 39478 1.9739
"453" 2019 41614 1.87263
"454" 2019 42337 1.481795
"455" 2019 41454 5.59629
"456" 2019 39729 6.35664
"457" 2019 39583 4.552045
"458" 2019 40786 6.72969
"459" 2019 38913 4.474995
"460" 2019 38573 6.17168
"461" 2019 39070 12.5024
"462" 2019 40069 16.227945
"463" 2019 42559 23.40745
"464" 2019 44178 20.54277
"465" 2019 46671 13.53459
"466" 2019 48951 16.398585
"467" 2019 50043 19.766985
"468" 2019 47775 22.932
"469" 2019 47135 20.975075
"470" 2019 47291 18.44349
"471" 2019 45761 24.939745
"472" 2019 49157 27.282135
"473" 2019 48633 24.3165
"474" 2019 48571 25.25692
"475" 2019 50497 27.520865
"476" 2019 50622 27.33588
"477" 2019 51509 26.012045
"478" 2019 53650 32.45825
"479" 2019 55749 42.090495
"480" 2019 55320 50.6178
"481" 2019 55834 50.52977
"482" 2019 56429 54.453985
"483" 2019 57360 67.1112
"484" 2019 57088 72.21632
"485" 2019 56145 76.076475
"486" 2019 55629 82.052775
"487" 2019 55042 89.16804
"488" 2019 54410 91.68085
"489" 2019 54157 86.380415
"490" 2019 54229 104.933115
"491" 2019 54030 128.5914
"492" 2019 53833 137.27415
"493" 2019 51226 148.81153
"494" 2019 53453 172.385925
"495" 2019 54621 180.522405
"496" 2019 56331 212.93118
"497" 2019 58584 260.99172
"498" 2019 59134 287.09557
"499" 2019 56654 306.78141
"500" 2019 57390 360.69615
"501" 2019 58722 424.26645
"502" 2019 59772 461.43984
"503" 2019 60032 492.86272
"504" 2019 60314 542.826
"505" 2019 59382 553.73715
"506" 2019 58630 599.7849
"507" 2019 60637 719.458005
"508" 2019 60016 800.61344
"509" 2019 58993 843.00997
"510" 2019 56467 858.016065
"511" 2019 54805 922.36815
"512" 2019 50056 919.52872
"513" 2019 51642 1019.15487
"514" 2019 49809 1078.115805
"515" 2019 45694 1052.56129
"516" 2019 44002 1093.66971
"517" 2019 39495 1066.562475
"518" 2019 29567 867.79145
"519" 2019 31589 1048.7548
"520" 2019 33924 1242.29688
"521" 2019 36124 1458.32588
"522" 2019 32856 1485.74832
"523" 2019 33346 1659.29696
"524" 2019 31590 1733.9751
"525" 2019 29630 1866.69
"526" 2019 28316 2063.95324
"527" 2019 26057 2144.23053
"528" 2019 23464 2174.99548
"529" 2019 20908 2166.38242
"530" 2019 18328 2097.73124
"531" 2019 15717 2028.90753
"532" 2019 13220 1941.6875
"533" 2019 10874.99 1817.8633284
"534" 2019 8215.73 1490.333422
"535" 2019 6383.01 1251.99549645
"536" 2019 4652.95 1028.7207155
"537" 2019 3703.08 870.6496542
"538" 2019 2652.35 663.6975405
"539" 2019 1910.8 531.785194
"540" 2019 1385.4 420.842958
"541" 2019 893.98 292.4297978
"542" 2019 580.75 203.599335
"543" 2019 379.53 141.92334585
"544" 2019 207.35 82.313803
"545" 2019 68.28 28.6410702
"546" 2019 45.1 19.897669
"547" 2019 23.43 10.82430855
"548" 2019 11.39 5.4866769
"549" 2019 10.16 5.0825908
"550" 2019 3.21 1.6613355
"551" 2019 1.6 0.853688
"552" 2019 0 0
"553" 2019 2 1.12334
"554" 2019 0 0
"555" 2019 0 0
"556" 2020 36073 141.04543
"557" 2020 36782 6.43685
"558" 2020 36296 4.537
"559" 2020 36893 2.58251
"560" 2020 36364 2.36366
"561" 2020 38020 2.8515
"562" 2020 38142 2.47923
"563" 2020 39994 1.9997
"564" 2020 39200 1.764
"565" 2020 41318 1.44613
"566" 2020 42042 5.67567
"567" 2020 41126 6.58016
"568" 2020 39444 4.53606
"569" 2020 39271 6.479715
"570" 2020 40506 4.65819
"571" 2020 38654 6.18464
"572" 2020 38325 12.264
"573" 2020 38875 15.744375
"574" 2020 39993 21.99615
"575" 2020 42729 19.868985
"576" 2020 44238 12.82902
"577" 2020 46727 15.653545
"578" 2020 49054 19.37633
"579" 2020 50322 24.15456
"580" 2020 48045 21.380025
"581" 2020 47241 18.42399
"582" 2020 47385 25.824825
"583" 2020 45868 25.45674
"584" 2020 49283 24.6415
"585" 2020 48680 25.3136
"586" 2020 48641 26.509345
"587" 2020 50590 27.3186
"588" 2020 50781 25.644405
"589" 2020 51579 31.205295
"590" 2020 53749 40.580495
"591" 2020 55802 51.05883
"592" 2020 55405 50.141525
"593" 2020 55917 53.959905
"594" 2020 56462 66.06054
"595" 2020 57289 72.470585
"596" 2020 57077 77.339335
"597" 2020 56057 82.684075
"598" 2020 55504 89.91648
"599" 2020 54960 92.6076
"600" 2020 54302 86.61169
"601" 2020 54150 104.78025
"602" 2020 54049 128.63662
"603" 2020 53925 137.50875
"604" 2020 53668 155.90554
"605" 2020 51114 164.84265
"606" 2020 53243 175.968115
"607" 2020 54428 205.73784
"608" 2020 56021 249.573555
"609" 2020 58171 282.420205
"610" 2020 58750 318.13125
"611" 2020 56344 354.12204
"612" 2020 56962 411.55045
"613" 2020 58243 449.63596
"614" 2020 59228 486.26188
"615" 2020 59509 535.581
"616" 2020 59698 556.68385
"617" 2020 58809 601.61607
"618" 2020 57973 687.849645
"619" 2020 59924 799.38616
"620" 2020 59167 845.49643
"621" 2020 58187 884.151465
"622" 2020 55593 935.63019
"623" 2020 53867 989.53679
"624" 2020 49071 968.416185
"625" 2020 50602 1095.28029
"626" 2020 48666 1121.02131
"627" 2020 44527 1106.718585
"628" 2020 42948 1159.81074
"629" 2020 38364 1125.9834
"630" 2020 28681 952.2092
"631" 2020 30533 1118.11846
"632" 2020 32681 1319.33197
"633" 2020 34681 1568.27482
"634" 2020 31348 1559.87648
"635" 2020 31727 1741.49503
"636" 2020 29823 1878.849
"637" 2020 27810 2027.0709
"638" 2020 26256 2160.60624
"639" 2020 23869 2212.536955
"640" 2020 21340 2211.1441
"641" 2020 18723 2142.940965
"642" 2020 16297 2103.77973
"643" 2020 13673 2008.221875
"644" 2020 11318 1891.91688
"645" 2020 9032.94 1638.575316
"646" 2020 6710.69 1316.26829005
"647" 2020 5139.98 1136.3981782
"648" 2020 3636.93 855.09679695
"649" 2020 2839.07 710.4204861
"650" 2020 1980.34 551.1385237
"651" 2020 1355.8 411.851366
"652" 2020 975.39 319.0598229
"653" 2020 625.98 219.4560684
"654" 2020 412.75 154.34579875
"655" 2020 240.53 95.4855994
"656" 2020 145.35 60.96923775
"657" 2020 40.28 17.7711332
"658" 2020 27.1 12.5197935
"659" 2020 15.43 7.4327853
"660" 2020 6.39 3.19662945
"661" 2020 6.16 3.188108
"662" 2020 2.21 1.17915655
"663" 2020 0.6 0.328953
"664" 2020 0 0
"665" 2020 1 0.78403
"666" 2020 0 0
"667" 2021 35816 140.04056
"668" 2021 36132 6.3231
"669" 2021 36684 4.5855
"670" 2021 36158 2.53106
"671" 2021 36760 2.3894
"672" 2021 36191 2.714325
"673" 2021 37879 2.462135
"674" 2021 38006 1.9003
"675" 2021 39836 1.79262
"676" 2021 39080 1.3678
"677" 2021 41144 5.55444
"678" 2021 41847 6.69552
"679" 2021 40951 4.709365
"680" 2021 39287 6.482355
"681" 2021 39116 4.49834
"682" 2021 40309 6.44944
"683" 2021 38469 12.31008
"684" 2021 38184 15.46452
"685" 2021 38817 21.34935
"686" 2021 40061 18.628365
"687" 2021 42744 12.39576
"688" 2021 44163 14.794605
"689" 2021 46712 18.45124
"690" 2021 49007 23.52336
"691" 2021 50375 22.416875
"692" 2021 48219 18.80541
"693" 2021 47221 25.735445
"694" 2021 47485 26.354175
"695" 2021 45920 22.96
"696" 2021 49303 25.63756
"697" 2021 48736 26.56112
"698" 2021 48692 26.29368
"699" 2021 50587 25.546435
"700" 2021 50855 30.767275
"701" 2021 51644 38.99122
"702" 2021 53757 49.187655
"703" 2021 55861 50.554205
"704" 2021 55455 53.514075
"705" 2021 55876 65.37492
"706" 2021 56456 71.41684
"707" 2021 57227 77.542585
"708" 2021 57017 84.100075
"709" 2021 55953 90.64386
"710" 2021 55486 93.49391
"711" 2021 54901 87.567095
"712" 2021 54196 104.86926
"713" 2021 54061 128.66518
"714" 2021 53937 137.53935
"715" 2021 53647 155.844535
"716" 2021 53515 172.585875
"717" 2021 50914 168.27077
"718" 2021 53044 200.50632
"719" 2021 54180 241.3719
"720" 2021 55701 270.428355
"721" 2021 57813 313.057395
"722" 2021 58384 366.94344
"723" 2021 56005 404.636125
"724" 2021 56521 436.34212
"725" 2021 57801 474.54621
"726" 2021 58762 528.858
"727" 2021 58957 549.774025
"728" 2021 59094 604.53162
"729" 2021 58123 689.629395
"730" 2021 57363 765.22242
"731" 2021 59111 844.69619
"732" 2021 58362 886.81059
"733" 2021 57238 963.31554
"734" 2021 54553 1002.13861
"735" 2021 52844 1042.87634
"736" 2021 48074 1040.56173
"737" 2021 49453 1139.149855
"738" 2021 47462 1179.66801
"739" 2021 43338 1170.34269
"740" 2021 41544 1219.3164
"741" 2021 37132 1232.7824
"742" 2021 27615 1011.2613
"743" 2021 29270 1181.6299
"744" 2021 31160 1409.0552
"745" 2021 32919 1638.04944
"746" 2021 29571 1623.15219
"747" 2021 29830 1879.29
"748" 2021 27754 2022.98906
"749" 2021 25633 2109.33957
"750" 2021 23952 2220.23064
"751" 2021 21530 2230.83095
"752" 2021 19024 2177.39192
"753" 2021 16429 2120.81961
"754" 2021 14015 2058.453125
"755" 2021 11596 1938.38736
"756" 2021 9354 1696.8156
"757" 2021 7213.92 1414.9743384
"758" 2021 5267.67 1164.6291603
"759" 2021 3917.96 921.1711654
"760" 2021 2716.92 679.8548916
"761" 2021 2101.06 584.7355033
"762" 2021 1425.33 432.9724941
"763" 2021 950.79 311.0129169
"764" 2021 646.39 226.6114062
"765" 2021 411.98 154.0578611
"766" 2021 260.75 103.512535
"767" 2021 154.53 64.81992645
"768" 2021 80.35 35.4496165
"769" 2021 22.28 10.2930258
"770" 2021 11.1 5.346981
"771" 2021 5.43 2.71638465
"772" 2021 3.39 1.7544945
"773" 2021 2.16 1.1524788
"774" 2021 2.21 1.21164355
"775" 2021 0.6 0.337002
"776" 2021 0 0
"777" 2021 0 0
