"year" "population" "expected"
"1" 2015 39425 159.67125
"2" 2015 39849 8.567535
"3" 2015 41748 6.12304
"4" 2015 40962 6.07603
"5" 2015 43177 5.97281833333333
"6" 2015 43927 4.68554666666667
"7" 2015 42925 3.57708333333333
"8" 2015 41086 3.69774
"9" 2015 40985 4.44004166666667
"10" 2015 42199 3.09459333333333
"11" 2015 40172 3.48157333333333
"12" 2015 39704 4.23509333333333
"13" 2015 40246 5.36613333333333
"14" 2015 41107 6.371585
"15" 2015 43538 5.87763
"16" 2015 45003 8.625575
"17" 2015 47423 13.1203633333333
"18" 2015 49881 16.377595
"19" 2015 50778 20.81898
"20" 2015 48871 21.50324
"21" 2015 48370 19.2673833333333
"22" 2015 48756 19.9087
"23" 2015 47360 20.128
"24" 2015 51225 21.599875
"25" 2015 50879 20.4363983333333
"26" 2015 50955 20.466925
"27" 2015 52988 25.69918
"28" 2015 52896 28.03488
"29" 2015 53888 26.7643733333333
"30" 2015 56090 26.08185
"31" 2015 58085 29.62335
"32" 2015 57591 31.579065
"33" 2015 57947 33.02979
"34" 2015 58399 36.79137
"35" 2015 59380 42.6546333333333
"36" 2015 59202 48.74298
"37" 2015 58281 48.858905
"38" 2015 57685 52.204925
"39" 2015 57062 61.7220633333333
"40" 2015 56328 69.37732
"41" 2015 55956 72.64954
"42" 2015 56020 75.8137333333333
"43" 2015 55850 83.0303333333333
"44" 2015 55793 93.453275
"45" 2015 53033 93.9567983333333
"46" 2015 55361 112.013756666667
"47" 2015 56687 131.324883333333
"48" 2015 58304 146.537386666667
"49" 2015 60745 178.894025
"50" 2015 61283 206.625848333333
"51" 2015 58747 211.587111666667
"52" 2015 59347 244.212905
"53" 2015 60780 286.2738
"54" 2015 61991 320.183515
"55" 2015 62320 352.315733333333
"56" 2015 62655 390.34065
"57" 2015 61821 440.474625
"58" 2015 61204 476.065113333333
"59" 2015 63547 537.395796666667
"60" 2015 62979 583.6054
"61" 2015 62310 615.31125
"62" 2015 59740 646.585933333333
"63" 2015 58356 715.93086
"64" 2015 53490 739.14265
"65" 2015 55477 831.60023
"66" 2015 53939 856.731116666667
"67" 2015 49636 852.99466
"68" 2015 48048 900.73984
"69" 2015 43536 873.84008
"70" 2015 32891 708.526958333333
"71" 2015 35439 821.771345
"72" 2015 38520 962.4222
"73" 2015 41354 1134.27129666667
"74" 2015 38222 1160.86584333333
"75" 2015 39464 1349.53725333333
"76" 2015 38198 1449.35944666667
"77" 2015 36722 1524.63623666667
"78" 2015 35976 1673.00392
"79" 2015 34118 1777.88898
"80" 2015 31920 1870.1396
"81" 2015 29657 1961.069125
"82" 2015 27235 2026.23860833333
"83" 2015 24794 2112.15953666667
"84" 2015 21782 2096.44489333333
"85" 2015 19252.23 2069.6788991
"86" 2015 15744.93 1899.3109059
"87" 2015 13095.18 1767.4346193
"88" 2015 10415.09 1584.36084928333
"89" 2015 9094.2 1544.740812
"90" 2015 7077.43 1315.10445116667
"91" 2015 5484.87 1131.90348045
"92" 2015 4287.44 959.671986666667
"93" 2015 3221.02 773.570899933333
"94" 2015 2317.78 598.6362184
"95" 2015 1638.55 461.519454833333
"96" 2015 1015.36 315.094976533333
"97" 2015 351.29 117.189758516667
"98" 2015 225.1 80.3445678333333
"99" 2015 148.43 56.4167587
"100" 2015 111.39 44.8745754
"101" 2015 122.16 51.9212576
"102" 2015 85.21 38.0374599666667
"103" 2015 43.6 20.3527706666667
"104" 2015 18 8.75034
"105" 2015 18 9.07686
"106" 2015 8 4.16930666666667
"107" 2015 2 1.07355333333333
"108" 2015 0 0
"109" 2015 0 0
"110" 2015 0 0
"111" 2015 0 0
"112" 2016 37238 150.8139
"113" 2016 39302 8.44993
"114" 2016 39649 5.81518666666667
"115" 2016 41551 6.16339833333333
"116" 2016 40739 5.63556166666667
"117" 2016 42945 4.5808
"118" 2016 43681 3.64008333333333
"119" 2016 42662 3.83958
"120" 2016 40829 4.42314166666667
"121" 2016 40738 2.98745333333333
"122" 2016 41934 3.63428
"123" 2016 39931 4.25930666666667
"124" 2016 39448 5.25973333333333
"125" 2016 39999 6.199845
"126" 2016 40826 5.51151
"127" 2016 43266 8.29265
"128" 2016 44743 12.3788966666667
"129" 2016 47238 15.50981
"130" 2016 49671 20.36511
"131" 2016 50725 22.319
"132" 2016 48769 19.4263183333333
"133" 2016 48211 19.6861583333333
"134" 2016 48552 20.6346
"135" 2016 47162 19.8866433333333
"136" 2016 51012 20.48982
"137" 2016 50653 20.3456216666667
"138" 2016 50667 24.573495
"139" 2016 52680 27.9204
"140" 2016 52531 26.0903966666667
"141" 2016 53517 24.885405
"142" 2016 55705 28.40955
"143" 2016 57684 31.63006
"144" 2016 57230 32.6211
"145" 2016 57599 36.28737
"146" 2016 58065 41.710025
"147" 2016 59021 48.5939566666667
"148" 2016 58781 49.2780716666667
"149" 2016 57819 52.326195
"150" 2016 57215 61.8875583333333
"151" 2016 56625 69.743125
"152" 2016 55800 72.447
"153" 2016 55488 75.09376
"154" 2016 55557 82.59474
"155" 2016 55377 92.756475
"156" 2016 55309 97.9891116666667
"157" 2016 52567 106.360563333333
"158" 2016 54893 127.168783333333
"159" 2016 56155 141.136233333333
"160" 2016 57754 170.08553
"161" 2016 60209 203.004678333333
"162" 2016 60675 218.531125
"163" 2016 58177 239.398355
"164" 2016 58825 277.06575
"165" 2016 60227 311.072455
"166" 2016 61364 346.911146666667
"167" 2016 61716 384.49068
"168" 2016 61999 441.742875
"169" 2016 61157 475.699531666667
"170" 2016 60547 512.025796666667
"171" 2016 62776 581.724266666667
"172" 2016 62157 613.800375
"173" 2016 61498 665.613353333333
"174" 2016 58864 722.163173333333
"175" 2016 57400 793.172333333333
"176" 2016 52680 789.6732
"177" 2016 54523 866.006983333333
"178" 2016 52907 909.206795
"179" 2016 48676 912.512746666667
"180" 2016 47117 945.716718333333
"181" 2016 42539 916.360958333333
"182" 2016 32090 744.113616666667
"183" 2016 34527 862.657095
"184" 2016 37429 1026.61508833333
"185" 2016 40077 1217.205285
"186" 2016 36934 1263.01968666667
"187" 2016 37995 1441.65695
"188" 2016 36591 1519.197335
"189" 2016 35018 1628.45372666667
"190" 2016 34108 1777.36788
"191" 2016 32141 1883.08762166667
"192" 2016 29855 1974.161875
"193" 2016 27484 2044.76379333333
"194" 2016 25051 2134.05293833333
"195" 2016 22475 2163.14383333333
"196" 2016 19487 2094.91745666667
"197" 2016 16975.23 2047.7219949
"198" 2016 13628.93 1839.47396721667
"199" 2016 11241.18 1710.0270369
"200" 2016 8700.09 1477.7972874
"201" 2016 7445.2 1383.44224666667
"202" 2016 5679.43 1172.05450338333
"203" 2016 4278.87 957.753735
"204" 2016 3331.44 800.0897352
"205" 2016 2380.02 614.7115656
"206" 2016 1707.78 481.0190074
"207" 2016 1159.55 359.841218916667
"208" 2016 712.36 237.642108733333
"209" 2016 240.29 85.7663092166667
"210" 2016 144.1 54.770969
"211" 2016 99.43 40.0563698
"212" 2016 65.39 27.7924937333333
"213" 2016 65.16 29.0872068
"214" 2016 42.21 19.7039094
"215" 2016 25.6 12.444928
"216" 2016 8 4.03416
"217" 2016 10 5.21163333333333
"218" 2016 3 1.61033
"219" 2016 2 1.10221
"220" 2016 0 0
"221" 2016 0 0
"222" 2016 0 0
"223" 2017 37398 151.4619
"224" 2017 37136 7.98424
"225" 2017 39023 5.72337333333333
"226" 2017 39266 5.82445666666667
"227" 2017 41179 5.69642833333333
"228" 2017 40376 4.30677333333333
"229" 2017 42517 3.54308333333333
"230" 2017 43222 3.88998
"231" 2017 42294 4.58185
"232" 2017 40515 2.9711
"233" 2017 40373 3.49899333333333
"234" 2017 41570 4.43413333333333
"235" 2017 39637 5.28493333333333
"236" 2017 39221 6.079255
"237" 2017 39723 5.362605
"238" 2017 40573 7.77649166666667
"239" 2017 43042 11.9082866666667
"240" 2017 44535 14.622325
"241" 2017 47097 19.30977
"242" 2017 49534 21.79496
"243" 2017 50539 20.1313683333333
"244" 2017 48449 19.7833416666667
"245" 2017 47863 20.341775
"246" 2017 48145 20.3011416666667
"247" 2017 46710 18.76185
"248" 2017 50448 20.26328
"249" 2017 49958 24.22963
"250" 2017 49921 26.45813
"251" 2017 51870 25.7621
"252" 2017 51814 24.09351
"253" 2017 52790 26.9229
"254" 2017 54875 30.0897916666667
"255" 2017 56986 32.48202
"256" 2017 56566 35.63658
"257" 2017 56992 40.9392533333333
"258" 2017 57524 47.3614266666667
"259" 2017 58507 49.0483683333333
"260" 2017 58236 52.70358
"261" 2017 57280 61.9578666666667
"262" 2017 56642 69.7640633333333
"263" 2017 56070 72.79755
"264" 2017 55247 74.7676066666667
"265" 2017 55027 81.8068066666667
"266" 2017 55102 92.29585
"267" 2017 54917 97.2946183333333
"268" 2017 54789 110.85641
"269" 2017 52097 120.691383333333
"270" 2017 54449 136.848486666667
"271" 2017 55689 164.004105
"272" 2017 57303 193.206615
"273" 2017 59705 215.037508333333
"274" 2017 60182 247.64893
"275" 2017 57698 271.75758
"276" 2017 58347 301.362255
"277" 2017 59794 338.035413333333
"278" 2017 60850 379.0955
"279" 2017 61233 436.285125
"280" 2017 61482 478.22749
"281" 2017 60608 512.541653333333
"282" 2017 59953 555.564466666667
"283" 2017 62114 613.37575
"284" 2017 61508 665.721586666667
"285" 2017 60743 745.215371666667
"286" 2017 58110 802.98335
"287" 2017 56588 848.25412
"288" 2017 51881 824.043216666667
"289" 2017 53624 921.52844
"290" 2017 51979 974.432986666667
"291" 2017 47761 958.642871666667
"292" 2017 46090 992.855416666667
"293" 2017 41562 963.75351
"294" 2017 31307 782.205395
"295" 2017 33563 920.577151666667
"296" 2017 36329 1103.37227833333
"297" 2017 38831 1327.89076333333
"298" 2017 35720 1355.33586666667
"299" 2017 36521 1516.29105166667
"300" 2017 35038 1629.38379333333
"301" 2017 33338 1737.24318
"302" 2017 32294 1892.05163666667
"303" 2017 30213 1997.834625
"304" 2017 27824 2070.05922666667
"305" 2017 25363 2160.63169833333
"306" 2017 22809 2195.29022
"307" 2017 20204 2171.99734666667
"308" 2017 17356 2093.65428
"309" 2017 14840.23 2002.96110938333
"310" 2017 11754.93 1788.17954315
"311" 2017 9475.18 1609.4540748
"312" 2017 7297.09 1355.92094016667
"313" 2017 6081.2 1254.96710866667
"314" 2017 4544.43 1017.194915
"315" 2017 3386.87 813.401988766667
"316" 2017 2540.44 656.1448432
"317" 2017 1801.02 507.2812966
"318" 2017 1227.78 381.0149211
"319" 2017 827.55 276.06930075
"320" 2017 499.36 178.235732533333
"321" 2017 162.29 61.6848061
"322" 2017 100.1 40.326286
"323" 2017 55.43 23.5592281333333
"324" 2017 42.39 18.9227547
"325" 2017 34.16 15.9461157333333
"326" 2017 22.21 10.7969473
"327" 2017 12.6 6.353802
"328" 2017 3 1.56349
"329" 2017 5 2.68388333333333
"330" 2017 2 1.10221
"331" 2017 1 0.564173333333333
"332" 2017 0 0
"333" 2017 0 0
"334" 2018 36470 147.7035
"335" 2018 37265 8.011975
"336" 2018 36828 5.40144
"337" 2018 38575 5.72195833333333
"338" 2018 38793 5.366365
"339" 2018 40721 4.34357333333333
"340" 2018 39868 3.32233333333333
"341" 2018 41994 3.77946
"342" 2018 42706 4.62648333333333
"343" 2018 41838 3.06812
"344" 2018 40081 3.47368666666667
"345" 2018 39958 4.26218666666667
"346" 2018 41140 5.48533333333333
"347" 2018 39253 6.084215
"348" 2018 38903 5.251905
"349" 2018 39374 7.54668333333333
"350" 2018 40287 11.14607
"351" 2018 42771 14.043145
"352" 2018 44311 18.16751
"353" 2018 46840 20.6096
"354" 2018 49166 19.5844566666667
"355" 2018 50096 20.4558666666667
"356" 2018 47901 20.357925
"357" 2018 47270 19.9321833333333
"358" 2018 47561 19.1036683333333
"359" 2018 45954 18.45819
"360" 2018 49498 24.00653
"361" 2018 49006 25.97318
"362" 2018 48915 24.29445
"363" 2018 50838 23.63967
"364" 2018 50941 25.97991
"365" 2018 51821 28.4151816666667
"366" 2018 53928 30.73896
"367" 2018 56050 35.3115
"368" 2018 55655 39.9788416666667
"369" 2018 56133 46.21617
"370" 2018 56749 47.5745783333333
"371" 2018 57655 52.177775
"372" 2018 57416 62.1049733333333
"373" 2018 56483 69.5682283333333
"374" 2018 55880 72.5508666666667
"375" 2018 55356 74.91512
"376" 2018 54600 81.172
"377" 2018 54393 91.108275
"378" 2018 54535 96.6178416666667
"379" 2018 54316 109.899373333333
"380" 2018 54157 125.463716666667
"381" 2018 51526 129.502013333333
"382" 2018 53800 158.441
"383" 2018 55028 185.536073333333
"384" 2018 56639 203.994798333333
"385" 2018 59041 242.953715
"386" 2018 59556 280.50876
"387" 2018 57096 294.90084
"388" 2018 57817 326.858773333333
"389" 2018 59159 368.56057
"390" 2018 60282 429.50925
"391" 2018 60584 471.242546666667
"392" 2018 60852 514.60508
"393" 2018 59985 555.861
"394" 2018 59272 585.311
"395" 2018 61349 664.000676666667
"396" 2018 60769 745.534348333333
"397" 2018 59866 827.248343333333
"398" 2018 57262 858.35738
"399" 2018 55676 884.320466666667
"400" 2018 50940 875.4039
"401" 2018 52631 986.655813333333
"402" 2018 50928 1022.20984
"403" 2018 46717 1006.36204166667
"404" 2018 45022 1043.98514333333
"405" 2018 40534 1012.74199
"406" 2018 30433 834.726468333333
"407" 2018 32589 989.782245
"408" 2018 35100 1200.303
"409" 2018 37495 1422.68528333333
"410" 2018 34267 1422.70872833333
"411" 2018 34921 1623.94290333333
"412" 2018 33315 1736.04465
"413" 2018 31526 1847.05579666667
"414" 2018 30294 2003.19075
"415" 2018 28060 2087.61723333333
"416" 2018 25668 2186.61414
"417" 2018 23126 2225.80041333333
"418" 2018 20515 2205.43088333333
"419" 2018 17942 2164.34346
"420" 2018 15252 2058.53702
"421" 2018 12804.09 1947.77951095
"422" 2018 9875.81 1677.5050866
"423" 2018 7804.07 1450.12627383333
"424" 2018 5885.01 1214.47970535
"425" 2018 4815.13 1077.78659833333
"426" 2018 3525.38 846.667012066667
"427" 2018 2592.83 669.6761324
"428" 2018 1896.41 534.149161966667
"429" 2018 1280 397.220266666667
"430" 2018 842.76 281.1433314
"431" 2018 547.54 195.432539633333
"432" 2018 315.35 119.8613815
"433" 2018 109.28 44.0245408
"434" 2018 64.1 27.2442093333333
"435" 2018 37.43 16.7086272333333
"436" 2018 22.39 10.4518012666667
"437" 2018 18.16 8.8281208
"438" 2018 7.21 3.6357867
"439" 2018 4.6 2.39735133333333
"440" 2018 0 0
"441" 2018 4 2.20442
"442" 2018 0 0
"443" 2018 1 0.785198333333333
"444" 2018 0 0
"445" 2019 36819 149.11695
"446" 2019 36407 7.827505
"447" 2019 37049 5.43385333333333
"448" 2019 36563 5.42351166666667
"449" 2019 38289 5.296645
"450" 2019 38432 4.09941333333333
"451" 2019 40333 3.36108333333333
"452" 2019 39478 3.55302
"453" 2019 41614 4.50818333333333
"454" 2019 42337 3.10471333333333
"455" 2019 41454 3.59268
"456" 2019 39729 4.23776
"457" 2019 39583 5.27773333333333
"458" 2019 40786 6.32183
"459" 2019 38913 5.253255
"460" 2019 38573 7.39315833333333
"461" 2019 39070 10.8093666666667
"462" 2019 40069 13.1559883333333
"463" 2019 42559 17.44919
"464" 2019 44178 19.43832
"465" 2019 46671 18.590615
"466" 2019 48951 19.988325
"467" 2019 50043 21.268275
"468" 2019 47775 20.145125
"469" 2019 47135 18.9325583333333
"470" 2019 47291 18.9952183333333
"471" 2019 45761 22.194085
"472" 2019 49157 26.05321
"473" 2019 48633 24.15439
"474" 2019 48571 22.585515
"475" 2019 50497 25.75347
"476" 2019 50622 27.75773
"477" 2019 51509 29.36013
"478" 2019 53650 33.7995
"479" 2019 55749 40.046365
"480" 2019 55320 45.5468
"481" 2019 55834 46.8075033333333
"482" 2019 56429 51.068245
"483" 2019 57360 62.0444
"484" 2019 57088 70.3133866666667
"485" 2019 56145 72.894925
"486" 2019 55629 75.28458
"487" 2019 55042 81.8291066666667
"488" 2019 54410 91.13675
"489" 2019 54157 95.9481516666667
"490" 2019 54229 109.723343333333
"491" 2019 54030 125.1695
"492" 2019 53833 135.300273333333
"493" 2019 51226 150.86057
"494" 2019 53453 180.225698333333
"495" 2019 54621 196.726635
"496" 2019 56331 231.802065
"497" 2019 58584 275.93064
"498" 2019 59134 305.42711
"499" 2019 56654 320.283946666667
"500" 2019 57390 357.5397
"501" 2019 58722 418.39425
"502" 2019 59772 464.92654
"503" 2019 60032 507.670613333333
"504" 2019 60314 558.909733333333
"505" 2019 59382 586.39725
"506" 2019 58630 634.572033333333
"507" 2019 60637 743.914928333333
"508" 2019 60016 829.321093333333
"509" 2019 58993 884.30507
"510" 2019 56467 896.884183333333
"511" 2019 54805 941.823925
"512" 2019 50056 938.383146666667
"513" 2019 51642 1036.54101
"514" 2019 49809 1072.968875
"515" 2019 45694 1059.56770333333
"516" 2019 44002 1099.38997
"517" 2019 39495 1083.282025
"518" 2019 29567 897.999068333333
"519" 2019 31589 1080.23850333333
"520" 2019 33924 1287.18964
"521" 2019 36124 1499.80827333333
"522" 2019 32856 1527.91352
"523" 2019 33346 1737.66006
"524" 2019 31590 1850.80545
"525" 2019 29630 1959.28375
"526" 2019 28316 2106.66320666667
"527" 2019 26057 2219.75240166667
"528" 2019 23464 2258.33178666667
"529" 2019 20908 2247.67969333333
"530" 2019 18328 2210.90664
"531" 2019 15717 2121.297295
"532" 2019 13220 2011.04843333333
"533" 2019 10874.99 1847.2258014
"534" 2019 8215.73 1526.61956283333
"535" 2019 6383.01 1317.25113535
"536" 2019 4652.95 1041.48530833333
"537" 2019 3703.08 889.3440364
"538" 2019 2652.35 685.048958
"539" 2019 1910.8 538.202297333333
"540" 2019 1385.4 429.928873
"541" 2019 893.98 298.230238033333
"542" 2019 580.75 207.286129583333
"543" 2019 379.53 144.2555577
"544" 2019 207.35 83.533021
"545" 2019 68.28 29.0208208
"546" 2019 45.1 20.1324896666667
"547" 2019 23.43 10.9372802
"548" 2019 11.39 5.5370207
"549" 2019 10.16 5.1233832
"550" 2019 3.21 1.6729343
"551" 2019 1.6 0.858842666666667
"552" 2019 0 0
"553" 2019 2 1.12834666666667
"554" 2019 0 0
"555" 2019 0 0
"556" 2020 36073 146.09565
"557" 2020 36782 7.90813
"558" 2020 36296 5.32341333333333
"559" 2020 36893 5.47246166666667
"560" 2020 36364 5.03035333333333
"561" 2020 38020 4.05546666666667
"562" 2020 38142 3.1785
"563" 2020 39994 3.59946
"564" 2020 39200 4.24666666666667
"565" 2020 41318 3.02998666666667
"566" 2020 42042 3.64364
"567" 2020 41126 4.38677333333333
"568" 2020 39444 5.2592
"569" 2020 39271 6.087005
"570" 2020 40506 5.46831
"571" 2020 38654 7.40868333333333
"572" 2020 38325 10.60325
"573" 2020 38875 12.7639583333333
"574" 2020 39993 16.39713
"575" 2020 42729 18.80076
"576" 2020 44238 17.62147
"577" 2020 46727 19.0801916666667
"578" 2020 49054 20.84795
"579" 2020 50322 21.21911
"580" 2020 48045 19.298075
"581" 2020 47241 18.975135
"582" 2020 47385 22.981725
"583" 2020 45868 24.31004
"584" 2020 49283 24.4772233333333
"585" 2020 48680 22.6362
"586" 2020 48641 24.80691
"587" 2020 50590 27.7401833333333
"588" 2020 50781 28.94517
"589" 2020 51579 32.49477
"590" 2020 53749 38.6096983333333
"591" 2020 55802 45.9436466666667
"592" 2020 55405 46.4478583333333
"593" 2020 55917 50.604885
"594" 2020 56462 61.0730633333333
"595" 2020 57289 70.5609516666667
"596" 2020 57077 74.1049716666667
"597" 2020 56057 75.8638066666667
"598" 2020 55504 82.5159466666667
"599" 2020 54960 92.058
"600" 2020 54302 96.2050433333333
"601" 2020 54150 109.5635
"602" 2020 54049 125.213516666667
"603" 2020 53925 135.5315
"604" 2020 53668 158.05226
"605" 2020 51114 172.33937
"606" 2020 53243 191.763538333333
"607" 2020 54428 223.97122
"608" 2020 56021 263.85891
"609" 2020 58171 300.453215
"610" 2020 58750 332.133333333333
"611" 2020 56344 351.02312
"612" 2020 56962 405.85425
"613" 2020 58243 453.033468333333
"614" 2020 59228 500.871453333333
"615" 2020 59509 551.450066666667
"616" 2020 59698 589.51775
"617" 2020 58809 636.50941
"618" 2020 57973 711.232088333333
"619" 2020 59924 828.049806666667
"620" 2020 59167 886.91333
"621" 2020 58187 924.203516666667
"622" 2020 55593 955.365705
"623" 2020 53867 1009.82669333333
"624" 2020 49071 984.936755
"625" 2020 50602 1090.05141666667
"626" 2020 48666 1128.48343
"627" 2020 44527 1112.507095
"628" 2020 42948 1177.99206
"629" 2020 38364 1165.17862
"630" 2020 28681 980.794596666667
"631" 2020 30533 1158.52379666667
"632" 2020 32681 1356.86065166667
"633" 2020 34681 1612.78210333333
"634" 2020 31348 1633.54428
"635" 2020 31727 1858.83205166667
"636" 2020 29823 1972.045875
"637" 2020 27810 2069.01765
"638" 2020 26256 2236.70488
"639" 2020 23869 2297.31168666667
"640" 2020 21340 2294.12113333333
"641" 2020 18723 2258.55549
"642" 2020 16297 2199.57892833333
"643" 2020 13673 2079.95954833333
"644" 2020 11318 1922.47548
"645" 2020 9032.94 1678.470801
"646" 2020 6710.69 1384.87391081667
"647" 2020 5139.98 1150.49885666667
"648" 2020 3636.93 873.4572319
"649" 2020 2839.07 733.2749996
"650" 2020 1980.34 557.789165533333
"651" 2020 1355.8 420.743154333333
"652" 2020 975.39 325.38847835
"653" 2020 625.98 223.4299981
"654" 2020 412.75 156.8821475
"655" 2020 240.53 96.8999158
"656" 2020 145.35 61.777626
"657" 2020 40.28 17.9808577333333
"658" 2020 27.1 12.6504606666667
"659" 2020 15.43 7.5009859
"660" 2020 6.39 3.2222853
"661" 2020 6.16 3.21036613333333
"662" 2020 2.21 1.18627643333333
"663" 2020 0.6 0.330663
"664" 2020 0 0
"665" 2020 1 0.785198333333333
"666" 2020 0 0
"667" 2021 35816 145.0548
"668" 2021 36132 7.76838
"669" 2021 36684 5.38032
"670" 2021 36158 5.36343666666667
"671" 2021 36760 5.08513333333333
"672" 2021 36191 3.86037333333333
"673" 2021 37879 3.15658333333333
"674" 2021 38006 3.42054
"675" 2021 39836 4.31556666666667
"676" 2021 39080 2.86586666666667
"677" 2021 41144 3.56581333333333
"678" 2021 41847 4.46368
"679" 2021 40951 5.46013333333333
"680" 2021 39287 6.089485
"681" 2021 39116 5.28066
"682" 2021 40309 7.72589166666667
"683" 2021 38469 10.64309
"684" 2021 38184 12.53708
"685" 2021 38817 15.91497
"686" 2021 40061 17.62684
"687" 2021 42744 17.02636
"688" 2021 44163 18.033225
"689" 2021 46712 19.8526
"690" 2021 49007 20.6646183333333
"691" 2021 50375 20.2339583333333
"692" 2021 48219 19.367965
"693" 2021 47221 22.902185
"694" 2021 47485 25.16705
"695" 2021 45920 22.8069333333333
"696" 2021 49303 22.925895
"697" 2021 48736 24.85536
"698" 2021 48692 26.6994466666667
"699" 2021 50587 28.83459
"700" 2021 50855 32.03865
"701" 2021 51644 37.0976066666667
"702" 2021 53757 44.25993
"703" 2021 55861 46.8301383333333
"704" 2021 55455 50.186775
"705" 2021 55876 60.4392066666667
"706" 2021 56456 69.5349733333333
"707" 2021 57227 74.2997216666667
"708" 2021 57017 77.1630066666667
"709" 2021 55953 83.18346
"710" 2021 55486 92.93905
"711" 2021 54901 97.2662716666667
"712" 2021 54196 109.656573333333
"713" 2021 54061 125.241316666667
"714" 2021 53937 135.56166
"715" 2021 53647 157.990415
"716" 2021 53515 180.434741666667
"717" 2021 50914 183.375256666667
"718" 2021 53044 218.27606
"719" 2021 54180 255.1878
"720" 2021 55701 287.695665
"721" 2021 57813 326.83616
"722" 2021 58384 363.73232
"723" 2021 56005 399.035625
"724" 2021 56521 439.639178333333
"725" 2021 57801 488.80379
"726" 2021 58762 544.527866666667
"727" 2021 58957 582.200375
"728" 2021 59094 639.59406
"729" 2021 58123 713.072338333333
"730" 2021 57363 792.661055
"731" 2021 59111 886.07389
"732" 2021 58362 926.9831
"733" 2021 57238 983.63503
"734" 2021 54553 1022.68690666667
"735" 2021 52844 1060.66715333333
"736" 2021 48074 1035.59408333333
"737" 2021 49453 1146.73264833333
"738" 2021 47462 1185.83807
"739" 2021 43338 1188.68911
"740" 2021 41544 1261.76052
"741" 2021 37132 1269.79062666667
"742" 2021 27615 1047.80515
"743" 2021 29270 1215.24161666667
"744" 2021 31160 1449.04386666667
"745" 2021 32919 1715.40909
"746" 2021 29571 1732.515605
"747" 2021 29830 1972.50875
"748" 2021 27754 2064.85134333333
"749" 2021 25633 2183.63254833333
"750" 2021 23952 2305.30016
"751" 2021 21530 2314.54676666667
"752" 2021 19024 2294.86512
"753" 2021 16429 2217.39474833333
"754" 2021 14015 2131.98515833333
"755" 2021 11596 1969.69656
"756" 2021 9354 1738.1291
"757" 2021 7213.92 1488.7246472
"758" 2021 5267.67 1179.080135
"759" 2021 3917.96 940.950333466667
"760" 2021 2716.92 701.7260976
"761" 2021 2101.06 591.791563133333
"762" 2021 1425.33 442.32028335
"763" 2021 950.79 317.18195935
"764" 2021 646.39 230.714905383333
"765" 2021 411.98 156.5894782
"766" 2021 260.75 105.045745
"767" 2021 154.53 65.6793708
"768" 2021 80.35 35.8679721666667
"769" 2021 22.28 10.4004525333333
"770" 2021 11.1 5.396043
"771" 2021 5.43 2.7381861
"772" 2021 3.39 1.7667437
"773" 2021 2.16 1.1594376
"774" 2021 2.21 1.21794205
"775" 2021 0.6 0.338504
"776" 2021 0 0
"777" 2021 0 0
