"year" "population" "expected"
"1" 2015 82264 234.4524
"2" 2015 82701 19.434735
"3" 2015 89661 15.24237
"4" 2015 95685 11.4822
"5" 2015 99488 7.4616
"6" 2015 95928 5.75568
"7" 2015 99991 5.499505
"8" 2015 98088 7.3566
"9" 2015 100841 9.07569
"10" 2015 104920 11.5412
"11" 2015 103515 9.833925
"12" 2015 106342 8.50736
"13" 2015 107357 11.272485
"14" 2015 106992 11.23416
"15" 2015 116468 13.39382
"16" 2015 114080 18.8232
"17" 2015 110885 19.9593
"18" 2015 110409 20.425665
"19" 2015 109201 27.846255
"20" 2015 107798 31.26142
"21" 2015 106912 32.0736
"22" 2015 110635 37.6159
"23" 2015 111068 41.09516
"24" 2015 112444 42.72872
"25" 2015 112049 39.21715
"26" 2015 110772 42.09336
"27" 2015 112382 43.82898
"28" 2015 112345 43.252825
"29" 2015 113884 47.26186
"30" 2015 117122 57.97539
"31" 2015 125402 68.34409
"32" 2015 128227 63.472365
"33" 2015 134905 75.5468
"34" 2015 136772 95.7404
"35" 2015 143346 103.92585
"36" 2015 143812 87.72532
"37" 2015 148792 94.48292
"38" 2015 161734 122.91784
"39" 2015 165911 147.66079
"40" 2015 166501 164.83599
"41" 2015 164170 170.7368
"42" 2015 159635 170.011275
"43" 2015 160206 187.44102
"44" 2015 159019 221.03641
"45" 2015 154244 243.70552
"46" 2015 150839 270.00181
"47" 2015 150119 294.983835
"48" 2015 150434 337.72433
"49" 2015 152310 373.1595
"50" 2015 153504 397.57536
"51" 2015 155002 447.95578
"52" 2015 151275 511.3095
"53" 2015 150820 584.4275
"54" 2015 150038 595.65086
"55" 2015 148965 642.783975
"56" 2015 142061 679.761885
"57" 2015 141522 703.36434
"58" 2015 139560 726.4098
"59" 2015 135231 784.3398
"60" 2015 136177 897.40643
"61" 2015 131698 931.10486
"62" 2015 128257 970.90549
"63" 2015 130338 1063.55808
"64" 2015 129614 1130.88215
"65" 2015 126988 1200.67154
"66" 2015 123489 1247.856345
"67" 2015 125484 1336.4046
"68" 2015 112106 1252.22402
"69" 2015 111266 1347.43126
"70" 2015 113991 1564.526475
"71" 2015 106268 1616.33628
"72" 2015 101149 1673.00446
"73" 2015 93907 1666.84925
"74" 2015 91698 1774.3563
"75" 2015 92174 2019.53234
"76" 2015 91858 2293.23497
"77" 2015 89955 2482.308225
"78" 2015 85770 2542.65165
"79" 2015 87284 2980.7486
"80" 2015 83198 3344.5596
"81" 2015 75290 3373.36845
"82" 2015 72160 3643.7192
"83" 2015 67657 3848.33016
"84" 2015 61290.69 3960.6043878
"85" 2015 54753.42 4084.605132
"86" 2015 50051.3 4287.6446145
"87" 2015 44660.36 4265.9575872
"88" 2015 37793.91 3956.6444379
"89" 2015 34420.08 4022.6747496
"90" 2015 28463.64 3780.8253012
"91" 2015 23688 3485.57076
"92" 2015 18998 3101.99344
"93" 2015 14693.09 2654.52710485
"94" 2015 11329.63 2249.0448513
"95" 2015 8617.98 1886.2172826
"96" 2015 5116.97 1219.5274601
"97" 2015 3520.75 914.99011375
"98" 2015 2593.31 731.8061489
"99" 2015 1903.01 580.54174565
"100" 2015 1282.84 421.156372
"101" 2015 787.12 276.8064904
"102" 2015 523.25 196.18997125
"103" 2015 273.53 108.83621935
"104" 2015 194 81.5382
"105" 2015 90 39.7764
"106" 2015 39 18.0453
"107" 2015 32 15.43616
"108" 2015 15 7.51335
"109" 2015 10 5.18155
"110" 2015 5 3.816175
"111" 2015 2 2
"112" 2016 85527 243.75195
"113" 2016 82422 19.36917
"114" 2016 82848 14.08416
"115" 2016 89778 10.77336
"116" 2016 95790 7.18425
"117" 2016 99557 5.97342
"118" 2016 95990 5.27945
"119" 2016 100047 7.503525
"120" 2016 98178 8.83602
"121" 2016 100933 11.10263
"122" 2016 105032 9.97804
"123" 2016 103649 8.29192
"124" 2016 106493 11.181765
"125" 2016 107483 11.285715
"126" 2016 107105 12.317075
"127" 2016 116522 19.22613
"128" 2016 114083 20.53494
"129" 2016 110759 20.490415
"130" 2016 110205 28.102275
"131" 2016 108794 31.55026
"132" 2016 107261 32.1783
"133" 2016 106235 36.1199
"134" 2016 109849 40.64413
"135" 2016 110203 41.87714
"136" 2016 111584 39.0544
"137" 2016 111190 42.2522
"138" 2016 109943 42.87777
"139" 2016 111580 42.9583
"140" 2016 111541 46.289515
"141" 2016 113195 56.031525
"142" 2016 116496 63.49032
"143" 2016 124849 61.800255
"144" 2016 127763 71.54728
"145" 2016 134487 94.1409
"146" 2016 136434 98.91465
"147" 2016 143011 87.23671
"148" 2016 143473 91.105355
"149" 2016 148434 112.80984
"150" 2016 161307 143.56323
"151" 2016 165445 163.79055
"152" 2016 166042 172.68368
"153" 2016 163696 174.33624
"154" 2016 159156 186.21252
"155" 2016 159693 221.97327
"156" 2016 158502 250.43316
"157" 2016 153643 275.02097
"158" 2016 150201 295.144965
"159" 2016 149467 335.553415
"160" 2016 149749 366.88505
"161" 2016 151747 393.02473
"162" 2016 152942 442.00238
"163" 2016 154420 521.9396
"164" 2016 150707 583.989625
"165" 2016 150142 596.06374
"166" 2016 149350 644.44525
"167" 2016 148256 709.40496
"168" 2016 141289 702.20633
"169" 2016 140822 732.97851
"170" 2016 138849 805.3242
"171" 2016 134503 886.37477
"172" 2016 135416 957.39112
"173" 2016 130843 990.48151
"174" 2016 127419 1039.73904
"175" 2016 129420 1129.1895
"176" 2016 128757 1217.397435
"177" 2016 126071 1273.947455
"178" 2016 122427 1303.84755
"179" 2016 124338 1388.85546
"180" 2016 110997 1344.17367
"181" 2016 109913 1508.555925
"182" 2016 112476 1710.75996
"183" 2016 104660 1731.0764
"184" 2016 99458 1765.3795
"185" 2016 92182 1783.7217
"186" 2016 89862 1968.87642
"187" 2016 90102 2249.39643
"188" 2016 89529 2470.552755
"189" 2016 87387 2590.587615
"190" 2016 82887 2830.59105
"191" 2016 84082 3380.0964
"192" 2016 79719 3571.809795
"193" 2016 71693 3620.138035
"194" 2016 68199 3879.15912
"195" 2016 63313 4091.28606
"196" 2016 56948.15 4248.33199
"197" 2016 50318.89 4310.56771185
"198" 2016 45536.77 4349.6722704
"199" 2016 40196.85 4208.2082265
"200" 2016 33570.44 3923.3773228
"201" 2016 30116.63 4000.3919629
"202" 2016 24498.22 3604.7905819
"203" 2016 20042.62 3272.5589936
"204" 2016 15704.67 2837.28420555
"205" 2016 11884.82 2359.2556182
"206" 2016 8989.41 1967.5121667
"207" 2016 6647.81 1584.3725573
"208" 2016 3884.87 1009.61943995
"209" 2016 2600.68 733.8858892
"210" 2016 1838.24 560.7826856
"211" 2016 1316.96 432.357968
"212" 2016 849.8 298.849166
"213" 2016 486.1 182.2607645
"214" 2016 344.24 136.9713748
"215" 2016 164.53 69.151959
"216" 2016 122 53.91912
"217" 2016 51 23.5977
"218" 2016 18 8.68284
"219" 2016 19 9.51691
"220" 2016 7 3.627085
"221" 2016 4 3.05294
"222" 2016 3 3
"223" 2017 87075 248.16375
"224" 2017 85700 20.1395
"225" 2017 82572 14.03724
"226" 2017 82998 9.95976
"227" 2017 89899 6.742425
"228" 2017 95874 5.75244
"229" 2017 99649 5.480695
"230" 2017 96079 7.205925
"231" 2017 100132 9.01188
"232" 2017 98270 10.8097
"233" 2017 101032 9.59804
"234" 2017 105144 8.41152
"235" 2017 103783 10.897215
"236" 2017 106614 11.19447
"237" 2017 107595 12.373425
"238" 2017 107210 17.68965
"239" 2017 116538 20.97684
"240" 2017 113969 21.084265
"241" 2017 110584 28.19892
"242" 2017 109864 31.86056
"243" 2017 108253 32.4759
"244" 2017 106577 36.23618
"245" 2017 105417 39.00429
"246" 2017 109000 41.42
"247" 2017 109309 38.25815
"248" 2017 110691 42.06258
"249" 2017 110328 43.02792
"250" 2017 109168 42.02968
"251" 2017 110842 45.99943
"252" 2017 110890 54.89055
"253" 2017 112670 61.40515
"254" 2017 116033 57.436335
"255" 2017 124448 69.69088
"256" 2017 127464 89.2248
"257" 2017 134223 97.311675
"258" 2017 136199 83.08139
"259" 2017 142802 90.67927
"260" 2017 143227 108.85252
"261" 2017 148117 131.82413
"262" 2017 160908 159.29892
"263" 2017 165004 171.60416
"264" 2017 165565 176.326725
"265" 2017 163225 190.97325
"266" 2017 158705 220.59995
"267" 2017 159223 251.57234
"268" 2017 157965 282.75735
"269" 2017 153140 300.9201
"270" 2017 149703 336.083235
"271" 2017 148948 364.9226
"272" 2017 149228 386.50052
"273" 2017 151218 437.02002
"274" 2017 152416 515.16608
"275" 2017 153767 595.847125
"276" 2017 150033 595.63101
"277" 2017 149448 644.86812
"278" 2017 148635 711.218475
"279" 2017 147513 733.13961
"280" 2017 140513 731.370165
"281" 2017 140043 812.2494
"282" 2017 138101 910.08559
"283" 2017 133758 945.66906
"284" 2017 134598 1018.90686
"285" 2017 130011 1060.88976
"286" 2017 126558 1104.21855
"287" 2017 128468 1214.66494
"288" 2017 127804 1291.45942
"289" 2017 125016 1331.4204
"290" 2017 121272 1354.60824
"291" 2017 122971 1489.17881
"292" 2017 109732 1506.0717
"293" 2017 108427 1649.17467
"294" 2017 110944 1835.01376
"295" 2017 102934 1827.0785
"296" 2017 97648 1889.4888
"297" 2017 90291 1978.27581
"298" 2017 87814 2192.27651
"299" 2017 87817 2423.310115
"300" 2017 86864 2575.08328
"301" 2017 84476 2884.8554
"302" 2017 79709 3204.3018
"303" 2017 80643 3613.209615
"304" 2017 76064 3840.85168
"305" 2017 67803 3856.63464
"306" 2017 63979 4134.32298
"307" 2017 58816 4387.6736
"308" 2017 52519.68 4499.0983872
"309" 2017 45797.42 4374.5695584
"310" 2017 41025.31 4294.9397039
"311" 2017 35651.38 4166.5767806
"312" 2017 29391.01 3904.0078583
"313" 2017 25959.21 3819.76795545
"314" 2017 20684.85 3377.422308
"315" 2017 16611.29 3001.07870785
"316" 2017 12813.4 2543.588034
"317" 2017 9525.6 2084.868072
"318" 2017 6988.22 1665.5024726
"319" 2017 5043.67 1310.77417795
"320" 2017 2877.78 812.0807382
"321" 2017 1844.62 562.7290003
"322" 2017 1267.18 416.015194
"323" 2017 897.92 315.7715264
"324" 2017 565.78 212.1363821
"325" 2017 329.09 130.94326555
"326" 2017 191.23 80.373969
"327" 2017 104.53 46.1980788
"328" 2017 71 32.8517
"329" 2017 26 12.54188
"330" 2017 6 3.00534
"331" 2017 13 6.736015
"332" 2017 4 3.05294
"333" 2017 4 4
"334" 2018 86256 245.8296
"335" 2018 87318 20.51973
"336" 2018 85959 14.61303
"337" 2018 82821 9.93852
"338" 2018 83208 6.2406
"339" 2018 90098 5.40588
"340" 2018 96077 5.284235
"341" 2018 99845 7.488375
"342" 2018 96268 8.66412
"343" 2018 100324 11.03564
"344" 2018 98451 9.352845
"345" 2018 101208 8.09664
"346" 2018 105334 11.06007
"347" 2018 103952 10.91496
"348" 2018 106777 12.279355
"349" 2018 107730 17.77545
"350" 2018 107273 19.30914
"351" 2018 116510 21.55435
"352" 2018 113913 29.047815
"353" 2018 110485 32.04065
"354" 2018 109608 32.8824
"355" 2018 107896 36.68464
"356" 2018 106155 39.27735
"357" 2018 105008 39.90304
"358" 2018 108623 38.01805
"359" 2018 108991 41.41658
"360" 2018 110467 43.08213
"361" 2018 110170 42.41545
"362" 2018 109069 45.263635
"363" 2018 110770 54.83115
"364" 2018 110860 60.4187
"365" 2018 112705 55.788975
"366" 2018 116084 65.00704
"367" 2018 124526 87.1682
"368" 2018 127625 92.528125
"369" 2018 134403 81.98583
"370" 2018 136351 86.582885
"371" 2018 142904 108.60704
"372" 2018 143226 127.47114
"373" 2018 148034 146.55366
"374" 2018 160747 167.17688
"375" 2018 164729 175.436385
"376" 2018 165298 193.39866
"377" 2018 162903 226.43517
"378" 2018 158376 250.23408
"379" 2018 158873 284.38267
"380" 2018 157617 309.717405
"381" 2018 152803 343.042735
"382" 2018 149297 365.77765
"383" 2018 148519 384.66421
"384" 2018 148742 429.86438
"385" 2018 150676 509.28488
"386" 2018 151794 588.20175
"387" 2018 153100 607.807
"388" 2018 149337 644.389155
"389" 2018 148723 711.639555
"390" 2018 147897 735.04809
"391" 2018 146821 764.203305
"392" 2018 139794 810.8052
"393" 2018 139326 918.15834
"394" 2018 137326 970.89482
"395" 2018 133062 1007.27934
"396" 2018 133840 1092.1344
"397" 2018 129197 1127.243825
"398" 2018 125674 1188.24767
"399" 2018 127579 1289.185795
"400" 2018 126774 1350.1431
"401" 2018 123961 1384.64437
"402" 2018 120021 1453.45431
"403" 2018 121551 1668.287475
"404" 2018 108438 1649.34198
"405" 2018 106985 1769.5319
"406" 2018 109260 1939.365
"407" 2018 101117 1956.61395
"408" 2018 95703 2096.85273
"409" 2018 88276 2203.81034
"410" 2018 85726 2365.60897
"411" 2018 85397 2531.594065
"412" 2018 84110 2872.3565
"413" 2018 81488 3275.8176
"414" 2018 76459 3425.745495
"415" 2018 77094 3892.86153
"416" 2018 72264 4110.37632
"417" 2018 63788 4121.98056
"418" 2018 59745 4456.977
"419" 2018 54271 4649.125215
"420" 2018 47909.06 4576.2734112
"421" 2018 41238.81 4317.2910189
"422" 2018 36579.71 4275.0707077
"423" 2018 31386.84 4169.1139572
"424" 2018 25377.51 3734.17370895
"425" 2018 21959.72 3585.5830816
"426" 2018 17170.44 3102.0975426
"427" 2018 13596.95 2699.1305445
"428" 2018 10306.12 2255.7004844
"429" 2018 7480.38 1782.7989654
"430" 2018 5342.04 1388.3160654
"431" 2018 3781.54 1067.1127726
"432" 2018 2098.7 640.2399155
"433" 2018 1314.57 431.573331
"434" 2018 884.14 310.9255138
"435" 2018 588.88 220.7976116
"436" 2018 376.77 149.91489915
"437" 2018 208.09 87.460227
"438" 2018 107.23 47.3913708
"439" 2018 57.53 26.619131
"440" 2018 39 18.81282
"441" 2018 12 6.01068
"442" 2018 4 2.07262
"443" 2018 9 6.869115
"444" 2018 2 2
"445" 2019 86965 247.85025
"446" 2019 86531 20.334785
"447" 2019 87601 14.89217
"448" 2019 86251 10.35012
"449" 2019 83113 6.233475
"450" 2019 83489 5.00934
"451" 2019 90364 4.97002
"452" 2019 96321 7.224075
"453" 2019 100087 9.00783
"454" 2019 96493 10.61423
"455" 2019 100551 9.552345
"456" 2019 98693 7.89544
"457" 2019 101432 10.65036
"458" 2019 105544 11.08212
"459" 2019 104131 11.975065
"460" 2019 106945 17.645925
"461" 2019 107826 19.40868
"462" 2019 107338 19.85753
"463" 2019 116597 29.732235
"464" 2019 114038 33.07102
"465" 2019 110497 33.1491
"466" 2019 109520 37.2368
"467" 2019 107756 39.86972
"468" 2019 106024 40.28912
"469" 2019 104908 36.7178
"470" 2019 108520 41.2376
"471" 2019 108957 42.49323
"472" 2019 110462 42.52787
"473" 2019 110225 45.743375
"474" 2019 109166 54.03717
"475" 2019 110896 60.43832
"476" 2019 111045 54.967275
"477" 2019 112981 63.26936
"478" 2019 116361 81.4527
"479" 2019 124832 90.5032
"480" 2019 127950 78.0495
"481" 2019 134711 85.541485
"482" 2019 136651 103.85476
"483" 2019 143090 127.3501
"484" 2019 143362 141.92838
"485" 2019 148057 153.97928
"486" 2019 160702 171.14763
"487" 2019 164585 192.56445
"488" 2019 165091 229.47649
"489" 2019 162681 257.03598
"490" 2019 158109 283.01511
"491" 2019 158600 311.649
"492" 2019 157270 353.07115
"493" 2019 152469 373.54905
"494" 2019 148929 385.72611
"495" 2019 148096 427.99744
"496" 2019 148215 500.9667
"497" 2019 150093 581.610375
"498" 2019 151140 600.0258
"499" 2019 152439 657.774285
"500" 2019 148601 711.055785
"501" 2019 148012 735.61964
"502" 2019 147150 765.91575
"503" 2019 146091 847.3278
"504" 2019 139084 916.56356
"505" 2019 138599 979.89493
"506" 2019 136547 1033.66079
"507" 2019 132255 1079.2008
"508" 2019 133047 1160.835075
"509" 2019 128306 1213.13323
"510" 2019 124697 1260.063185
"511" 2019 126596 1348.2474
"512" 2019 125585 1402.78445
"513" 2019 122704 1485.94544
"514" 2019 118591 1627.661475
"515" 2019 120026 1825.59546
"516" 2019 106888 1767.92752
"517" 2019 105187 1867.06925
"518" 2019 107339 2077.00965
"519" 2019 99000 2169.09
"520" 2019 93500 2334.2275
"521" 2019 86041 2374.301395
"522" 2019 83187 2466.078615
"523" 2019 82615 2821.30225
"524" 2019 80813 3248.6826
"525" 2019 78136 3500.88348
"526" 2019 72666 3669.26967
"527" 2019 72947 4149.22536
"528" 2019 68020 4395.4524
"529" 2019 59413 4432.2098
"530" 2019 55020 4713.2883
"531" 2019 49544 4732.44288
"532" 2019 43163.77 4518.8150813
"533" 2019 36702.54 4289.4258498
"534" 2019 32074.44 4260.4478652
"535" 2019 27057.59 3981.38908055
"536" 2019 21491.31 3509.1010968
"537" 2019 18261.52 3299.2175108
"538" 2019 13999.27 2778.9950877
"539" 2019 10886.81 2382.7961047
"540" 2019 7974 1900.44342
"541" 2019 5768.3 1499.0946455
"542" 2019 3919.97 1106.1763343
"543" 2019 2752.49 839.68836185
"544" 2019 1428.67 469.032361
"545" 2019 901.55 317.0480885
"546" 2019 566.14 212.2713623
"547" 2019 362.88 144.3881376
"548" 2019 219.77 92.369331
"549" 2019 122.09 53.9588964
"550" 2019 61.23 28.331121
"551" 2019 35.53 17.1389614
"552" 2019 14 7.01246
"553" 2019 5 2.590775
"554" 2019 2 1.52647
"555" 2019 3 3
"556" 2020 86834 247.4769
"557" 2020 87429 20.545815
"558" 2020 87024 14.79408
"559" 2020 88117 10.57404
"560" 2020 86798 6.50985
"561" 2020 83647 5.01882
"562" 2020 84015 4.620825
"563" 2020 90829 6.812175
"564" 2020 96802 8.71218
"565" 2020 100550 11.0605
"566" 2020 96939 9.209205
"567" 2020 100969 8.07752
"568" 2020 99152 10.41096
"569" 2020 101890 10.69845
"570" 2020 105990 12.18885
"571" 2020 104572 17.25438
"572" 2020 107321 19.31778
"573" 2020 108172 20.01182
"574" 2020 108011 27.542805
"575" 2020 117246 34.00134
"576" 2020 114629 34.3887
"577" 2020 110982 37.73388
"578" 2020 109967 40.68779
"579" 2020 108260 41.1388
"580" 2020 106606 37.3121
"581" 2020 105583 40.12154
"582" 2020 109358 42.64962
"583" 2020 109875 42.301875
"584" 2020 111507 46.275405
"585" 2020 111357 55.121715
"586" 2020 110399 60.167455
"587" 2020 112149 55.513755
"588" 2020 112304 62.89024
"589" 2020 114225 79.9575
"590" 2020 117517 85.199825
"591" 2020 126052 76.89172
"592" 2020 129176 82.02676
"593" 2020 135741 103.16316
"594" 2020 137549 122.41861
"595" 2020 143904 142.46496
"596" 2020 144018 149.77872
"597" 2020 148627 158.287755
"598" 2020 161179 188.57943
"599" 2020 164985 229.32915
"600" 2020 165415 261.3557
"601" 2020 162941 291.66439
"602" 2020 158296 311.05164
"603" 2020 158750 356.39375
"604" 2020 157282 385.3409
"605" 2020 152464 394.88176
"606" 2020 148827 430.11003
"607" 2020 147914 499.94932
"608" 2020 147914 573.16675
"609" 2020 149716 594.37252
"610" 2020 150807 650.732205
"611" 2020 152004 727.33914
"612" 2020 148181 736.45957
"613" 2020 147598 768.24759
"614" 2020 146745 851.121
"615" 2020 145613 959.58967
"616" 2020 138619 980.03633
"617" 2020 138144 1045.75008
"618" 2020 136027 1109.98032
"619" 2020 131657 1148.707325
"620" 2020 132315 1251.038325
"621" 2020 127516 1288.54918
"622" 2020 123831 1318.80015
"623" 2020 125594 1402.88498
"624" 2020 124486 1507.52546
"625" 2020 121485 1667.381625
"626" 2020 117104 1781.15184
"627" 2020 118474 1959.55996
"628" 2020 105282 1868.7555
"629" 2020 103376 2000.3256
"630" 2020 105355 2308.32805
"631" 2020 96876 2418.50934
"632" 2020 91155 2515.422225
"633" 2020 83719 2481.849755
"634" 2020 80686 2755.4269
"635" 2020 79622 3200.8044
"636" 2020 77428 3469.16154
"637" 2020 74666 3770.25967
"638" 2020 68791 3912.83208
"639" 2020 68750 4442.625
"640" 2020 63619 4745.9774
"641" 2020 54896 4702.66584
"642" 2020 50235 4798.4472
"643" 2020 44963 4707.17647
"644" 2020 38602.02 4511.4180774
"645" 2020 32420.84 4306.4601772
"646" 2020 27767.75 4085.88557375
"647" 2020 23030.98 3760.4984144
"648" 2020 18022.79 3256.08735535
"649" 2020 14992.06 2976.0738306
"650" 2020 11250.89 2462.4822943
"651" 2020 8477.46 2020.4330418
"652" 2020 6086.76 1581.8576226
"653" 2020 4262.11 1202.7248209
"654" 2020 2846.84 868.4712446
"655" 2020 1939.39 636.701737
"656" 2020 977.62 343.7996254
"657" 2020 601.52 225.5369164
"658" 2020 359.11 142.88807345
"659" 2020 240.88 101.241864
"660" 2020 136.77 60.4468692
"661" 2020 58.09 26.878243
"662" 2020 35.23 16.9942474
"663" 2020 23.53 11.7859417
"664" 2020 8 4.14524
"665" 2020 4 3.05294
"666" 2020 1 1
"667" 2021 84603 241.11855
"668" 2021 87256 20.50516
"669" 2021 87913 14.94521
"670" 2021 87566 10.50792
"671" 2021 88696 6.6522
"672" 2021 87368 5.24208
"673" 2021 84192 4.63056
"674" 2021 84547 6.341025
"675" 2021 91323 8.21907
"676" 2021 97276 10.70036
"677" 2021 101022 9.59709
"678" 2021 97436 7.79488
"679" 2021 101465 10.653825
"680" 2021 99608 10.45884
"681" 2021 102357 11.771055
"682" 2021 106443 17.563095
"683" 2021 104949 18.89082
"684" 2021 107667 19.918395
"685" 2021 108781 27.739155
"686" 2021 108601 31.49429
"687" 2021 117773 35.3319
"688" 2021 115111 39.13774
"689" 2021 111473 41.24501
"690" 2021 110541 42.00558
"691" 2021 108895 38.11325
"692" 2021 107330 40.7854
"693" 2021 106414 41.50146
"694" 2021 110328 42.47628
"695" 2021 110890 46.01935
"696" 2021 112631 55.752345
"697" 2021 112573 61.352285
"698" 2021 111641 55.262295
"699" 2021 113286 63.44016
"700" 2021 113417 79.3919
"701" 2021 115335 83.617875
"702" 2021 118536 72.30696
"703" 2021 127062 80.68437
"704" 2021 130090 98.8684
"705" 2021 136568 121.54552
"706" 2021 137969 136.58931
"707" 2021 144490 150.2696
"708" 2021 144521 153.914865
"709" 2021 148988 174.31596
"710" 2021 161470 224.4433
"711" 2021 165204 261.02232
"712" 2021 165565 296.36135
"713" 2021 163025 320.344125
"714" 2021 158349 355.493505
"715" 2021 158724 388.8738
"716" 2021 157155 407.03145
"717" 2021 152225 439.93025
"718" 2021 148521 502.00098
"719" 2021 147533 571.690375
"720" 2021 147464 585.43208
"721" 2021 149278 644.13457
"722" 2021 150333 719.343405
"723" 2021 151543 753.16871
"724" 2021 147664 768.59112
"725" 2021 147051 852.8958
"726" 2021 146138 963.04942
"727" 2021 145054 1025.53178
"728" 2021 137941 1044.21337
"729" 2021 137449 1121.58384
"730" 2021 135226 1179.84685
"731" 2021 130761 1236.345255
"732" 2021 131364 1327.43322
"733" 2021 126474 1346.9481
"734" 2021 122602 1369.46434
"735" 2021 124342 1505.78162
"736" 2021 123059 1688.984775
"737" 2021 119986 1824.98706
"738" 2021 115348 1907.85592
"739" 2021 116561 2068.95775
"740" 2021 103254 1997.9649
"741" 2021 101123 2215.60493
"742" 2021 102895 2568.773675
"743" 2021 94278 2601.60141
"744" 2021 88326 2618.42427
"745" 2021 80850 2761.0275
"746" 2021 77596 3119.3592
"747" 2021 76124 3410.73582
"748" 2021 73448 3708.75676
"749" 2021 70402 4004.46576
"750" 2021 64342 4157.78004
"751" 2021 63752 4755.8992
"752" 2021 58734 5031.44811
"753" 2021 49919 4768.26288
"754" 2021 44986 4709.58434
"755" 2021 39729 4643.12823
"756" 2021 33604.41 4463.6737803
"757" 2021 27632.29 4065.95331205
"758" 2021 23178.24 3784.5430272
"759" 2021 18982.55 3429.48239575
"760" 2021 14520.42 2882.4485742
"761" 2021 11785.74 2579.5449138
"762" 2021 8651.65 2061.9477445
"763" 2021 6367.28 1654.7605628
"764" 2021 4493.61 1268.0518059
"765" 2021 3001 915.500065
"766" 2021 1992.77 654.226391
"767" 2021 1283.35 451.3156945
"768" 2021 639.6 239.814822
"769" 2021 372.5 148.2158875
"770" 2021 223.1 93.76893
"771" 2021 134.88 59.6115648
"772" 2021 70.77 32.745279
"773" 2021 31.09 14.9971942
"774" 2021 18.23 9.1312247
"775" 2021 13.53 7.01063715
"776" 2021 5 3.816175
"777" 2021 1 1
