"year" "population" "expected"
"1" 2015 82264 244.32408
"2" 2015 82701 17.780715
"3" 2015 89661 15.24237
"4" 2015 95685 11.003775
"5" 2015 99488 8.45648
"6" 2015 95928 9.5928
"7" 2015 99991 10.99901
"8" 2015 98088 9.31836
"9" 2015 100841 9.579895
"10" 2015 104920 9.9674
"11" 2015 103515 10.3515
"12" 2015 106342 9.03907
"13" 2015 107357 5.904635
"14" 2015 106992 9.09432
"15" 2015 116468 15.14084
"16" 2015 114080 16.5416
"17" 2015 110885 18.85045
"18" 2015 110409 24.842025
"19" 2015 109201 32.7603
"20" 2015 107798 36.65132
"21" 2015 106912 35.28096
"22" 2015 110635 35.4032
"23" 2015 111068 35.54176
"24" 2015 112444 37.66874
"25" 2015 112049 39.21715
"26" 2015 110772 40.98564
"27" 2015 112382 43.26707
"28" 2015 112345 46.06145
"29" 2015 113884 50.67838
"30" 2015 117122 54.46173
"31" 2015 125402 62.701
"32" 2015 128227 65.39577
"33" 2015 134905 66.10345
"34" 2015 136772 71.12144
"35" 2015 143346 89.59125
"36" 2015 143812 95.63498
"37" 2015 148792 107.8742
"38" 2015 161734 139.09124
"39" 2015 165911 146.00168
"40" 2015 166501 166.501
"41" 2015 164170 206.8542
"42" 2015 159635 226.6817
"43" 2015 160206 237.10488
"44" 2015 159019 247.274545
"45" 2015 154244 273.01188
"46" 2015 150839 314.499315
"47" 2015 150119 357.28322
"48" 2015 150434 388.11972
"49" 2015 152310 411.237
"50" 2015 153504 432.88128
"51" 2015 155002 472.7561
"52" 2015 151275 534.00075
"53" 2015 150820 589.7062
"54" 2015 150038 606.15352
"55" 2015 148965 664.3839
"56" 2015 142061 704.62256
"57" 2015 141522 712.56327
"58" 2015 139560 757.113
"59" 2015 135231 795.834435
"60" 2015 136177 885.1505
"61" 2015 131698 968.63879
"62" 2015 128257 978.60091
"63" 2015 130338 1047.91752
"64" 2015 129614 1073.85199
"65" 2015 126988 1123.20886
"66" 2015 123489 1215.749205
"67" 2015 125484 1310.68038
"68" 2015 112106 1308.27702
"69" 2015 111266 1461.47891
"70" 2015 113991 1624.941705
"71" 2015 106268 1660.4375
"72" 2015 101149 1757.463875
"73" 2015 93907 1776.72044
"74" 2015 91698 1890.81276
"75" 2015 92174 2111.24547
"76" 2015 91858 2364.88421
"77" 2015 89955 2650.0743
"78" 2015 85770 2850.56595
"79" 2015 87284 3252.20184
"80" 2015 83198 3528.84317
"81" 2015 75290 3615.80225
"82" 2015 72160 4014.6216
"83" 2015 67657 4389.247875
"84" 2015 61290.69 4384.1230557
"85" 2015 54753.42 4365.4901766
"86" 2015 50051.3 4501.8641785
"87" 2015 44660.36 4444.3757254
"88" 2015 37793.91 4276.0029774
"89" 2015 34420.08 4372.210662
"90" 2015 28463.64 3940.9332762
"91" 2015 23688 3705.27696
"92" 2015 18998 3258.53696
"93" 2015 14693.09 2749.88525895
"94" 2015 11329.63 2384.03739275
"95" 2015 8617.98 1973.9914089
"96" 2015 5116.97 1266.8594326
"97" 2015 3520.75 947.41622125
"98" 2015 2593.31 755.3534037
"99" 2015 1903.01 597.38338415
"100" 2015 1282.84 432.092583
"101" 2015 787.12 283.1979048
"102" 2015 523.25 200.1902175
"103" 2015 273.53 110.78101765
"104" 2015 194 82.80502
"105" 2015 90 40.30965
"106" 2015 39 18.25239
"107" 2015 32 15.5864
"108" 2015 15 7.574775
"109" 2015 10 5.2168
"110" 2015 5 3.8243
"111" 2015 2 2
"112" 2016 85527 254.01519
"113" 2016 82422 17.72073
"114" 2016 82848 14.08416
"115" 2016 89778 10.32447
"116" 2016 95790 8.14215
"117" 2016 99557 9.9557
"118" 2016 95990 10.5589
"119" 2016 100047 9.504465
"120" 2016 98178 9.32691
"121" 2016 100933 9.588635
"122" 2016 105032 10.5032
"123" 2016 103649 8.810165
"124" 2016 106493 5.857115
"125" 2016 107483 9.136055
"126" 2016 107105 13.92365
"127" 2016 116522 16.89569
"128" 2016 114083 19.39411
"129" 2016 110759 24.920775
"130" 2016 110205 33.0615
"131" 2016 108794 36.98996
"132" 2016 107261 35.39613
"133" 2016 106235 33.9952
"134" 2016 109849 35.15168
"135" 2016 110203 36.918005
"136" 2016 111584 39.0544
"137" 2016 111190 41.1403
"138" 2016 109943 42.328055
"139" 2016 111580 45.7478
"140" 2016 111541 49.635745
"141" 2016 113195 52.635675
"142" 2016 116496 58.248
"143" 2016 124849 63.67299
"144" 2016 127763 62.60387
"145" 2016 134487 69.93324
"146" 2016 136434 85.27125
"147" 2016 143011 95.102315
"148" 2016 143473 104.017925
"149" 2016 148434 127.65324
"150" 2016 161307 141.95016
"151" 2016 165445 165.445
"152" 2016 166042 209.21292
"153" 2016 163696 232.44832
"154" 2016 159156 235.55088
"155" 2016 159693 248.322615
"156" 2016 158502 280.54854
"157" 2016 153643 320.345655
"158" 2016 150201 357.47838
"159" 2016 149467 385.62486
"160" 2016 149749 404.3223
"161" 2016 151747 427.92654
"162" 2016 152942 466.4731
"163" 2016 154420 545.1026
"164" 2016 150707 589.26437
"165" 2016 150142 606.57368
"166" 2016 149350 666.101
"167" 2016 148256 735.34976
"168" 2016 141289 711.390115
"169" 2016 140822 763.95935
"170" 2016 138849 817.126365
"171" 2016 134503 874.2695
"172" 2016 135416 995.98468
"173" 2016 130843 998.33209
"174" 2016 127419 1024.44876
"175" 2016 129420 1072.2447
"176" 2016 128757 1138.855665
"177" 2016 126071 1241.168995
"178" 2016 122427 1278.750015
"179" 2016 124338 1451.02446
"180" 2016 110997 1457.945595
"181" 2016 109913 1566.809815
"182" 2016 112476 1757.4375
"183" 2016 104660 1818.4675
"184" 2016 99458 1881.74536
"185" 2016 92182 1900.79284
"186" 2016 89862 2058.28911
"187" 2016 90102 2319.67599
"188" 2016 89529 2637.52434
"189" 2016 87387 2904.306945
"190" 2016 82887 3088.36962
"191" 2016 84082 3566.33803
"192" 2016 79719 3828.504975
"193" 2016 71693 3988.640055
"194" 2016 68199 4424.410125
"195" 2016 63313 4528.77889
"196" 2016 56948.15 4540.4759995
"197" 2016 50318.89 4525.93256105
"198" 2016 45536.77 4531.59166655
"199" 2016 40196.85 4547.871609
"200" 2016 33570.44 4264.285141
"201" 2016 30116.63 4169.79800665
"202" 2016 24498.22 3832.0115724
"203" 2016 20042.62 3437.7101824
"204" 2016 15704.67 2939.20751385
"205" 2016 11884.82 2500.8632485
"206" 2016 8989.41 2059.06930755
"207" 2016 6647.81 1645.8647998
"208" 2016 3884.87 1045.39909265
"209" 2016 2600.68 757.5000636
"210" 2016 1838.24 577.0511096
"211" 2016 1316.96 443.585052
"212" 2016 849.8 305.749542
"213" 2016 486.1 185.976999
"214" 2016 344.24 139.4189212
"215" 2016 164.53 70.2263399
"216" 2016 122 54.64197
"217" 2016 51 23.86851
"218" 2016 18 8.76735
"219" 2016 19 9.594715
"220" 2016 7 3.65176
"221" 2016 4 3.05944
"222" 2016 3 3
"223" 2017 87075 258.61275
"224" 2017 85700 18.4255
"225" 2017 82572 14.03724
"226" 2017 82998 9.54477
"227" 2017 89899 7.641415
"228" 2017 95874 9.5874
"229" 2017 99649 10.96139
"230" 2017 96079 9.127505
"231" 2017 100132 9.51254
"232" 2017 98270 9.33565
"233" 2017 101032 10.1032
"234" 2017 105144 8.93724
"235" 2017 103783 5.708065
"236" 2017 106614 9.06219
"237" 2017 107595 13.98735
"238" 2017 107210 15.54545
"239" 2017 116538 19.81146
"240" 2017 113969 25.643025
"241" 2017 110584 33.1752
"242" 2017 109864 37.35376
"243" 2017 108253 35.72349
"244" 2017 106577 34.10464
"245" 2017 105417 33.73344
"246" 2017 109000 36.515
"247" 2017 109309 38.25815
"248" 2017 110691 40.95567
"249" 2017 110328 42.47628
"250" 2017 109168 44.75888
"251" 2017 110842 49.32469
"252" 2017 110890 51.56385
"253" 2017 112670 56.335
"254" 2017 116033 59.17683
"255" 2017 124448 60.97952
"256" 2017 127464 66.28128
"257" 2017 134223 83.889375
"258" 2017 136199 90.572335
"259" 2017 142802 103.53145
"260" 2017 143227 123.17522
"261" 2017 148117 130.34296
"262" 2017 160908 160.908
"263" 2017 165004 207.90504
"264" 2017 165565 235.1023
"265" 2017 163225 241.573
"266" 2017 158705 246.786275
"267" 2017 159223 281.82471
"268" 2017 157965 329.357025
"269" 2017 153140 364.4732
"270" 2017 149703 386.23374
"271" 2017 148948 402.1596
"272" 2017 149228 420.82296
"273" 2017 151218 461.2149
"274" 2017 152416 538.02848
"275" 2017 153767 601.22897
"276" 2017 150033 606.13332
"277" 2017 149448 666.53808
"278" 2017 148635 737.2296
"279" 2017 147513 742.727955
"280" 2017 140513 762.283025
"281" 2017 140043 824.153055
"282" 2017 138101 897.6565
"283" 2017 133758 983.79009
"284" 2017 134598 1026.98274
"285" 2017 130011 1045.28844
"286" 2017 126558 1048.53303
"287" 2017 128468 1136.29946
"288" 2017 127804 1258.23038
"289" 2017 125016 1305.79212
"290" 2017 121272 1415.24424
"291" 2017 122971 1615.224085
"292" 2017 109732 1564.22966
"293" 2017 108427 1694.171875
"294" 2017 110944 1927.652
"295" 2017 102934 1947.51128
"296" 2017 97648 2013.50176
"297" 2017 90291 2068.115355
"298" 2017 87814 2260.77143
"299" 2017 87817 2587.08882
"300" 2017 86864 2886.92504
"301" 2017 84476 3147.57576
"302" 2017 79709 3380.857235
"303" 2017 80643 3872.880075
"304" 2017 76064 4231.82064
"305" 2017 67803 4398.719625
"306" 2017 63979 4576.41787
"307" 2017 58816 4689.39968
"308" 2017 52519.68 4723.8826176
"309" 2017 45797.42 4557.5302513
"310" 2017 41025.31 4641.6035734
"311" 2017 35651.38 4528.6165445
"312" 2017 29391.01 4069.33228955
"313" 2017 25959.21 4060.5396282
"314" 2017 20684.85 3547.865472
"315" 2017 16611.29 3108.88597995
"316" 2017 12813.4 2696.259695
"317" 2017 9525.6 2181.886308
"318" 2017 6988.22 1730.1435076
"319" 2017 5043.67 1357.22637865
"320" 2017 2877.78 838.2109806
"321" 2017 1844.62 579.0538873
"322" 2017 1267.18 426.8179035
"323" 2017 897.92 323.0626368
"324" 2017 565.78 216.4617702
"325" 2017 329.09 133.28309545
"326" 2017 191.23 81.6227009
"327" 2017 104.53 46.81741905
"328" 2017 71 33.22871
"329" 2017 26 12.66395
"330" 2017 6 3.02991
"331" 2017 13 6.78184
"332" 2017 4 3.05944
"333" 2017 4 4
"334" 2018 86256 256.18032
"335" 2018 87318 18.77337
"336" 2018 85959 14.61303
"337" 2018 82821 9.524415
"338" 2018 83208 7.07268
"339" 2018 90098 9.0098
"340" 2018 96077 10.56847
"341" 2018 99845 9.485275
"342" 2018 96268 9.14546
"343" 2018 100324 9.53078
"344" 2018 98451 9.8451
"345" 2018 101208 8.60268
"346" 2018 105334 5.79337
"347" 2018 103952 8.83592
"348" 2018 106777 13.88101
"349" 2018 107730 15.62085
"350" 2018 107273 18.23641
"351" 2018 116510 26.21475
"352" 2018 113913 34.1739
"353" 2018 110485 37.5649
"354" 2018 109608 36.17064
"355" 2018 107896 34.52672
"356" 2018 106155 33.9696
"357" 2018 105008 35.17768
"358" 2018 108623 38.01805
"359" 2018 108991 40.32667
"360" 2018 110467 42.529795
"361" 2018 110170 45.1697
"362" 2018 109069 48.535705
"363" 2018 110770 51.50805
"364" 2018 110860 55.43
"365" 2018 112705 57.47955
"366" 2018 116084 56.88116
"367" 2018 124526 64.75352
"368" 2018 127625 79.765625
"369" 2018 134403 89.377995
"370" 2018 136351 98.854475
"371" 2018 142904 122.89744
"372" 2018 143226 126.03888
"373" 2018 148034 148.034
"374" 2018 160747 202.54122
"375" 2018 164729 233.91518
"376" 2018 165298 244.64104
"377" 2018 162903 253.314165
"378" 2018 158376 280.32552
"379" 2018 158873 331.250205
"380" 2018 157617 375.12846
"381" 2018 152803 394.23174
"382" 2018 149297 403.1019
"383" 2018 148519 418.82358
"384" 2018 148742 453.6631
"385" 2018 150676 531.88628
"386" 2018 151794 593.51454
"387" 2018 153100 618.524
"388" 2018 149337 666.04302
"389" 2018 148723 737.66608
"390" 2018 147897 744.661395
"391" 2018 146821 796.503925
"392" 2018 139794 822.68769
"393" 2018 139326 905.619
"394" 2018 137326 1010.03273
"395" 2018 133062 1015.26306
"396" 2018 133840 1076.0736
"397" 2018 129197 1070.397145
"398" 2018 125674 1111.58653
"399" 2018 127579 1256.015255
"400" 2018 126774 1324.15443
"401" 2018 123961 1446.62487
"402" 2018 120021 1576.475835
"403" 2018 121551 1732.709505
"404" 2018 108438 1694.34375
"405" 2018 106985 1858.864375
"406" 2018 109260 2067.1992
"407" 2018 101117 2085.03254
"408" 2018 95703 2192.077215
"409" 2018 88276 2272.66562
"410" 2018 85726 2525.48796
"411" 2018 85397 2838.169295
"412" 2018 84110 3133.9386
"413" 2018 81488 3456.31352
"414" 2018 76459 3671.943475
"415" 2018 77094 4289.12469
"416" 2018 72264 4688.127
"417" 2018 63788 4562.75564
"418" 2018 59745 4763.46885
"419" 2018 54271 4881.405095
"420" 2018 47909.06 4767.6701059
"421" 2018 41238.81 4665.7589634
"422" 2018 36579.71 4646.53766275
"423" 2018 31386.84 4345.6649322
"424" 2018 25377.51 3969.5501142
"425" 2018 21959.72 3766.5311744
"426" 2018 17170.44 3213.5336982
"427" 2018 13596.95 2861.13820375
"428" 2018 10306.12 2360.6683166
"429" 2018 7480.38 1851.9924804
"430" 2018 5342.04 1437.5162538
"431" 2018 3781.54 1101.4491558
"432" 2018 2098.7 658.8134105
"433" 2018 1314.57 442.78004025
"434" 2018 884.14 318.1047306
"435" 2018 588.88 225.2995992
"436" 2018 376.77 152.59373385
"437" 2018 208.09 88.8190547
"438" 2018 107.23 48.02670855
"439" 2018 57.53 26.9246153
"440" 2018 39 18.995925
"441" 2018 12 6.05982
"442" 2018 4 2.08672
"443" 2018 9 6.88374
"444" 2018 2 2
"445" 2019 86965 258.28605
"446" 2019 86531 18.604165
"447" 2019 87601 14.89217
"448" 2019 86251 9.918865
"449" 2019 83113 7.064605
"450" 2019 83489 8.3489
"451" 2019 90364 9.94004
"452" 2019 96321 9.150495
"453" 2019 100087 9.508265
"454" 2019 96493 9.166835
"455" 2019 100551 10.0551
"456" 2019 98693 8.388905
"457" 2019 101432 5.57876
"458" 2019 105544 8.97124
"459" 2019 104131 13.53703
"460" 2019 106945 15.507025
"461" 2019 107826 18.33042
"462" 2019 107338 24.15105
"463" 2019 116597 34.9791
"464" 2019 114038 38.77292
"465" 2019 110497 36.46401
"466" 2019 109520 35.0464
"467" 2019 107756 34.48192
"468" 2019 106024 35.51804
"469" 2019 104908 36.7178
"470" 2019 108520 40.1524
"471" 2019 108957 41.948445
"472" 2019 110462 45.28942
"473" 2019 110225 49.050125
"474" 2019 109166 50.76219
"475" 2019 110896 55.448
"476" 2019 111045 56.63295
"477" 2019 112981 55.36069
"478" 2019 116361 60.50772
"479" 2019 124832 78.02
"480" 2019 127950 85.08675
"481" 2019 134711 97.665475
"482" 2019 136651 117.51986
"483" 2019 143090 125.9192
"484" 2019 143362 143.362
"485" 2019 148057 186.55182
"486" 2019 160702 228.19684
"487" 2019 164585 243.5858
"488" 2019 165091 256.716505
"489" 2019 162681 287.94537
"490" 2019 158109 329.657265
"491" 2019 158600 377.468
"492" 2019 157270 405.7566
"493" 2019 152469 411.6663
"494" 2019 148929 419.97978
"495" 2019 148096 451.6928
"496" 2019 148215 523.19895
"497" 2019 150093 586.86363
"498" 2019 151140 610.6056
"499" 2019 152439 679.87794
"500" 2019 148601 737.06096
"501" 2019 148012 745.24042
"502" 2019 147150 798.28875
"503" 2019 146091 859.745535
"504" 2019 139084 904.046
"505" 2019 138599 1019.395645
"506" 2019 136547 1041.85361
"507" 2019 132255 1063.3302
"508" 2019 133047 1102.294395
"509" 2019 128306 1134.86657
"510" 2019 124697 1227.641965
"511" 2019 126596 1322.29522
"512" 2019 125585 1465.57695
"513" 2019 122704 1611.71704
"514" 2019 118591 1690.514705
"515" 2019 120026 1875.40625
"516" 2019 106888 1857.179
"517" 2019 105187 1990.13804
"518" 2019 107339 2213.33018
"519" 2019 99000 2267.595
"520" 2019 93500 2407.1575
"521" 2019 86041 2534.76786
"522" 2019 83187 2764.719945
"523" 2019 82615 3078.2349
"524" 2019 80813 3427.683395
"525" 2019 78136 3752.4814
"526" 2019 72666 4042.77291
"527" 2019 72947 4732.436625
"528" 2019 68020 4865.4706
"529" 2019 59413 4736.99849
"530" 2019 55020 4948.7739
"531" 2019 49544 4930.37116
"532" 2019 43163.77 4883.5489378
"533" 2019 36702.54 4662.1401435
"534" 2019 32074.44 4440.8665902
"535" 2019 27057.59 4232.3482278
"536" 2019 21491.31 3686.1894912
"537" 2019 18261.52 3417.7347756
"538" 2019 13999.27 2945.79638975
"539" 2019 10886.81 2493.67826455
"540" 2019 7974 1974.20292
"541" 2019 5768.3 1552.2206885
"542" 2019 3919.97 1141.7696619
"543" 2019 2752.49 864.04789835
"544" 2019 1428.67 481.21177275
"545" 2019 901.55 324.3686745
"546" 2019 566.14 216.5995026
"547" 2019 362.88 146.9682144
"548" 2019 219.77 93.8044291
"549" 2019 122.09 54.68227965
"550" 2019 61.23 28.6562523
"551" 2019 35.53 17.30577475
"552" 2019 14 7.06979
"553" 2019 5 2.6084
"554" 2019 2 1.52972
"555" 2019 3 3
"556" 2020 86834 257.89698
"557" 2020 87429 18.797235
"558" 2020 87024 14.79408
"559" 2020 88117 10.133455
"560" 2020 86798 7.37783
"561" 2020 83647 8.3647
"562" 2020 84015 9.24165
"563" 2020 90829 8.628755
"564" 2020 96802 9.19619
"565" 2020 100550 9.55225
"566" 2020 96939 9.6939
"567" 2020 100969 8.582365
"568" 2020 99152 5.45336
"569" 2020 101890 8.66065
"570" 2020 105990 13.7787
"571" 2020 104572 15.16294
"572" 2020 107321 18.24457
"573" 2020 108172 24.3387
"574" 2020 108011 32.4033
"575" 2020 117246 39.86364
"576" 2020 114629 37.82757
"577" 2020 110982 35.51424
"578" 2020 109967 35.18944
"579" 2020 108260 36.2671
"580" 2020 106606 37.3121
"581" 2020 105583 39.06571
"582" 2020 109358 42.10283
"583" 2020 109875 45.04875
"584" 2020 111507 49.620615
"585" 2020 111357 51.781005
"586" 2020 110399 55.1995
"587" 2020 112149 57.19599
"588" 2020 112304 55.02896
"589" 2020 114225 59.397
"590" 2020 117517 73.448125
"591" 2020 126052 83.82458
"592" 2020 129176 93.6526
"593" 2020 135741 116.73726
"594" 2020 137549 121.04312
"595" 2020 143904 143.904
"596" 2020 144018 181.46268
"597" 2020 148627 211.05034
"598" 2020 161179 238.54492
"599" 2020 164985 256.551675
"600" 2020 165415 292.78455
"601" 2020 162941 339.731985
"602" 2020 158296 376.74448
"603" 2020 158750 409.575
"604" 2020 157282 424.6614
"605" 2020 152464 429.94848
"606" 2020 148827 453.92235
"607" 2020 147914 522.13642
"608" 2020 147914 578.34374
"609" 2020 149716 604.85264
"610" 2020 150807 672.59922
"611" 2020 152004 753.93984
"612" 2020 148181 746.091335
"613" 2020 147598 800.71915
"614" 2020 146745 863.594325
"615" 2020 145613 946.4845
"616" 2020 138619 1019.542745
"617" 2020 138144 1054.03872
"618" 2020 136027 1093.65708
"619" 2020 131657 1090.778245
"620" 2020 132315 1170.326175
"621" 2020 127516 1255.39502
"622" 2020 123831 1293.414795
"623" 2020 125594 1465.68198
"624" 2020 124486 1635.12361
"625" 2020 121485 1731.768675
"626" 2020 117104 1829.75
"627" 2020 118474 2058.48575
"628" 2020 105282 1991.93544
"629" 2020 103376 2131.61312
"630" 2020 105355 2413.156275
"631" 2020 96876 2494.07262
"632" 2020 91155 2685.4263
"633" 2020 83719 2782.400965
"634" 2020 80686 3006.36036
"635" 2020 79622 3377.16713
"636" 2020 77428 3718.4797
"637" 2020 74666 4154.04291
"638" 2020 68791 4462.816125
"639" 2020 68750 4917.6875
"640" 2020 63619 5072.34287
"641" 2020 54896 4937.62072
"642" 2020 50235 4999.136025
"643" 2020 44963 5087.11382
"644" 2020 38602.02 4903.4215905
"645" 2020 32420.84 4488.8274022
"646" 2020 27767.75 4343.431455
"647" 2020 23030.98 3950.2736896
"648" 2020 18022.79 3373.05526245
"649" 2020 14992.06 3154.7042255
"650" 2020 11250.89 2577.07260895
"651" 2020 8477.46 2098.8495468
"652" 2020 6086.76 1637.9166822
"653" 2020 4262.11 1241.4247797
"654" 2020 2846.84 893.6657786
"655" 2020 1939.39 653.23503675
"656" 2020 977.62 351.7378998
"657" 2020 601.52 230.1355368
"658" 2020 359.11 145.44134555
"659" 2020 240.88 102.8148104
"660" 2020 136.77 61.25723145
"661" 2020 58.09 27.1867009
"662" 2020 35.23 17.15965225
"663" 2020 23.53 11.88229705
"664" 2020 8 4.17344
"665" 2020 4 3.05944
"666" 2020 1 1
"667" 2021 84603 251.27091
"668" 2021 87256 18.76004
"669" 2021 87913 14.94521
"670" 2021 87566 10.07009
"671" 2021 88696 7.53916
"672" 2021 87368 8.7368
"673" 2021 84192 9.26112
"674" 2021 84547 8.031965
"675" 2021 91323 8.675685
"676" 2021 97276 9.24122
"677" 2021 101022 10.1022
"678" 2021 97436 8.28206
"679" 2021 101465 5.580575
"680" 2021 99608 8.46668
"681" 2021 102357 13.30641
"682" 2021 106443 15.434235
"683" 2021 104949 17.84133
"684" 2021 107667 24.225075
"685" 2021 108781 32.6343
"686" 2021 108601 36.92434
"687" 2021 117773 38.86509
"688" 2021 115111 36.83552
"689" 2021 111473 35.67136
"690" 2021 110541 37.031235
"691" 2021 108895 38.11325
"692" 2021 107330 39.7121
"693" 2021 106414 40.96939
"694" 2021 110328 45.23448
"695" 2021 110890 49.34605
"696" 2021 112631 52.373415
"697" 2021 112573 56.2865
"698" 2021 111641 56.93691
"699" 2021 113286 55.51014
"700" 2021 113417 58.97684
"701" 2021 115335 72.084375
"702" 2021 118536 78.82644
"703" 2021 127062 92.11995
"704" 2021 130090 111.8774
"705" 2021 136568 120.17984
"706" 2021 137969 137.969
"707" 2021 144490 182.0574
"708" 2021 144521 205.21982
"709" 2021 148988 220.50224
"710" 2021 161470 251.08585
"711" 2021 165204 292.41108
"712" 2021 165565 345.203025
"713" 2021 163025 387.9995
"714" 2021 158349 408.54042
"715" 2021 158724 428.5548
"716" 2021 157155 443.1771
"717" 2021 152225 464.28625
"718" 2021 148521 524.27913
"719" 2021 147533 576.85403
"720" 2021 147464 595.75456
"721" 2021 149278 665.77988
"722" 2021 150333 745.65168
"723" 2021 151543 763.019005
"724" 2021 147664 801.0772
"725" 2021 147051 865.395135
"726" 2021 146138 949.897
"727" 2021 145054 1066.87217
"728" 2021 137941 1052.48983
"729" 2021 137449 1105.08996
"730" 2021 135226 1120.34741
"731" 2021 130761 1156.581045
"732" 2021 131364 1293.27858
"733" 2021 126474 1321.02093
"734" 2021 122602 1430.76534
"735" 2021 124342 1633.23217
"736" 2021 123059 1754.206045
"737" 2021 119986 1874.78125
"738" 2021 115348 2004.1715
"739" 2021 116561 2205.33412
"740" 2021 103254 2129.09748
"741" 2021 101123 2316.222315
"742" 2021 102895 2649.031775
"743" 2021 94278 2777.42988
"744" 2021 88326 2935.51461
"745" 2021 80850 3012.471
"746" 2021 77596 3291.23434
"747" 2021 76124 3655.8551
"748" 2021 73448 4086.27948
"749" 2021 70402 4567.32975
"750" 2021 64342 4602.38326
"751" 2021 63752 5082.94696
"752" 2021 58734 5282.82963
"753" 2021 49919 4967.689285
"754" 2021 44986 5089.71604
"755" 2021 39729 5046.576225
"756" 2021 33604.41 4652.69858655
"757" 2021 27632.29 4322.2428018
"758" 2021 23178.24 3975.5317248
"759" 2021 18982.55 3552.67914525
"760" 2021 14520.42 3055.4593785
"761" 2021 11785.74 2699.5826757
"762" 2021 8651.65 2141.975507
"763" 2021 6367.28 1713.4032116
"764" 2021 4493.61 1308.8537847
"765" 2021 3001 942.058915
"766" 2021 1992.77 671.21475525
"767" 2021 1283.35 461.7364965
"768" 2021 639.6 244.704564
"769" 2021 372.5 150.8643625
"770" 2021 223.1 95.225773
"771" 2021 134.88 60.4107288
"772" 2021 70.77 33.1210677
"773" 2021 31.09 15.14316175
"774" 2021 18.23 9.20587655
"775" 2021 13.53 7.0583304
"776" 2021 5 3.8243
"777" 2021 1 1
