"year" "population" "expected"
"1" 2015 82264 246.792
"2" 2015 82701 17.36721
"3" 2015 89661 13.000845
"4" 2015 95685 11.4822
"5" 2015 99488 10.44624
"6" 2015 95928 8.63352
"7" 2015 99991 7.99928
"8" 2015 98088 7.3566
"9" 2015 100841 7.563075
"10" 2015 104920 9.4428
"11" 2015 103515 9.833925
"12" 2015 106342 9.57078
"13" 2015 107357 9.125345
"14" 2015 106992 10.16424
"15" 2015 116468 14.5585
"16" 2015 114080 19.3936
"17" 2015 110885 19.9593
"18" 2015 110409 23.18589
"19" 2015 109201 31.122285
"20" 2015 107798 34.49536
"21" 2015 106912 34.21184
"22" 2015 110635 35.956375
"23" 2015 111068 38.8738
"24" 2015 112444 38.79318
"25" 2015 112049 38.656905
"26" 2015 110772 39.87792
"27" 2015 112382 42.70516
"28" 2015 112345 46.06145
"29" 2015 113884 50.67838
"30" 2015 117122 54.46173
"31" 2015 125402 59.56595
"32" 2015 128227 61.54896
"33" 2015 134905 66.10345
"34" 2015 136772 77.96004
"35" 2015 143346 93.1749
"36" 2015 143812 93.4778
"37" 2015 148792 101.17856
"38" 2015 161734 126.15252
"39" 2015 165911 146.831235
"40" 2015 166501 166.501
"41" 2015 164170 185.5121
"42" 2015 159635 202.73645
"43" 2015 160206 222.68634
"44" 2015 159019 241.70888
"45" 2015 154244 261.44358
"46" 2015 150839 285.839905
"47" 2015 150119 320.504065
"48" 2015 150434 357.28075
"49" 2015 152310 399.81375
"50" 2015 153504 440.55648
"51" 2015 155002 487.48129
"52" 2015 151275 537.782625
"53" 2015 150820 586.6898
"54" 2015 150038 608.40409
"55" 2015 148965 656.190825
"56" 2015 142061 681.182495
"57" 2015 141522 721.05459
"58" 2015 139560 770.3712
"59" 2015 135231 811.386
"60" 2015 136177 893.32112
"61" 2015 131698 938.34825
"62" 2015 128257 975.394485
"63" 2015 130338 1058.34456
"64" 2015 129614 1115.97654
"65" 2015 126988 1164.47996
"66" 2015 123489 1210.1922
"67" 2015 125484 1323.8562
"68" 2015 112106 1299.30854
"69" 2015 111266 1416.97251
"70" 2015 113991 1587.89463
"71" 2015 106268 1608.89752
"72" 2015 101149 1689.694045
"73" 2015 93907 1734.931825
"74" 2015 91698 1873.84863
"75" 2015 92174 2096.9585
"76" 2015 91858 2329.51888
"77" 2015 89955 2563.7175
"78" 2015 85770 2746.78425
"79" 2015 87284 3188.0481
"80" 2015 83198 3435.66141
"81" 2015 75290 3465.97515
"82" 2015 72160 3811.4912
"83" 2015 67657 4097.98449
"84" 2015 61290.69 4160.71849065
"85" 2015 54753.42 4228.3328595
"86" 2015 50051.3 4413.7738905
"87" 2015 44660.36 4387.88037
"88" 2015 37793.91 4130.30745435
"89" 2015 34420.08 4213.3619928
"90" 2015 28463.64 3905.4960444
"91" 2015 23688 3632.19948
"92" 2015 18998 3206.00749
"93" 2015 14693.09 2699.34102935
"94" 2015 11329.63 2284.78983395
"95" 2015 8617.98 1916.2940328
"96" 2015 5116.97 1245.44491315
"97" 2015 3520.75 932.99875
"98" 2015 2593.31 745.0838961
"99" 2015 1903.01 590.19000635
"100" 2015 1282.84 427.5320868
"101" 2015 787.12 280.6043444
"102" 2015 523.25 198.61785125
"103" 2015 273.53 110.0438543
"104" 2015 194 82.34427
"105" 2015 90 40.12515
"106" 2015 39 18.18492
"107" 2015 32 15.54096
"108" 2015 15 7.5579
"109" 2015 10 5.2082
"110" 2015 5 3.82245
"111" 2015 2 2
"112" 2016 85527 256.581
"113" 2016 82422 17.30862
"114" 2016 82848 12.01296
"115" 2016 89778 10.77336
"116" 2016 95790 10.05795
"117" 2016 99557 8.96013
"118" 2016 95990 7.6792
"119" 2016 100047 7.503525
"120" 2016 98178 7.36335
"121" 2016 100933 9.08397
"122" 2016 105032 9.97804
"123" 2016 103649 9.32841
"124" 2016 106493 9.051905
"125" 2016 107483 10.210885
"126" 2016 107105 13.388125
"127" 2016 116522 19.80874
"128" 2016 114083 20.53494
"129" 2016 110759 23.25939
"130" 2016 110205 31.408425
"131" 2016 108794 34.81408
"132" 2016 107261 34.32352
"133" 2016 106235 34.526375
"134" 2016 109849 38.44715
"135" 2016 110203 38.020035
"136" 2016 111584 38.49648
"137" 2016 111190 40.0284
"138" 2016 109943 41.77834
"139" 2016 111580 45.7478
"140" 2016 111541 49.635745
"141" 2016 113195 52.635675
"142" 2016 116496 55.3356
"143" 2016 124849 59.92752
"144" 2016 127763 62.60387
"145" 2016 134487 76.65759
"146" 2016 136434 88.6821
"147" 2016 143011 92.95715
"148" 2016 143473 97.56164
"149" 2016 148434 115.77852
"150" 2016 161307 142.756695
"151" 2016 165445 165.445
"152" 2016 166042 187.62746
"153" 2016 163696 207.89392
"154" 2016 159156 221.22684
"155" 2016 159693 242.73336
"156" 2016 158502 268.66089
"157" 2016 153643 291.153485
"158" 2016 150201 320.679135
"159" 2016 149467 354.984125
"160" 2016 149749 393.091125
"161" 2016 151747 435.51389
"162" 2016 152942 481.00259
"163" 2016 154420 548.9631
"164" 2016 150707 586.25023
"165" 2016 150142 608.82581
"166" 2016 149350 657.88675
"167" 2016 148256 710.88752
"168" 2016 141289 719.867455
"169" 2016 140822 777.33744
"170" 2016 138849 833.094
"171" 2016 134503 882.33968
"172" 2016 135416 964.839
"173" 2016 130843 995.061015
"174" 2016 127419 1034.64228
"175" 2016 129420 1114.3062
"176" 2016 128757 1180.70169
"177" 2016 126071 1235.4958
"178" 2016 122427 1291.60485
"179" 2016 124338 1441.07742
"180" 2016 110997 1413.546795
"181" 2016 109913 1531.08809
"182" 2016 112476 1702.88664
"183" 2016 104660 1748.3453
"184" 2016 99458 1837.48655
"185" 2016 92182 1883.73917
"186" 2016 89862 2044.3605
"187" 2016 90102 2284.98672
"188" 2016 89529 2551.5765
"189" 2016 87387 2798.568675
"190" 2016 82887 3027.447675
"191" 2016 84082 3472.16619
"192" 2016 79719 3669.864165
"193" 2016 71693 3786.82426
"194" 2016 68199 4130.81343
"195" 2016 63313 4298.003005
"196" 2016 56948.15 4397.82088375
"197" 2016 50318.89 4437.37131465
"198" 2016 45536.77 4473.9876525
"199" 2016 40196.85 4392.91275225
"200" 2016 33570.44 4109.3575604
"201" 2016 30116.63 4132.3028023
"202" 2016 24498.22 3756.4345637
"203" 2016 20042.62 3382.2923381
"204" 2016 15704.67 2885.18344905
"205" 2016 11884.82 2396.7522253
"206" 2016 8989.41 1998.8852076
"207" 2016 6647.81 1618.04371495
"208" 2016 3884.87 1029.49055
"209" 2016 2600.68 747.2013708
"210" 2016 1838.24 570.1025624
"211" 2016 1316.96 438.9032592
"212" 2016 849.8 302.949451
"213" 2016 486.1 184.5162685
"214" 2016 344.24 138.4911944
"215" 2016 164.53 69.83558115
"216" 2016 122 54.39187
"217" 2016 51 23.78028
"218" 2016 18 8.74179
"219" 2016 19 9.57334
"220" 2016 7 3.64574
"221" 2016 4 3.05796
"222" 2016 3 3
"223" 2017 87075 261.225
"224" 2017 85700 17.997
"225" 2017 82572 11.97294
"226" 2017 82998 9.95976
"227" 2017 89899 9.439395
"228" 2017 95874 8.62866
"229" 2017 99649 7.97192
"230" 2017 96079 7.205925
"231" 2017 100132 7.5099
"232" 2017 98270 8.8443
"233" 2017 101032 9.59804
"234" 2017 105144 9.46296
"235" 2017 103783 8.821555
"236" 2017 106614 10.12833
"237" 2017 107595 13.449375
"238" 2017 107210 18.2257
"239" 2017 116538 20.97684
"240" 2017 113969 23.93349
"241" 2017 110584 31.51644
"242" 2017 109864 35.15648
"243" 2017 108253 34.64096
"244" 2017 106577 34.637525
"245" 2017 105417 36.89595
"246" 2017 109000 37.605
"247" 2017 109309 37.711605
"248" 2017 110691 39.84876
"249" 2017 110328 41.92464
"250" 2017 109168 44.75888
"251" 2017 110842 49.32469
"252" 2017 110890 51.56385
"253" 2017 112670 53.51825
"254" 2017 116033 55.69584
"255" 2017 124448 60.97952
"256" 2017 127464 72.65448
"257" 2017 134223 87.24495
"258" 2017 136199 88.52935
"259" 2017 142802 97.10536
"260" 2017 143227 111.71706
"261" 2017 148117 131.083545
"262" 2017 160908 160.908
"263" 2017 165004 186.45452
"264" 2017 165565 210.26755
"265" 2017 163225 226.88275
"266" 2017 158705 241.2316
"267" 2017 159223 269.882985
"268" 2017 157965 299.343675
"269" 2017 153140 326.9539
"270" 2017 149703 355.544625
"271" 2017 148948 390.9885
"272" 2017 149228 428.28436
"273" 2017 151218 475.58061
"274" 2017 152416 541.83888
"275" 2017 153767 598.15363
"276" 2017 150033 608.383815
"277" 2017 149448 658.31844
"278" 2017 148635 712.704825
"279" 2017 147513 751.578735
"280" 2017 140513 775.63176
"281" 2017 140043 840.258
"282" 2017 138101 905.94256
"283" 2017 133758 953.02575
"284" 2017 134598 1023.61779
"285" 2017 130011 1055.68932
"286" 2017 126558 1089.66438
"287" 2017 128468 1178.05156
"288" 2017 127804 1252.4792
"289" 2017 125016 1318.9188
"290" 2017 121272 1405.54248
"291" 2017 122971 1566.035685
"292" 2017 109732 1528.56676
"293" 2017 108427 1641.58478
"294" 2017 110944 1853.31952
"295" 2017 102934 1901.70565
"296" 2017 97648 1995.43688
"297" 2017 90291 2054.12025
"298" 2017 87814 2226.96304
"299" 2017 87817 2502.7845
"300" 2017 86864 2781.8196
"301" 2017 84476 3085.4859
"302" 2017 79709 3291.583155
"303" 2017 80643 3712.400505
"304" 2017 76064 4017.70048
"305" 2017 67803 4106.82771
"306" 2017 63979 4343.214415
"307" 2017 58816 4542.0656
"308" 2017 52519.68 4631.4479808
"309" 2017 45797.42 4499.596515
"310" 2017 41025.31 4483.45100335
"311" 2017 35651.38 4364.0854258
"312" 2017 29391.01 4032.7404821
"313" 2017 25959.21 3980.45546535
"314" 2017 20684.85 3490.67186175
"315" 2017 16611.29 3051.74314235
"316" 2017 12813.4 2584.014311
"317" 2017 9525.6 2118.112416
"318" 2017 6988.22 1700.8978069
"319" 2017 5043.67 1336.57255
"320" 2017 2877.78 826.8149718
"321" 2017 1844.62 572.0812237
"322" 2017 1267.18 422.3130786
"323" 2017 897.92 320.1039904
"324" 2017 565.78 214.7616013
"325" 2017 329.09 132.3961979
"326" 2017 191.23 81.16852965
"327" 2017 104.53 46.60313255
"328" 2017 71 33.10588
"329" 2017 26 12.62703
"330" 2017 6 3.02316
"331" 2017 13 6.77066
"332" 2017 4 3.05796
"333" 2017 4 4
"334" 2018 86256 258.768
"335" 2018 87318 18.33678
"336" 2018 85959 12.464055
"337" 2018 82821 9.93852
"338" 2018 83208 8.73684
"339" 2018 90098 8.10882
"340" 2018 96077 7.68616
"341" 2018 99845 7.488375
"342" 2018 96268 7.2201
"343" 2018 100324 9.02916
"344" 2018 98451 9.352845
"345" 2018 101208 9.10872
"346" 2018 105334 8.95339
"347" 2018 103952 9.87544
"348" 2018 106777 13.347125
"349" 2018 107730 18.3141
"350" 2018 107273 19.30914
"351" 2018 116510 24.4671
"352" 2018 113913 32.465205
"353" 2018 110485 35.3552
"354" 2018 109608 35.07456
"355" 2018 107896 35.0662
"356" 2018 106155 37.15425
"357" 2018 105008 36.22776
"358" 2018 108623 37.474935
"359" 2018 108991 39.23676
"360" 2018 110467 41.97746
"361" 2018 110170 45.1697
"362" 2018 109069 48.535705
"363" 2018 110770 51.50805
"364" 2018 110860 52.6585
"365" 2018 112705 54.0984
"366" 2018 116084 56.88116
"367" 2018 124526 70.97982
"368" 2018 127625 82.95625
"369" 2018 134403 87.36195
"370" 2018 136351 92.71868
"371" 2018 142904 111.46512
"372" 2018 143226 126.75501
"373" 2018 148034 148.034
"374" 2018 160747 181.64411
"375" 2018 164729 209.20583
"376" 2018 165298 229.76422
"377" 2018 162903 247.61256
"378" 2018 158376 268.44732
"379" 2018 158873 301.064335
"380" 2018 157617 336.512295
"381" 2018 152803 362.907125
"382" 2018 149297 391.904625
"383" 2018 148519 426.24953
"384" 2018 148742 467.79359
"385" 2018 150676 535.65318
"386" 2018 151794 590.47866
"387" 2018 153100 620.8205
"388" 2018 149337 657.829485
"389" 2018 148723 713.126785
"390" 2018 147897 753.535215
"391" 2018 146821 810.45192
"392" 2018 139794 838.764
"393" 2018 139326 913.97856
"394" 2018 137326 978.44775
"395" 2018 133062 1011.93651
"396" 2018 133840 1086.7808
"397" 2018 129197 1112.38617
"398" 2018 125674 1152.43058
"399" 2018 127579 1250.2742
"400" 2018 126774 1337.4657
"401" 2018 123961 1436.70799
"402" 2018 120021 1528.467435
"403" 2018 121551 1693.20543
"404" 2018 108438 1641.75132
"405" 2018 106985 1787.184425
"406" 2018 109260 2018.5785
"407" 2018 101117 2066.325895
"408" 2018 95703 2177.24325
"409" 2018 88276 2238.67936
"410" 2018 85726 2443.191
"411" 2018 85397 2734.838925
"412" 2018 84110 3072.11775
"413" 2018 81488 3365.04696
"414" 2018 76459 3519.790065
"415" 2018 77094 4072.10508
"416" 2018 72264 4377.03048
"417" 2018 63788 4330.24838
"418" 2018 59745 4613.807625
"419" 2018 54271 4785.888135
"420" 2018 47909.06 4707.065145
"421" 2018 41238.81 4506.78335085
"422" 2018 36579.71 4477.7223011
"423" 2018 31386.84 4306.5883164
"424" 2018 25377.51 3891.26049585
"425" 2018 21959.72 3705.8125486
"426" 2018 17170.44 3154.4673846
"427" 2018 13596.95 2742.02892175
"428" 2018 10306.12 2291.6688432
"429" 2018 7480.38 1820.6870901
"430" 2018 5342.04 1415.6406
"431" 2018 3781.54 1086.4742574
"432" 2018 2098.7 650.8803245
"433" 2018 1314.57 438.1067439
"434" 2018 884.14 315.1914893
"435" 2018 588.88 223.5300148
"436" 2018 376.77 151.5783387
"437" 2018 208.09 88.32484095
"438" 2018 107.23 47.80688705
"439" 2018 57.53 26.8250884
"440" 2018 39 18.940545
"441" 2018 12 6.04632
"442" 2018 4 2.08328
"443" 2018 9 6.88041
"444" 2018 2 2
"445" 2019 86965 260.895
"446" 2019 86531 18.17151
"447" 2019 87601 12.702145
"448" 2019 86251 10.35012
"449" 2019 83113 8.726865
"450" 2019 83489 7.51401
"451" 2019 90364 7.22912
"452" 2019 96321 7.224075
"453" 2019 100087 7.506525
"454" 2019 96493 8.68437
"455" 2019 100551 9.552345
"456" 2019 98693 8.88237
"457" 2019 101432 8.62172
"458" 2019 105544 10.02668
"459" 2019 104131 13.016375
"460" 2019 106945 18.18065
"461" 2019 107826 19.40868
"462" 2019 107338 22.54098
"463" 2019 116597 33.230145
"464" 2019 114038 36.49216
"465" 2019 110497 35.35904
"466" 2019 109520 35.594
"467" 2019 107756 37.7146
"468" 2019 106024 36.57828
"469" 2019 104908 36.19326
"470" 2019 108520 39.0672
"471" 2019 108957 41.40366
"472" 2019 110462 45.28942
"473" 2019 110225 49.050125
"474" 2019 109166 50.76219
"475" 2019 110896 52.6756
"476" 2019 111045 53.3016
"477" 2019 112981 55.36069
"478" 2019 116361 66.32577
"479" 2019 124832 81.1408
"480" 2019 127950 83.1675
"481" 2019 134711 91.60348
"482" 2019 136651 106.58778
"483" 2019 143090 126.63465
"484" 2019 143362 143.362
"485" 2019 148057 167.30441
"486" 2019 160702 204.09154
"487" 2019 164585 228.77315
"488" 2019 165091 250.93832
"489" 2019 162681 275.744295
"490" 2019 158109 299.616555
"491" 2019 158600 338.611
"492" 2019 157270 373.51625
"493" 2019 152469 400.231125
"494" 2019 148929 427.42623
"495" 2019 148096 465.76192
"496" 2019 148215 526.904325
"497" 2019 150093 583.86177
"498" 2019 151140 612.8727
"499" 2019 152439 671.493795
"500" 2019 148601 712.541795
"501" 2019 148012 754.12114
"502" 2019 147150 812.268
"503" 2019 146091 876.546
"504" 2019 139084 912.39104
"505" 2019 138599 987.517875
"506" 2019 136547 1038.439935
"507" 2019 132255 1073.9106
"508" 2019 133047 1145.53467
"509" 2019 128306 1176.56602
"510" 2019 124697 1222.0306
"511" 2019 126596 1335.5878
"512" 2019 125585 1455.53015
"513" 2019 122704 1562.63544
"514" 2019 118591 1651.97263
"515" 2019 120026 1817.19364
"516" 2019 106888 1785.56404
"517" 2019 105187 1943.329825
"518" 2019 107339 2193.472465
"519" 2019 99000 2252.25
"520" 2019 93500 2371.16
"521" 2019 86041 2452.1685
"522" 2019 83187 2664.063675
"523" 2019 82615 3017.512875
"524" 2019 80813 3337.172835
"525" 2019 78136 3596.99076
"526" 2019 72666 3838.21812
"527" 2019 72947 4418.39979
"528" 2019 68020 4617.5377
"529" 2019 59413 4588.168925
"530" 2019 55020 4851.9387
"531" 2019 49544 4867.698
"532" 2019 43163.77 4717.15260445
"533" 2019 36702.54 4492.7579214
"534" 2019 32074.44 4400.9339124
"535" 2019 27057.59 4148.87556265
"536" 2019 21491.31 3626.76601905
"537" 2019 18261.52 3354.9151468
"538" 2019 13999.27 2823.16278455
"539" 2019 10886.81 2420.7910716
"540" 2019 7974 1940.83173
"541" 2019 5768.3 1528.5995
"542" 2019 3919.97 1126.2465807
"543" 2019 2752.49 853.64348615
"544" 2019 1428.67 476.1328509
"545" 2019 901.55 321.39806725
"546" 2019 566.14 214.8982519
"547" 2019 362.88 145.9902528
"548" 2019 219.77 93.28247535
"549" 2019 122.09 54.43199515
"550" 2019 61.23 28.5503244
"551" 2019 35.53 17.25532215
"552" 2019 14 7.05404
"553" 2019 5 2.6041
"554" 2019 2 1.52898
"555" 2019 3 3
"556" 2020 86834 260.502
"557" 2020 87429 18.36009
"558" 2020 87024 12.61848
"559" 2020 88117 10.57404
"560" 2020 86798 9.11379
"561" 2020 83647 7.52823
"562" 2020 84015 6.7212
"563" 2020 90829 6.812175
"564" 2020 96802 7.26015
"565" 2020 100550 9.0495
"566" 2020 96939 9.209205
"567" 2020 100969 9.08721
"568" 2020 99152 8.42792
"569" 2020 101890 9.67955
"570" 2020 105990 13.24875
"571" 2020 104572 17.77724
"572" 2020 107321 19.31778
"573" 2020 108172 22.71612
"574" 2020 108011 30.783135
"575" 2020 117246 37.51872
"576" 2020 114629 36.68128
"577" 2020 110982 36.06915
"578" 2020 109967 38.48845
"579" 2020 108260 37.3497
"580" 2020 106606 36.77907
"581" 2020 105583 38.00988
"582" 2020 109358 41.55604
"583" 2020 109875 45.04875
"584" 2020 111507 49.620615
"585" 2020 111357 51.781005
"586" 2020 110399 52.439525
"587" 2020 112149 53.83152
"588" 2020 112304 55.02896
"589" 2020 114225 65.10825
"590" 2020 117517 76.38605
"591" 2020 126052 81.9338
"592" 2020 129176 87.83968
"593" 2020 135741 105.87798
"594" 2020 137549 121.730865
"595" 2020 143904 143.904
"596" 2020 144018 162.74034
"597" 2020 148627 188.75629
"598" 2020 161179 224.03881
"599" 2020 164985 250.7772
"600" 2020 165415 280.378425
"601" 2020 162941 308.773195
"602" 2020 158296 337.96196
"603" 2020 158750 377.03125
"604" 2020 157282 412.86525
"605" 2020 152464 437.57168
"606" 2020 148827 468.060915
"607" 2020 147914 525.83427
"608" 2020 147914 575.38546
"609" 2020 149716 607.09838
"610" 2020 150807 664.304835
"611" 2020 152004 728.85918
"612" 2020 148181 754.982195
"613" 2020 147598 814.74096
"614" 2020 146745 880.47
"615" 2020 145613 955.22128
"616" 2020 138619 987.660375
"617" 2020 138144 1050.58512
"618" 2020 136027 1104.53924
"619" 2020 131657 1133.56677
"620" 2020 132315 1213.32855
"621" 2020 127516 1249.6568
"622" 2020 123831 1306.41705
"623" 2020 125594 1455.63446
"624" 2020 124486 1585.32921
"625" 2020 121485 1692.28605
"626" 2020 117104 1772.95456
"627" 2020 118474 1979.10817
"628" 2020 105282 1945.08495
"629" 2020 103376 2112.48856
"630" 2020 105355 2396.82625
"631" 2020 96876 2456.77536
"632" 2020 91155 2597.9175
"633" 2020 83719 2681.100975
"634" 2020 80686 2947.05615
"635" 2020 79622 3287.99049
"636" 2020 77428 3564.39798
"637" 2020 74666 3943.85812
"638" 2020 68791 4166.67087
"639" 2020 68750 4667.09375
"640" 2020 63619 4912.977275
"641" 2020 54896 4841.00376
"642" 2020 50235 4935.58875
"643" 2020 44963 4913.781455
"644" 2020 38602.02 4725.2732682
"645" 2020 32420.84 4448.4634564
"646" 2020 27767.75 4257.76794625
"647" 2020 23030.98 3886.5930299
"648" 2020 18022.79 3311.05686485
"649" 2020 14992.06 3023.3737799
"650" 2020 11250.89 2501.7479004
"651" 2020 8477.46 2063.3713767
"652" 2020 6086.76 1612.9914
"653" 2020 4262.11 1224.5468241
"654" 2020 2846.84 882.9047234
"655" 2020 1939.39 646.3405053
"656" 2020 977.62 348.5166419
"657" 2020 601.52 228.3279692
"658" 2020 359.11 144.4735441
"659" 2020 240.88 102.2427204
"660" 2020 136.77 60.97685295
"661" 2020 58.09 27.0862052
"662" 2020 35.23 17.10962565
"663" 2020 23.53 11.8558258
"664" 2020 8 4.16656
"665" 2020 4 3.05796
"666" 2020 1 1
"667" 2021 84603 253.809
"668" 2021 87256 18.32376
"669" 2021 87913 12.747385
"670" 2021 87566 10.50792
"671" 2021 88696 9.31308
"672" 2021 87368 7.86312
"673" 2021 84192 6.73536
"674" 2021 84547 6.341025
"675" 2021 91323 6.849225
"676" 2021 97276 8.75484
"677" 2021 101022 9.59709
"678" 2021 97436 8.76924
"679" 2021 101465 8.624525
"680" 2021 99608 9.46276
"681" 2021 102357 12.794625
"682" 2021 106443 18.09531
"683" 2021 104949 18.89082
"684" 2021 107667 22.61007
"685" 2021 108781 31.002585
"686" 2021 108601 34.75232
"687" 2021 117773 37.68736
"688" 2021 115111 37.411075
"689" 2021 111473 39.01555
"690" 2021 110541 38.136645
"691" 2021 108895 37.568775
"692" 2021 107330 38.6388
"693" 2021 106414 40.43732
"694" 2021 110328 45.23448
"695" 2021 110890 49.34605
"696" 2021 112631 52.373415
"697" 2021 112573 53.472175
"698" 2021 111641 53.58768
"699" 2021 113286 55.51014
"700" 2021 113417 64.64769
"701" 2021 115335 74.96775
"702" 2021 118536 77.0484
"703" 2021 127062 86.40216
"704" 2021 130090 101.4702
"705" 2021 136568 120.86268
"706" 2021 137969 137.969
"707" 2021 144490 163.2737
"708" 2021 144521 183.54167
"709" 2021 148988 207.09332
"710" 2021 161470 245.4344
"711" 2021 165204 280.02078
"712" 2021 165565 313.745675
"713" 2021 163025 348.058375
"714" 2021 158349 376.078875
"715" 2021 158724 416.6505
"716" 2021 157155 451.03485
"717" 2021 152225 478.747625
"718" 2021 148521 527.992155
"719" 2021 147533 573.90337
"720" 2021 147464 597.96652
"721" 2021 149278 657.56959
"722" 2021 150333 720.846735
"723" 2021 151543 772.111585
"724" 2021 147664 815.10528
"725" 2021 147051 882.306
"726" 2021 146138 958.66528
"727" 2021 145054 1033.50975
"728" 2021 137941 1049.041305
"729" 2021 137449 1116.08588
"730" 2021 135226 1164.29586
"731" 2021 130761 1199.07837
"732" 2021 131364 1287.3672
"733" 2021 126474 1334.3007
"734" 2021 122602 1420.95718
"735" 2021 124342 1583.49537
"736" 2021 123059 1714.21187
"737" 2021 119986 1816.58804
"738" 2021 115348 1926.88834
"739" 2021 116561 2153.464475
"740" 2021 103254 2109.99549
"741" 2021 101123 2300.54825
"742" 2021 102895 2609.4172
"743" 2021 94278 2686.923
"744" 2021 88326 2828.64015
"745" 2021 80850 2953.04625
"746" 2021 77596 3204.32682
"747" 2021 76124 3504.36834
"748" 2021 73448 3879.52336
"749" 2021 70402 4264.24914
"750" 2021 64342 4367.85667
"751" 2021 63752 4923.2482
"752" 2021 58734 5179.45779
"753" 2021 49919 4904.54175
"754" 2021 44986 4916.29501
"755" 2021 39729 4863.22689
"756" 2021 33604.41 4610.8610961
"757" 2021 27632.29 4236.99718715
"758" 2021 23178.24 3911.4438912
"759" 2021 18982.55 3487.37917325
"760" 2021 14520.42 2928.2604993
"761" 2021 11785.74 2620.6771464
"762" 2021 8651.65 2105.76835175
"763" 2021 6367.28 1687.3292
"764" 2021 4493.61 1291.0590891
"765" 2021 3001 930.715135
"766" 2021 1992.77 664.1304579
"767" 2021 1283.35 457.50785825
"768" 2021 639.6 242.782566
"769" 2021 372.5 149.860475
"770" 2021 223.1 94.6959105
"771" 2021 134.88 60.1342248
"772" 2021 70.77 32.9986356
"773" 2021 31.09 15.09901395
"774" 2021 18.23 9.1853678
"775" 2021 13.53 7.0466946
"776" 2021 5 3.82245
"777" 2021 1 1
