  2016           0      0.00354  0.00353  0.14  100000     353   99697  8200417  82.00
  2016           1      0.00025  0.00025  0.50   99647      25   99634  8100720  81.29
  2016           2      0.00020  0.00020  0.50   99622      20   99612  8001086  80.31
  2016           3      0.00010  0.00010  0.50   99602      10   99597  7901474  79.33
  2016           4      0.00005  0.00005  0.50   99592       5   99590  7801876  78.34
  2016           5      0.00019  0.00019  0.50   99588      18   99578  7702286  77.34
  2016           6      0.00009  0.00009  0.50   99569       9   99565  7602708  76.36
  2016           7      0.00014  0.00014  0.50   99560      14   99553  7503143  75.36
  2016           8      0.00009  0.00009  0.50   99546       9   99542  7403590  74.37
  2016           9      0.00014  0.00014  0.50   99537      14   99530  7304048  73.38
  2016          10      0.00000  0.00000  0.50   99523       0   99523  7204518  72.39
  2016          11      0.00005  0.00005  0.50   99523       5   99520  7104996  71.39
  2016          12      0.00010  0.00010  0.50   99518      10   99513  7005475  70.39
  2016          13      0.00010  0.00010  0.50   99508      10   99503  6905963  69.40
  2016          14      0.00025  0.00025  0.50   99498      25   99485  6806460  68.41
  2016          15      0.00019  0.00019  0.50   99473      19   99463  6706975  67.43
  2016          16      0.00028  0.00028  0.50   99454      28   99439  6607512  66.44
  2016          17      0.00048  0.00048  0.50   99425      48   99402  6508072  65.46
  2016          18      0.00042  0.00042  0.50   99378      42   99357  6408671  64.49
  2016          19      0.00046  0.00046  0.50   99336      46   99313  6309314  63.51
  2016          20      0.00045  0.00045  0.50   99290      45   99268  6210001  62.54
  2016          21      0.00062  0.00062  0.50   99245      61   99215  6110733  61.57
  2016          22      0.00040  0.00040  0.50   99184      40   99164  6011519  60.61
  2016          23      0.00061  0.00061  0.50   99144      60   99114  5912355  59.63
  2016          24      0.00047  0.00047  0.50   99084      46   99061  5813241  58.67
  2016          25      0.00059  0.00059  0.50   99037      59   99008  5714180  57.70
  2016          26      0.00065  0.00065  0.50   98979      64   98947  5615172  56.73
  2016          27      0.00054  0.00054  0.50   98915      53   98888  5516225  55.77
  2016          28      0.00046  0.00046  0.50   98862      45   98839  5417337  54.80
  2016          29      0.00066  0.00066  0.50   98817      65   98784  5318498  53.82
  2016          30      0.00063  0.00063  0.50   98751      62   98720  5219714  52.86
  2016          31      0.00073  0.00073  0.50   98690      72   98654  5120993  51.89
  2016          32      0.00069  0.00069  0.50   98618      68   98584  5022340  50.93
  2016          33      0.00055  0.00055  0.50   98550      54   98523  4923756  49.96
  2016          34      0.00066  0.00066  0.50   98496      65   98464  4825233  48.99
  2016          35      0.00076  0.00076  0.50   98431      75   98394  4726769  48.02
  2016          36      0.00094  0.00094  0.50   98356      92   98310  4628376  47.06
  2016          37      0.00079  0.00079  0.50   98264      77   98225  4530066  46.10
  2016          38      0.00069  0.00069  0.50   98187      68   98153  4431840  45.14
  2016          39      0.00074  0.00074  0.50   98119      73   98083  4333687  44.17
  2016          40      0.00115  0.00115  0.50   98047     112   97991  4235604  43.20
  2016          41      0.00096  0.00096  0.50   97934      94   97887  4137614  42.25
  2016          42      0.00122  0.00122  0.50   97840     119   97781  4039726  41.29
  2016          43      0.00146  0.00145  0.50   97721     142   97650  3941946  40.34
  2016          44      0.00146  0.00146  0.50   97579     142   97508  3844295  39.40
  2016          45      0.00154  0.00154  0.50   97437     150   97362  3746787  38.45
  2016          46      0.00142  0.00142  0.50   97287     138   97218  3649425  37.51
  2016          47      0.00213  0.00213  0.50   97149     207   97046  3552207  36.56
  2016          48      0.00192  0.00192  0.50   96943     186   96850  3455161  35.64
  2016          49      0.00224  0.00223  0.50   96757     216   96649  3358312  34.71
  2016          50      0.00259  0.00258  0.50   96541     249   96416  3261663  33.79
  2016          51      0.00280  0.00279  0.50   96291     269   96157  3165247  32.87
  2016          52      0.00246  0.00246  0.50   96022     236   95904  3069091  31.96
  2016          53      0.00326  0.00325  0.50   95786     311   95631  2973186  31.04
  2016          54      0.00369  0.00369  0.50   95475     352   95299  2877556  30.14
  2016          55      0.00422  0.00421  0.50   95123     400   94923  2782257  29.25
  2016          56      0.00440  0.00439  0.50   94723     416   94515  2687334  28.37
  2016          57      0.00413  0.00412  0.50   94307     389   94113  2592819  27.49
  2016          58      0.00495  0.00493  0.50   93918     463   93687  2498706  26.61
  2016          59      0.00520  0.00519  0.50   93455     485   93213  2405019  25.73
  2016          60      0.00557  0.00556  0.50   92970     516   92712  2311807  24.87
  2016          61      0.00596  0.00594  0.50   92454     549   92179  2219095  24.00
  2016          62      0.00685  0.00682  0.50   91905     627   91591  2126916  23.14
  2016          63      0.00681  0.00679  0.50   91277     620   90968  2035325  22.30
  2016          64      0.00772  0.00769  0.50   90658     698   90309  1944357  21.45
  2016          65      0.00857  0.00853  0.50   89960     767   89576  1854048  20.61
  2016          66      0.00883  0.00880  0.50   89193     784   88800  1764472  19.78
  2016          67      0.01064  0.01059  0.50   88408     936   87940  1675672  18.95
  2016          68      0.01100  0.01094  0.50   87472     957   86994  1587731  18.15
  2016          69      0.01340  0.01331  0.50   86516    1151   85940  1500737  17.35
  2016          70      0.01277  0.01269  0.50   85364    1083   84823  1414798  16.57
  2016          71      0.01354  0.01345  0.50   84281    1133   83714  1329975  15.78
  2016          72      0.01731  0.01716  0.50   83148    1427   82434  1246261  14.99
  2016          73      0.01818  0.01802  0.50   81721    1472   80985  1163827  14.24
  2016          74      0.02208  0.02184  0.50   80248    1753   79372  1082842  13.49
  2016          75      0.02284  0.02258  0.50   78496    1772   77609  1003470  12.78
  2016          76      0.02431  0.02402  0.50   76723    1843   75802   925860  12.07
  2016          77      0.03081  0.03034  0.50   74881    2272   73745   850058  11.35
  2016          78      0.03367  0.03311  0.50   72609    2404   71407   776314  10.69
  2016          79      0.03733  0.03664  0.50   70205    2573   68918   704907  10.04
  2016          80      0.04442  0.04346  0.50   67632    2939   66163   635989   9.40
  2016          81      0.04915  0.04797  0.50   64693    3103   63141   569826   8.81
  2016          82      0.05341  0.05202  0.50   61590    3204   59988   506685   8.23
  2016          83      0.06105  0.05924  0.50   58386    3459   56656   446697   7.65
  2016          84      0.07135  0.06889  0.50   54927    3784   53035   390041   7.10
  2016          85      0.08409  0.08070  0.50   51143    4127   49079   337006   6.59
  2016          86      0.08868  0.08491  0.50   47016    3992   45020   287926   6.12
  2016          87      0.10789  0.10236  0.50   43023    4404   40821   242907   5.65
  2016          88      0.11684  0.11039  0.50   38619    4263   36488   202086   5.23
  2016          89      0.13357  0.12521  0.50   34356    4302   32205   165598   4.82
  2016          90      0.16140  0.14935  0.50   30054    4489   27810   133393   4.44
  2016          91      0.17312  0.15933  0.50   25566    4073   23529   105583   4.13
  2016          92      0.19927  0.18121  0.50   21492    3895   19545    82054   3.82
  2016          93      0.20319  0.18445  0.50   17598    3246   15975    62508   3.55
  2016          94      0.23643  0.21144  0.50   14352    3035   12835    46534   3.24
  2016          95      0.27138  0.23896  0.50   11317    2704    9965    33699   2.98
  2016          96      0.30085  0.26152  0.50    8613    2252    7487    23734   2.76
  2016          97      0.33217  0.28486  0.50    6361    1812    5455    16247   2.55
  2016          98      0.36516  0.30878  0.50    4549    1405    3846    10793   2.37
  2016          99      0.39959  0.33305  0.50    3144    1047    2621     6946   2.21
  2016         100      0.43516  0.35740  0.50    2097     749    1722     4326   2.06
  2016         101      0.47155  0.38158  0.50    1348     514    1090     2604   1.93
  2016         102      0.50836  0.40533  0.50     833     338     664     1513   1.82
  2016         103      0.54521  0.42842  0.50     496     212     389      849   1.71
  2016         104      0.58168  0.45062  0.50     283     128     219      459   1.62
  2016         105      0.61738  0.47175  0.50     156      73     119      240   1.54
  2016         106      0.65195  0.49168  0.50      82      40      62      121   1.47
  2016         107      0.68507  0.51028  0.50      42      21      31       59   1.41
  2016         108      0.71648  0.52750  0.50      20      11      15       28   1.36
  2016         109      0.74597  0.54332  0.50      10       5       7       13   1.32
  2016         110+     0.77341  1.00000  1.29       4       4       6        6   1.29