"year" "population" "expected"
"1" 2015 58701.39 249.4809075
"2" 2015 59763.84 16.435056
"3" 2015 61552.82 9.232923
"4" 2015 62697.95 9.09120275
"5" 2015 64070.93 10.57170345
"6" 2015 64420.46 7.4083529
"7" 2015 64100.41 4.4870287
"8" 2015 63105.48 4.732911
"9" 2015 60623.06 6.062306
"10" 2015 58731.04 4.404828
"11" 2015 58505.04 5.850504
"12" 2015 58275.18 7.2843975
"13" 2015 58151.31 7.26891375
"14" 2015 59671.78 10.4425615
"15" 2015 61577.54 19.3969251
"16" 2015 61558.55 19.0831505
"17" 2015 61782 17.60787
"18" 2015 62836.52 29.847347
"19" 2015 63520.08 37.1592468
"20" 2015 64913.37 34.07951925
"21" 2015 65482.28 29.467026
"22" 2015 65807.67 30.9296049
"23" 2015 66208.96 32.4423904
"24" 2015 66907.56 41.4826872
"25" 2015 66219.32 44.3669444
"26" 2015 63897.07 32.26802035
"27" 2015 61796.43 32.1341436
"28" 2015 60195.84 36.4184832
"29" 2015 58570.17 33.3849969
"30" 2015 57847.12 30.6589736
"31" 2015 57669.61 29.4115011
"32" 2015 57778.22 32.6446943
"33" 2015 57185.4 38.600145
"34" 2015 56494.25 39.82844625
"35" 2015 55918.46 38.5837374
"36" 2015 55476.57 43.2717246
"37" 2015 54780.11 42.7284858
"38" 2015 54620 41.2381
"39" 2015 55303.37 42.86011175
"40" 2015 56573.92 50.0679192
"41" 2015 59048.06 58.1623391
"42" 2015 61394.65 69.68292775
"43" 2015 63668.22 77.6752284
"44" 2015 65414.38 82.7491907
"45" 2015 64950.19 104.5698059
"46" 2015 64141.72 111.6065928
"47" 2015 63731.12 115.0346716
"48" 2015 62805.34 135.6595344
"49" 2015 62098.58 135.3749044
"50" 2015 62073.89 138.11440525
"51" 2015 63433.18 163.0232726
"52" 2015 64827.45 181.51686
"53" 2015 65192.14 196.8802628
"54" 2015 64207.16 212.2046638
"55" 2015 62071.18 225.6287393
"56" 2015 60304.6 239.409262
"57" 2015 58377.29 246.64405025
"58" 2015 56544.19 249.3598779
"59" 2015 55215.75 260.89441875
"60" 2015 53552.52 275.2599528
"61" 2015 52085.26 305.4800499
"62" 2015 50492.44 322.3942294
"63" 2015 49163.29 331.3605746
"64" 2015 48219.15 360.1970505
"65" 2015 47519.83 390.37540345
"66" 2015 47027.83 433.1263143
"67" 2015 46523.07 462.20670045
"68" 2015 46434.3 527.957991
"69" 2015 42508.19 539.854013
"70" 2015 37587.97 512.88785065
"71" 2015 35366.08 550.6498656
"72" 2015 32244.87 528.33219495
"73" 2015 31620.58 588.7751996
"74" 2015 32387.76 711.8829648
"75" 2015 30278.79 726.84235395
"76" 2015 27260.36 718.0378824
"77" 2015 24823.7 739.994497
"78" 2015 23164.1 770.901248
"79" 2015 21319.39 760.56923825
"80" 2015 19707.51 796.08486645
"81" 2015 18450.9 861.5647755
"82" 2015 17380.66 931.5164727
"83" 2015 16344.3 986.6236695
"84" 2015 15884.81 1070.636194
"85" 2015 14610.4 1100.236172
"86" 2015 12985.96 1107.7673178
"87" 2015 11658.86 1138.2545018
"88" 2015 10217.16 1106.1608274
"89" 2015 8830.99 1077.8223295
"90" 2015 7565.59 1072.91414585
"91" 2015 6266.22 1005.5716545
"92" 2015 5040.55 876.04759
"93" 2015 4110.25 791.4286375
"94" 2015 3283.6 726.759188
"95" 2015 2421.18 587.0635146
"96" 2015 1596.89 414.32109495
"97" 2015 1080.42 305.3699088
"98" 2015 838.46 256.8831825
"99" 2015 590.36 195.0726548
"100" 2015 363.4 128.850738
"101" 2015 220.69 83.54109605
"102" 2015 137.95 55.47038475
"103" 2015 84.98 36.1186245
"104" 2015 39.4 17.615937
"105" 2015 21.45 10.042032
"106" 2015 10.64 5.192852
"107" 2015 4.49 2.27497075
"108" 2015 1.9 0.9955335
"109" 2015 0.36 0.1943586
"110" 2015 0 0
"111" 2015 0 0
"112" 2016 59137.18 251.333015
"113" 2016 59287.18 16.3039745
"114" 2016 60629.62 9.094443
"115" 2016 62439.91 9.05378695
"116" 2016 63459.01 10.47073665
"117" 2016 64732.16 7.4441984
"118" 2016 64891.04 4.5423728
"119" 2016 64480.9 4.8360675
"120" 2016 63571.18 6.357118
"121" 2016 61158.85 4.58691375
"122" 2016 59331.7 5.93317
"123" 2016 59015.95 7.37699375
"124" 2016 58925.01 7.36562625
"125" 2016 58911.89 10.30958075
"126" 2016 60448.22 19.0411893
"127" 2016 62524.46 19.3825826
"128" 2016 62574.41 17.83370685
"129" 2016 62752.82 29.8075895
"130" 2016 63696.36 37.2623706
"131" 2016 65244.39 34.25330475
"132" 2016 66707.84 30.018528
"133" 2016 67017.24 31.4981028
"134" 2016 67456.36 33.0536164
"135" 2016 68777.81 42.6422422
"136" 2016 69623.76 46.6479192
"137" 2016 69055.34 34.8729467
"138" 2016 66824.82 34.7489064
"139" 2016 64797.01 39.20219105
"140" 2016 63238.14 36.0457398
"141" 2016 61482.71 32.5858363
"142" 2016 60498.6 30.854286
"143" 2016 60156.3 33.9883095
"144" 2016 59821.26 40.3793505
"145" 2016 59061.84 41.6385972
"146" 2016 58220.44 40.1721036
"147" 2016 57409.28 44.7792384
"148" 2016 56927.56 44.4034968
"149" 2016 56051.67 42.31901085
"150" 2016 55851.15 43.28464125
"151" 2016 56349.15 49.86899775
"152" 2016 57584.9 56.7211265
"153" 2016 59993.84 68.0930084
"154" 2016 62275.32 75.9758904
"155" 2016 64548.55 81.65391575
"156" 2016 66220.33 106.6147313
"157" 2016 65640.52 114.2145048
"158" 2016 64747.26 116.8688043
"159" 2016 64256.58 138.7942128
"160" 2016 63301.28 137.9967904
"161" 2016 62408.82 138.8596245
"162" 2016 62468.85 160.5449445
"163" 2016 63768.87 178.552836
"164" 2016 65142.49 196.7303198
"165" 2016 65422.88 216.2226184
"166" 2016 64342.52 233.8850602
"167" 2016 62195.89 246.9176833
"168" 2016 60449.8 255.400405
"169" 2016 58547.2 258.193152
"170" 2016 56560.31 267.24746475
"171" 2016 55216.17 283.8111138
"172" 2016 53602.19 314.37684435
"173" 2016 52131.04 332.8566904
"174" 2016 50452.28 340.0483672
"175" 2016 49118.24 366.9132528
"176" 2016 48059.57 394.80936755
"177" 2016 47349.84 436.0920264
"178" 2016 46673.12 463.6974472
"179" 2016 46138.27 524.5921299
"180" 2016 45930.17 583.313159
"181" 2016 41967.86 572.6514497
"182" 2016 37083.01 577.3824657
"183" 2016 34806.25 570.30040625
"184" 2016 31674.63 589.7816106
"185" 2016 31000.99 681.4017602
"186" 2016 31647.51 759.69847755
"187" 2016 29548.47 778.3066998
"188" 2016 26525.23 790.7171063
"189" 2016 24108.66 802.3362048
"190" 2016 22318.82 796.2239035
"191" 2016 20504.03 828.26029185
"192" 2016 18857.42 880.5472269
"193" 2016 17586.02 942.5227419
"194" 2016 16391.07 989.44694055
"195" 2016 15334.72 1033.560128
"196" 2016 14828.03 1116.62479915
"197" 2016 13513.14 1152.7384077
"198" 2016 11875.23 1159.3787049
"199" 2016 10526.43 1139.64394395
"200" 2016 9113.98 1112.361259
"201" 2016 7755.63 1099.86466845
"202" 2016 6492.93 1041.95294175
"203" 2016 5266.64 915.342032
"204" 2016 4161.5 801.296825
"205" 2016 3324.05 735.7119865
"206" 2016 2570.04 623.1575988
"207" 2016 1828.34 474.3719547
"208" 2016 1174.85 332.059604
"209" 2016 768.94 235.5839925
"210" 2016 583.63 192.8488609
"211" 2016 400.84 142.1258388
"212" 2016 230.22 87.1486299
"213" 2016 133.08 53.5121334
"214" 2016 79.81 33.92124525
"215" 2016 46.85 20.94686925
"216" 2016 20.78 9.7283648
"217" 2016 10.82 5.280701
"218" 2016 4.73 2.39657275
"219" 2016 1.69 0.88550085
"220" 2016 0.68 0.3671218
"221" 2016 0 0
"222" 2016 0 0
"223" 2017 59773.04 254.03542
"224" 2017 59761.73 16.43447575
"225" 2017 60373.2 9.05598
"226" 2017 61799.87 8.96098115
"227" 2017 63400.49 10.46108085
"228" 2017 64364.8 7.401952
"229" 2017 65408.27 4.5785789
"230" 2017 65421.78 4.9066335
"231" 2017 65081.31 6.508131
"232" 2017 64191.09 4.81433175
"233" 2017 61899.35 6.189935
"234" 2017 60022.27 7.50278375
"235" 2017 59721.56 7.465195
"236" 2017 59649.15 10.43860125
"237" 2017 59907.26 18.8707869
"238" 2017 61703.84 19.1281904
"239" 2017 63755.37 18.17028045
"240" 2017 63604.08 30.211938
"241" 2017 63502.08 37.1487168
"242" 2017 65084.3 34.1692575
"243" 2017 66571.09 29.9569905
"244" 2017 67829.5 31.879865
"245" 2017 68083.78 33.3610522
"246" 2017 69407.45 43.032619
"247" 2017 71143.78 47.6663326
"248" 2017 72235.92 36.4791396
"249" 2017 71912.05 37.394266
"250" 2017 69703.26 42.1704723
"251" 2017 67945.62 38.7290034
"252" 2017 66382.52 35.1827356
"253" 2017 64307.67 32.7969117
"254" 2017 63153.32 35.6816258
"255" 2017 62510.85 42.19482375
"256" 2017 61921.68 43.6547844
"257" 2017 60972.16 42.0707904
"258" 2017 59936.47 46.7504466
"259" 2017 59019.61 46.0352958
"260" 2017 58498.47 44.16634485
"261" 2017 57462 44.53305
"262" 2017 57071.81 50.50855185
"263" 2017 57529.56 56.6666166
"264" 2017 58634.99 66.55071365
"265" 2017 60984.08 74.4005776
"266" 2017 63195.32 79.9420798
"267" 2017 65448.39 105.3719079
"268" 2017 67015.86 116.6075964
"269" 2017 66315.56 119.6995858
"270" 2017 65332.3 141.117768
"271" 2017 64851.46 141.3761828
"272" 2017 63711.86 141.7588885
"273" 2017 62768.57 161.3152249
"274" 2017 62833.4 175.93352
"275" 2017 64109.04 193.6093008
"276" 2017 65437.29 216.27024345
"277" 2017 65648.25 238.63138875
"278" 2017 64432.52 255.7971044
"279" 2017 62320.52 263.304197
"280" 2017 60594.69 267.2225829
"281" 2017 58656.88 277.153758
"282" 2017 56665.75 291.261955
"283" 2017 55180.79 323.63533335
"284" 2017 53626.25 342.40360625
"285" 2017 52066 350.92484
"286" 2017 50392.19 376.4296593
"287" 2017 49033.45 402.80979175
"288" 2017 47884.52 441.0164292
"289" 2017 47050 467.44175
"290" 2017 46318.17 526.6375929
"291" 2017 45713.07 580.555989
"292" 2017 45350.16 618.8029332
"293" 2017 41387.2 644.398704
"294" 2017 36543.01 598.75721885
"295" 2017 34181.04 636.4509648
"296" 2017 31039.1 682.239418
"297" 2017 30291.48 727.1469774
"298" 2017 30877.51 813.3136134
"299" 2017 28753.09 857.1296129
"300" 2017 25744.74 856.7849472
"301" 2017 23299.23 831.20003025
"302" 2017 21443.69 866.21785755
"303" 2017 19628.91 916.57195245
"304" 2017 17931.81 961.05535695
"305" 2017 16630.9 1003.9242785
"306" 2017 15420.99 1039.374726
"307" 2017 14259.35 1073.80035175
"308" 2017 13729.04 1171.1557572
"309" 2017 12402.84 1210.8892692
"310" 2017 10761.01 1165.04074765
"311" 2017 9411.6 1148.68578
"312" 2017 8044.94 1140.8931661
"313" 2017 6686.89 1073.07867275
"314" 2017 5497.2 955.41336
"315" 2017 4376.12 842.621906
"316" 2017 3397.53 751.9753149
"317" 2017 2673.06 648.1368582
"318" 2017 1982.62 514.4006721
"319" 2017 1341.8 379.246352
"320" 2017 843.94 258.5621175
"321" 2017 549.87 181.6935441
"322" 2017 401.86 142.4875002
"323" 2017 260.4 98.573118
"324" 2017 143.28 57.6136044
"325" 2017 79.38 33.7384845
"326" 2017 45.26 20.2359723
"327" 2017 24.86 11.6384576
"328" 2017 10.34 5.046437
"329" 2017 4.98 2.5232415
"330" 2017 1.85 0.96933525
"331" 2017 0.29 0.15656665
"332" 2017 0 0
"333" 2017 0 0
"334" 2018 59832.49 254.2880825
"335" 2018 60247.26 16.5679965
"336" 2018 60825.53 9.1238295
"337" 2018 61532.88 8.9222676
"338" 2018 62834.9 10.3677585
"339" 2018 64385.37 7.40431755
"340" 2018 65184.88 4.5629416
"341" 2018 66033.32 4.952499
"342" 2018 65976 6.5976
"343" 2018 65661.07 4.92458025
"344" 2018 64854.99 6.485499
"345" 2018 62608.93 7.82611625
"346" 2018 60772.03 7.59650375
"347" 2018 60391.97 10.56859475
"348" 2018 60548 19.07262
"349" 2018 61156.6 18.958546
"350" 2018 63013.59 17.95887315
"351" 2018 64735.29 30.74926275
"352" 2018 64133.01 37.51781085
"353" 2018 64440.44 33.831231
"354" 2018 66039.5 29.717775
"355" 2018 67180.19 31.5746893
"356" 2018 68277.86 33.4561514
"357" 2018 69236.11 42.9263882
"358" 2018 70848.88 47.4687496
"359" 2018 72960.09 36.84484545
"360" 2018 74484.19 38.7317788
"361" 2018 74329.84 44.9695532
"362" 2018 72436.25 41.2886625
"363" 2018 70622.41 37.4298773
"364" 2018 69036.16 35.2084416
"365" 2018 66776.44 37.7286886
"366" 2018 65397.86 44.1435555
"367" 2018 64504.57 45.47572185
"368" 2018 63856.55 44.0610195
"369" 2018 62781.91 48.9698898
"370" 2018 61611.68 48.0571104
"371" 2018 60608.88 45.7597044
"372" 2018 59938.38 46.4522445
"373" 2018 58756.96 51.9999096
"374" 2018 58311.89 57.43721165
"375" 2018 58574.44 66.4819894
"376" 2018 59614.66 72.7298852
"377" 2018 61858.71 78.25126815
"378" 2018 64050.11 103.1206771
"379" 2018 66293.26 115.3502724
"380" 2018 67705.95 122.20923975
"381" 2018 66870.28 144.4398048
"382" 2018 65831.64 143.5129752
"383" 2018 65336.49 145.37369025
"384" 2018 64051.94 164.6134858
"385" 2018 63063.46 176.577688
"386" 2018 63107.7 190.585254
"387" 2018 64404.25 212.85604625
"388" 2018 65651.83 238.64440205
"389" 2018 65788.66 261.1809802
"390" 2018 64502.44 272.522809
"391" 2018 62390.03 275.1400323
"392" 2018 60634.44 286.497729
"393" 2018 58711.01 301.7745914
"394" 2018 56646.25 332.23025625
"395" 2018 55055.51 351.52943135
"396" 2018 53510.88 360.6633312
"397" 2018 51910.3 387.769941
"398" 2018 50256.57 412.85772255
"399" 2018 48878.65 450.1723665
"400" 2018 47574.28 472.6504718
"401" 2018 46639.51 530.2912287
"402" 2018 45853.04 582.333608
"403" 2018 45122.98 615.7030621
"404" 2018 44685.12 695.7473184
"405" 2018 40741.34 667.5468559
"406" 2018 35887.97 668.2340014
"407" 2018 33465.92 735.5809216
"408" 2018 30348.76 728.5219838
"409" 2018 29521.48 777.5957832
"410" 2018 30027.43 895.1176883
"411" 2018 27867.73 927.4380544
"412" 2018 24888.79 887.90758325
"413" 2018 22409.23 905.22084585
"414" 2018 20538.57 959.04852615
"415" 2018 18613.78 997.6055391
"416" 2018 16926.52 1021.7693798
"417" 2018 15625.7 1053.17218
"418" 2018 14326.19 1078.83373795
"419" 2018 13114.71 1118.75033655
"420" 2018 12544.42 1224.7117246
"421" 2018 11203.51 1212.94801015
"422" 2018 9591.42 1170.632811
"423" 2018 8250.47 1170.04040305
"424" 2018 6916.15 1109.86917125
"425" 2018 5666.52 984.841176
"426" 2018 4561.04 878.228252
"427" 2018 3529.88 781.2683404
"428" 2018 2668.2 646.958454
"429" 2018 2046.98 531.0991959
"430" 2018 1459.1 412.400024
"431" 2018 953.17 292.02745875
"432" 2018 589.2 194.689356
"433" 2018 367.07 130.1520099
"434" 2018 265.18 100.3825631
"435" 2018 164.9 66.3071145
"436" 2018 88.25 37.50845625
"437" 2018 47.27 21.13465335
"438" 2018 26 12.17216
"439" 2018 13.37 6.5252285
"440" 2018 5.19 2.62964325
"441" 2018 2.32 1.2155988
"442" 2018 0.8 0.431908
"443" 2018 0 0
"444" 2018 0 0
"445" 2019 59585.45 253.2381625
"446" 2019 60177.21 16.54873275
"447" 2019 61147.09 9.1720635
"448" 2019 61880 8.9726
"449" 2019 62557.76 10.3220304
"450" 2019 63840.19 7.34162185
"451" 2019 65190.17 4.5633119
"452" 2019 65875.37 4.94065275
"453" 2019 66664.72 6.666472
"454" 2019 66606.66 4.9954995
"455" 2019 66261.64 6.626164
"456" 2019 65504.9 8.1881125
"457" 2019 63339.01 7.91737625
"458" 2019 61507.15 10.76375125
"459" 2019 61141.89 19.25969535
"460" 2019 61627.26 19.1044506
"461" 2019 62305.53 17.75707605
"462" 2019 63882.76 30.344311
"463" 2019 65125.21 38.09824785
"464" 2019 64873.02 34.0583355
"465" 2019 65198.63 29.3393835
"466" 2019 66559.67 31.2830449
"467" 2019 67500.77 33.0753773
"468" 2019 69087.7 42.834374
"469" 2019 70089.83 46.9601861
"470" 2019 71976.9 36.3483345
"471" 2019 74637.12 38.8113024
"472" 2019 76276.28 46.1471494
"473" 2019 76194.74 43.4310018
"474" 2019 74504.44 39.4873532
"475" 2019 72739.37 37.0970787
"476" 2019 71048.66 40.1424929
"477" 2019 68613.56 46.314153
"478" 2019 66990.85 47.22854925
"479" 2019 66147.32 45.6416508
"480" 2019 65414.74 51.0234972
"481" 2019 64350.85 50.193663
"482" 2019 63096.55 47.63789525
"483" 2019 61933.01 47.99808275
"484" 2019 61188.06 54.1514331
"485" 2019 59946.47 59.04727295
"486" 2019 59296.52 67.3015502
"487" 2019 59514.43 72.6076046
"488" 2019 60439.62 76.4561193
"489" 2019 62613.1 100.807091
"490" 2019 64749.04 112.6633296
"491" 2019 66887.4 120.731757
"492" 2019 68175.54 147.2591664
"493" 2019 67285.24 146.6818232
"494" 2019 66210.74 147.3188965
"495" 2019 65620.96 168.6458672
"496" 2019 64210.96 179.790688
"497" 2019 63132.47 190.6600594
"498" 2019 63286.54 209.1620147
"499" 2019 64458.38 234.3062113
"500" 2019 65720.84 260.9117348
"501" 2019 65778.08 277.912388
"502" 2019 64451.95 284.2330995
"503" 2019 62334.5 294.5305125
"504" 2019 60574.36 311.3522104
"505" 2019 58700.6 344.279019
"506" 2019 56551.78 361.0831153
"507" 2019 54961.04 370.4374096
"508" 2019 53371.7 398.686599
"509" 2019 51806.17 425.58768655
"510" 2019 50101.37 461.4336177
"511" 2019 48589.07 482.73241045
"512" 2019 47210.13 536.7791781
"513" 2019 46225.04 587.058008
"514" 2019 45338.74 618.6471073
"515" 2019 44538.68 693.4672476
"516" 2019 44061.16 721.9421066
"517" 2019 40091.43 746.5024266
"518" 2019 35188.22 773.4370756
"519" 2019 32776.24 786.7936412
"520" 2019 29634.22 780.5653548
"521" 2019 28747.17 856.9531377
"522" 2019 29173.05 970.879104
"523" 2019 26953.18 961.5546965
"524" 2019 23983.67 968.82034965
"525" 2019 21524.52 1005.0874614
"526" 2019 19538.82 1047.1830579
"527" 2019 17598.99 1062.36303135
"528" 2019 15901.57 1071.765818
"529" 2019 14585.95 1098.39496475
"530" 2019 13251.4 1130.410677
"531" 2019 11975.21 1169.1397523
"532" 2019 11375.85 1231.60640025
"533" 2019 10017.99 1222.6956795
"534" 2019 8448.89 1198.17933535
"535" 2019 7109.26 1140.8584985
"536" 2019 5832.56 1013.698928
"537" 2019 4703.8 905.71669
"538" 2019 3692.39 817.2366787
"539" 2019 2773.17 672.4105299
"540" 2019 2056.75 533.63407125
"541" 2019 1540.73 435.4719272
"542" 2019 1068.47 327.35249625
"543" 2019 689.48 227.8248764
"544" 2019 419.82 148.8555774
"545" 2019 247.82 93.8110219
"546" 2019 166.6 66.990693
"547" 2019 99.86 42.4429965
"548" 2019 51.42 22.9901391
"549" 2019 26.55 12.429648
"550" 2019 13.75 6.7106875
"551" 2019 6.46 3.2731205
"552" 2019 2.32 1.2155988
"553" 2019 0.79 0.42650915
"554" 2019 0 0
"555" 2019 0 0
"556" 2020 59508.93 252.9129525
"557" 2020 59955.94 16.4878835
"558" 2020 61092.5 9.163875
"559" 2020 62253.04 9.0266908
"560" 2020 62925.29 10.38267285
"561" 2020 63602.8 7.314322
"562" 2020 64721.01 4.5304707
"563" 2020 66005.7 4.9504275
"564" 2020 66730.82 6.673082
"565" 2020 67450.33 5.05877475
"566" 2020 67382.52 6.738252
"567" 2020 66982.3 8.3727875
"568" 2020 66270.11 8.28376375
"569" 2020 64124.3 11.2217525
"570" 2020 62252.19 19.60943985
"571" 2020 62106.68 19.2530708
"572" 2020 62657.34 17.8573419
"573" 2020 63020.08 29.934538
"574" 2020 64358.54 37.6497459
"575" 2020 65955.94 34.6268685
"576" 2020 65705.39 29.5674255
"577" 2020 66086.46 31.0606362
"578" 2020 67358 33.00542
"579" 2020 68784.79 42.6465698
"580" 2020 70579.15 47.2880305
"581" 2020 71801.54 36.2597777
"582" 2020 74042.99 38.5023548
"583" 2020 76883.7 46.5146385
"584" 2020 78403.42 44.6899494
"585" 2020 78639.59 41.6789827
"586" 2020 76728.3 39.131433
"587" 2020 74892.99 42.31453935
"588" 2020 72941.95 49.23581625
"589" 2020 70255.95 49.53044475
"590" 2020 68517.12 47.2768128
"591" 2020 67769.62 52.8603036
"592" 2020 66950.52 52.2214056
"593" 2020 65911.59 49.76325045
"594" 2020 64422.41 49.92736775
"595" 2020 63243.83 55.97078955
"596" 2020 62413.84 61.4776324
"597" 2020 61002.41 69.23773535
"598" 2020 60291.97 73.5562034
"599" 2020 60394.93 76.39958645
"600" 2020 61210.36 98.5486796
"601" 2020 63278.87 110.1052338
"602" 2020 65339.86 117.9384473
"603" 2020 67403.18 145.5908688
"604" 2020 68600.66 149.5494388
"605" 2020 67630.85 150.47864125
"606" 2020 66526.52 170.9731564
"607" 2020 65857.57 184.401196
"608" 2020 64352.52 194.3446104
"609" 2020 63343.87 209.35149035
"610" 2020 63433.15 230.57950025
"611" 2020 64655.4 256.681938
"612" 2020 65857.61 278.24840225
"613" 2020 65960.46 290.8856286
"614" 2020 64599.12 305.230842
"615" 2020 62481.26 321.1536764
"616" 2020 60756.33 356.33587545
"617" 2020 58897.45 376.06021825
"618" 2020 56788.96 382.7575904
"619" 2020 55157.97 412.0300359
"620" 2020 53618.71 440.47770265
"621" 2020 51938.71 478.3555191
"622" 2020 50148.71 498.22743385
"623" 2020 48540.8 551.908896
"624" 2020 47076.9 597.87663
"625" 2020 46042.05 628.24377225
"626" 2020 45030.3 701.121771
"627" 2020 44194.96 724.1344196
"628" 2020 43632.88 812.4442256
"629" 2020 39572.66 869.8070668
"630" 2020 34684.41 832.59926205
"631" 2020 32212.02 848.4646068
"632" 2020 29019.83 865.0811323
"633" 2020 28093.2 934.941696
"634" 2020 28388.65 1012.76508875
"635" 2020 26093.67 1054.05379965
"636" 2020 23128.63 1079.99137785
"637" 2020 20604.93 1104.32122335
"638" 2020 18619.4 1123.960081
"639" 2020 16594.11 1118.443014
"640" 2020 14931.89 1124.44597645
"641" 2020 13546.03 1155.54408915
"642" 2020 12191.56 1190.2620028
"643" 2020 10850.32 1174.7098948
"644" 2020 10135.87 1237.0829335
"645" 2020 8807.82 1249.0809933
"646" 2020 7305.26 1172.3115985
"647" 2020 6038.91 1049.562558
"648" 2020 4862.81 936.3340655
"649" 2020 3829.77 847.6429941
"650" 2020 2928.68 710.1170396
"651" 2020 2140.32 555.3167256
"652" 2020 1540.36 435.3673504
"653" 2020 1098.96 336.69387
"654" 2020 741.88 245.1394084
"655" 2020 471.08 167.0308356
"656" 2020 265.85 100.63618825
"657" 2020 153.21 61.60650705
"658" 2020 99.32 42.213483
"659" 2020 56.99 25.48051395
"660" 2020 28 13.10848
"661" 2020 13.84 6.754612
"662" 2020 6.5 3.2933875
"663" 2020 2.82 1.4775813
"664" 2020 0.78 0.4211103
"665" 2020 0 0
"666" 2020 0 0
"667" 2021 60186.58 255.792965
"668" 2021 59843.15 16.45686625
"669" 2021 60598.44 9.089766
"670" 2021 61909.21 8.97683545
"671" 2021 62965.04 10.3892316
"672" 2021 63612.33 7.31541795
"673" 2021 64194.63 4.4936241
"674" 2021 65308.63 4.89814725
"675" 2021 66593.06 6.659306
"676" 2021 67263.15 5.04473625
"677" 2021 67987.54 6.798754
"678" 2021 67900.22 8.4875275
"679" 2021 67490 8.43625
"680" 2021 66802.77 11.69048475
"681" 2021 64561.76 20.3369544
"682" 2021 62793.94 19.4661214
"683" 2021 62667.78 17.8603173
"684" 2021 62954.39 29.90333525
"685" 2021 63091.01 36.90824085
"686" 2021 64537.5 33.8821875
"687" 2021 66173.59 29.7781155
"688" 2021 66022.96 31.0307912
"689" 2021 66328.66 32.5010434
"690" 2021 67812.27 42.0436074
"691" 2021 69446.69 46.5292823
"692" 2021 71375.09 36.04442045
"693" 2021 72701.04 37.8045408
"694" 2021 75157.28 45.4701544
"695" 2021 77927.83 44.4188631
"696" 2021 79593.43 42.1845179
"697" 2021 79746.68 40.6708068
"698" 2021 77831.18 43.9746167
"699" 2021 75947.92 51.264846
"700" 2021 73878.85 52.08458925
"701" 2021 71114.24 49.0688256
"702" 2021 69524.85 54.229383
"703" 2021 68588 53.49864
"704" 2021 67783.87 51.17682185
"705" 2021 66661.04 51.662306
"706" 2021 65177.07 57.68170695
"707" 2021 64004.27 63.04420595
"708" 2021 63054.52 71.5668802
"709" 2021 61578.55 75.125831
"710" 2021 60813.56 76.9291534
"711" 2021 60897.01 98.0441861
"712" 2021 61617.48 107.2144152
"713" 2021 63646.25 114.88148125
"714" 2021 65627.24 141.7548384
"715" 2021 67641.54 147.4585572
"716" 2021 68788.77 153.05501325
"717" 2021 67839.2 174.346744
"718" 2021 66659.09 186.645452
"719" 2021 65970.79 199.2317858
"720" 2021 64430.06 212.9413483
"721" 2021 63426.76 230.5562726
"722" 2021 63505.15 252.1154455
"723" 2021 64677.73 273.26340925
"724" 2021 65929.37 290.7485217
"725" 2021 65982.31 311.76641475
"726" 2021 64581.04 331.9465456
"727" 2021 62492.93 366.52103445
"728" 2021 60712.55 387.64963175
"729" 2021 58883.26 396.8731724
"730" 2021 56755.18 423.9611946
"731" 2021 55158.99 453.13110285
"732" 2021 53564.69 493.3307949
"733" 2021 51794.85 514.58183475
"734" 2021 49880.22 567.1381014
"735" 2021 48257.83 612.874441
"736" 2021 46773.94 638.2304113
"737" 2021 45619.59 710.2970163
"738" 2021 44563.04 730.1654104
"739" 2021 43677.53 813.2756086
"740" 2021 43030.99 945.8211602
"741" 2021 38960.6 935.249203
"742" 2021 34037.97 896.5601298
"743" 2021 31551.04 940.5365024
"744" 2021 28353.73 943.6121344
"745" 2021 27317.68 974.558234
"746" 2021 27513.04 1111.3892508
"747" 2021 25168.14 1175.2262973
"748" 2021 22203.18 1189.9794321
"749" 2021 19684.36 1188.2463914
"750" 2021 17594.11 1185.843014
"751" 2021 15603.62 1175.0306041
"752" 2021 13886.77 1184.61091485
"753" 2021 12506.03 1220.9637089
"754" 2021 11101.73 1201.92879845
"755" 2021 9740.41 1188.8170405
"756" 2021 9055.17 1284.15893355
"757" 2021 7739.29 1241.96256275
"758" 2021 6299.55 1094.86179
"759" 2021 5113.29 984.5639895
"760" 2021 4036.65 893.4317445
"761" 2021 3114.59 755.1946373
"762" 2021 2313.89 600.35032995
"763" 2021 1634.63 462.0118232
"764" 2021 1152.66 353.1462075
"765" 2021 809.44 267.4632592
"766" 2021 523.34 185.5606638
"767" 2021 310.7 117.6139315
"768" 2021 169.66 68.2211343
"769" 2021 93.58 39.7738395
"770" 2021 58.2 26.021511
"771" 2021 31.4 14.700224
"772" 2021 14.42 7.037681
"773" 2021 6.6 3.344055
"774" 2021 2.46 1.2889539
"775" 2021 0.94 0.5074919
"776" 2021 0 0
"777" 2021 0 0
