"year" "population" "expected"
"1" 2015 64958.29 201.370699
"2" 2015 66672.85 10.0009275
"3" 2015 68059.18 6.4656221
"4" 2015 70694.72 5.302104
"5" 2015 69683.22 5.2262415
"6" 2015 72910.98 5.1037686
"7" 2015 72001.87 3.6000935
"8" 2015 70045.48 3.1520466
"9" 2015 67031.24 2.6812496
"10" 2015 65262.56 2.6105024
"11" 2015 64461.33 4.18998645
"12" 2015 63558.26 5.0846608
"13" 2015 62854.51 5.0283608
"14" 2015 61588.33 5.23500805
"15" 2015 60717.14 7.5896425
"16" 2015 60708.07 10.3203719
"17" 2015 60599.92 12.4229836
"18" 2015 59053.45 13.5822935
"19" 2015 58495.85 15.50140025
"20" 2015 55677.99 16.703397
"21" 2015 55190.68 16.2812506
"22" 2015 54129.62 17.0508303
"23" 2015 54539.49 18.5434266
"24" 2015 55128.05 21.4999395
"25" 2015 56824.57 25.0028108
"26" 2015 56509.78 24.0166565
"27" 2015 56559.03 27.1483344
"28" 2015 61225.48 29.082103
"29" 2015 61953.5 26.3302375
"30" 2015 64509.73 29.99702445
"31" 2015 67854.45 32.90940825
"32" 2015 71181.96 36.3027996
"33" 2015 75444.1 43.3803575
"34" 2015 78328.92 47.7806412
"35" 2015 80175.66 50.9115441
"36" 2015 79149.43 51.84287665
"37" 2015 77840.68 48.2612216
"38" 2015 74637.49 48.5143685
"39" 2015 73485.23 52.1745133
"40" 2015 72310.72 57.848576
"41" 2015 72420.09 69.5232864
"42" 2015 71334.43 73.83113505
"43" 2015 70589.47 75.5307329
"44" 2015 69059.38 80.1088808
"45" 2015 67972.3 85.3052365
"46" 2015 66294.53 94.46970525
"47" 2015 63067.24 98.0695582
"48" 2015 62485.8 104.976144
"49" 2015 61994.39 118.09931295
"50" 2015 61895.65 132.456691
"51" 2015 61664.98 140.9044793
"52" 2015 59878.39 148.4984072
"53" 2015 58204.4 162.099254
"54" 2015 57081.89 175.2414023
"55" 2015 56644.69 195.70740395
"56" 2015 54415.36 206.778368
"57" 2015 52156.86 209.1490086
"58" 2015 52635.2 235.54252
"59" 2015 50587.48 251.672713
"60" 2015 49356.41 255.91298585
"61" 2015 48561.78 276.802146
"62" 2015 46964.4 299.163228
"63" 2015 46373.47 328.09230025
"64" 2015 44236.56 344.3816196
"65" 2015 43425.52 367.1627716
"66" 2015 42695.24 399.200494
"67" 2015 41915.94 430.6862835
"68" 2015 40879.28 469.4985308
"69" 2015 39147.46 494.2366825
"70" 2015 37102.52 516.8381036
"71" 2015 34155.74 544.4424956
"72" 2015 32067.82 564.7143102
"73" 2015 29721 577.77624
"74" 2015 27083.36 586.354744
"75" 2015 25961.47 625.4118123
"76" 2015 25123.32 677.5759404
"77" 2015 23485.56 714.4307352
"78" 2015 21851.25 762.608625
"79" 2015 20960.5 819.8699575
"80" 2015 19863.05 850.63511625
"81" 2015 18521.6 905.2432
"82" 2015 16964.44 954.4193944
"83" 2015 15222.75 951.2696475
"84" 2015 14157.98 976.7590402
"85" 2015 14421.28 1112.4575392
"86" 2015 12820.43 1111.7876896
"87" 2015 11064.83 1058.4616378
"88" 2015 9458.02 990.1128237
"89" 2015 8102.68 932.0917938
"90" 2015 6768.34 885.1635052
"91" 2015 5542.78 836.682641
"92" 2015 4475.53 743.9225966
"93" 2015 3532.53 652.26400185
"94" 2015 2647.9 554.893924
"95" 2015 1918.61 436.14801825
"96" 2015 1326.14 323.0808575
"97" 2015 911.33 241.6482628
"98" 2015 631.52 181.5051632
"99" 2015 427.75 132.6837725
"100" 2015 273.11 91.02619745
"101" 2015 164.6 58.680723
"102" 2015 101.66 38.5896277
"103" 2015 59.35 23.87858225
"104" 2015 40.14 17.0396307
"105" 2015 19.72 8.7933452
"106" 2015 6.4 2.984832
"107" 2015 2.53 1.22901075
"108" 2015 0.62 0.3124738
"109" 2015 0 0
"110" 2015 0 0
"111" 2015 0 0
"112" 2016 62770.24 194.587744
"113" 2016 64622.4 9.69336
"114" 2016 66461.95 6.31388525
"115" 2016 68951.37 5.17135275
"116" 2016 70457.44 5.284308
"117" 2016 72512.33 5.0758631
"118" 2016 72426.75 3.6213375
"119" 2016 71790.7 3.2305815
"120" 2016 70379.52 2.8151808
"121" 2016 66438.27 2.6575308
"122" 2016 64690.65 4.20489225
"123" 2016 63878.56 5.1102848
"124" 2016 63920.16 5.1136128
"125" 2016 62957.63 5.35139855
"126" 2016 62138.93 7.76736625
"127" 2016 60971.24 10.3651108
"128" 2016 60953.98 12.4955659
"129" 2016 60534.93 13.9230339
"130" 2016 60464.33 16.02304745
"131" 2016 56840.68 17.052204
"132" 2016 55755.12 16.4477604
"133" 2016 54304.07 17.10578205
"134" 2016 54302 18.46268
"135" 2016 54232.48 21.1506672
"136" 2016 55450.12 24.3980528
"137" 2016 57047.07 24.24500475
"138" 2016 56228.97 26.9899056
"139" 2016 61315.52 29.124872
"140" 2016 59751.6 25.39443
"141" 2016 62913.76 29.2548984
"142" 2016 67645 32.807825
"143" 2016 68540.78 34.9557978
"144" 2016 72393.52 41.626274
"145" 2016 75943.93 46.3257973
"146" 2016 78324.37 49.73597495
"147" 2016 80917.9 53.0012245
"148" 2016 81756.14 50.6888068
"149" 2016 76348.76 49.626694
"150" 2016 74155.38 52.6503198
"151" 2016 72502.01 58.001608
"152" 2016 73117.68 70.1929728
"153" 2016 71674.18 74.1827763
"154" 2016 71026.39 75.9982373
"155" 2016 70495.9 81.775244
"156" 2016 69159.6 86.795298
"157" 2016 69406.46 98.9042055
"158" 2016 65868.07 102.42484885
"159" 2016 63225.9 106.219512
"160" 2016 62542.48 119.1434244
"161" 2016 61598.89 131.8216246
"162" 2016 61875.98 141.3866143
"163" 2016 61132.52 151.6086496
"164" 2016 59539.36 165.8171176
"165" 2016 58123.15 178.4380705
"166" 2016 56839.9 196.3818545
"167" 2016 56331.49 214.059662
"168" 2016 53899.75 216.1379975
"169" 2016 53760.47 240.57810325
"170" 2016 51692.75 257.17143125
"171" 2016 50325.26 260.9364731
"172" 2016 49372.96 281.425872
"173" 2016 48268.4 307.469708
"174" 2016 46809.21 331.17516075
"175" 2016 46200.02 359.6671557
"176" 2016 44200.12 373.7120146
"177" 2016 43327.63 405.1133405
"178" 2016 42660.47 438.33632925
"179" 2016 41622.63 478.03590555
"180" 2016 40412.2 510.204025
"181" 2016 38679.45 538.8047385
"182" 2016 36552.62 582.6487628
"183" 2016 33630.59 592.2346899
"184" 2016 31482.1 612.012024
"185" 2016 29077.3 629.523545
"186" 2016 26553.67 639.6779103
"187" 2016 25150.91 678.3200427
"188" 2016 24241.11 737.4145662
"189" 2016 22732.79 793.374371
"190" 2016 21232.42 830.5061083
"191" 2016 20243.11 866.91118575
"192" 2016 18977.79 927.53948625
"193" 2016 17582.16 989.1723216
"194" 2016 15973.78 998.2015122
"195" 2016 14336.63 989.0841037
"196" 2016 13109.61 1011.2753154
"197" 2016 13344.5 1157.23504
"198" 2016 11719.47 1121.0845002
"199" 2016 10018.09 1048.74375165
"200" 2016 8431.03 969.86353605
"201" 2016 7091.12 927.3766736
"202" 2016 5806.78 876.533441
"203" 2016 4632.65 770.039083
"204" 2016 3648.19 673.62004255
"205" 2016 2812.66 589.4210296
"206" 2016 2049.73 465.95487225
"207" 2016 1446.96 352.51563
"208" 2016 972.7 257.921132
"209" 2016 650.32 186.9084712
"210" 2016 444.78 137.9663082
"211" 2016 285.74 95.2357133
"212" 2016 171.37 61.09426185
"213" 2016 97.38 36.9649611
"214" 2016 57.35 23.07391225
"215" 2016 36.72 15.5878236
"216" 2016 20.8 9.274928
"217" 2016 7.78 3.6284364
"218" 2016 3.85 1.87023375
"219" 2016 1.52 0.7660648
"220" 2016 0.34 0.1771247
"221" 2016 0 0
"222" 2016 0 0
"223" 2017 63449.17 196.692427
"224" 2017 62761.14 9.414171
"225" 2017 64642.3 6.1410185
"226" 2017 66812.87 5.01096525
"227" 2017 68889.35 5.16670125
"228" 2017 71271.28 4.9889896
"229" 2017 72340.48 3.617024
"230" 2017 72336.68 3.2551506
"231" 2017 71883.98 2.8753592
"232" 2017 70166.47 2.8066588
"233" 2017 66258.86 4.3068259
"234" 2017 64512.49 5.1609992
"235" 2017 64068.53 5.1254824
"236" 2017 63993 5.439405
"237" 2017 63194.4 7.8993
"238" 2017 62414.74 10.6105058
"239" 2017 61415.47 12.59017135
"240" 2017 61225.71 14.0819133
"241" 2017 61209.89 16.22062085
"242" 2017 60171.17 18.051351
"243" 2017 57123.79 16.85151805
"244" 2017 55565.4 17.503101
"245" 2017 54466.63 18.5186542
"246" 2017 54116.44 21.1054116
"247" 2017 54177.28 23.8380032
"248" 2017 55852.6 23.737355
"249" 2017 57528.73 27.6137904
"250" 2017 58285.5 27.6856125
"251" 2017 61293.48 26.049729
"252" 2017 60701.27 28.22609055
"253" 2017 64500.24 31.2826164
"254" 2017 68346.5 34.856715
"255" 2017 69396.63 39.90306225
"256" 2017 72952.63 44.5011043
"257" 2017 76271.7 48.4325295
"258" 2017 78766.3 51.5919265
"259" 2017 81967.42 50.8198004
"260" 2017 81377.86 52.895609
"261" 2017 76421.37 54.2591727
"262" 2017 74222.01 59.377608
"263" 2017 73249.08 70.3191168
"264" 2017 73245.3 75.8088855
"265" 2017 72070.66 77.1156062
"266" 2017 71514.76 82.9571216
"267" 2017 71099.83 89.23028665
"268" 2017 69928.65 99.64832625
"269" 2017 69236.23 107.66233765
"270" 2017 65919.99 110.7455832
"271" 2017 63272.12 120.5333886
"272" 2017 62414.63 133.5673082
"273" 2017 61633.38 140.8322733
"274" 2017 61645.53 152.8809144
"275" 2017 60996.86 169.8762551
"276" 2017 59551.68 182.8236576
"277" 2017 58067.78 200.6241799
"278" 2017 56715.19 215.517722
"279" 2017 56177.63 225.2722963
"280" 2017 54411.58 243.4918205
"281" 2017 53430.59 265.81718525
"282" 2017 51603.11 267.56212535
"283" 2017 50299.62 286.707834
"284" 2017 49215.03 313.4997411
"285" 2017 48199.79 341.01351425
"286" 2017 46737.82 363.8539287
"287" 2017 46170.63 390.37267665
"288" 2017 43968.5 411.105475
"289" 2017 43018.12 442.011183
"290" 2017 42206.92 484.7464762
"291" 2017 41161.39 519.66254875
"292" 2017 39961.19 556.6593767
"293" 2017 38081.97 607.0266018
"294" 2017 35966.27 633.3660147
"295" 2017 33036.98 642.2388912
"296" 2017 30884.93 668.6587345
"297" 2017 28558.63 687.9773967
"298" 2017 25792.75 695.6304675
"299" 2017 24277.6 738.524592
"300" 2017 23452.68 818.498532
"301" 2017 22021.86 861.3850539
"302" 2017 20525.75 879.01524375
"303" 2017 19225.55 939.64875625
"304" 2017 17925.82 1008.5066332
"305" 2017 16568.24 1035.3493176
"306" 2017 15072.7 1039.865573
"307" 2017 13392.97 1033.1337058
"308" 2017 11836.13 1026.4291936
"309" 2017 12287.06 1175.3801596
"310" 2017 10615.17 1111.24907145
"311" 2017 8949.05 1029.45396675
"312" 2017 7423.87 970.8937186
"313" 2017 6101.34 920.997273
"314" 2017 4886.1 812.167542
"315" 2017 3813.54 704.1510933
"316" 2017 2940.05 616.116878
"317" 2017 2203.99 501.02202675
"318" 2017 1553.99 378.59081375
"319" 2017 1079.27 286.1792332
"320" 2017 702.54 201.9170214
"321" 2017 444.31 137.8205189
"322" 2017 294.8 98.255366
"323" 2017 180.8 64.456104
"324" 2017 105.37 39.99792515
"325" 2017 60.39 24.29701065
"326" 2017 31.72 13.4652986
"327" 2017 15.95 7.1122645
"328" 2017 8.1 3.777678
"329" 2017 3.14 1.5253335
"330" 2017 1.36 0.6854264
"331" 2017 0.3 0.1562865
"332" 2017 0 0
"333" 2017 0 0
"334" 2018 62225.45 192.898895
"335" 2018 63720.04 9.558006
"336" 2018 63016.67 5.98658365
"337" 2018 64850.37 4.86377775
"338" 2018 67011.28 5.025846
"339" 2018 69046.19 4.8332333
"340" 2018 71432.64 3.571632
"341" 2018 72502.99 3.26263455
"342" 2018 72451.34 2.8980536
"343" 2018 72067.4 2.882696
"344" 2018 70294.36 4.5691334
"345" 2018 66455.69 5.3164552
"346" 2018 64720.48 5.1776384
"347" 2018 64279.9 5.4637915
"348" 2018 64165.83 8.02072875
"349" 2018 63959.61 10.8731337
"350" 2018 63430.17 13.00318485
"351" 2018 62276.97 14.3237031
"352" 2018 62151.97 16.47027205
"353" 2018 62171.73 18.651519
"354" 2018 61098.57 18.02407815
"355" 2018 57932.15 18.24862725
"356" 2018 56371.94 19.1664596
"357" 2018 55231.22 21.5401758
"358" 2018 54883.8 24.148872
"359" 2018 55106.48 23.420254
"360" 2018 56815.4 27.271392
"361" 2018 58457.07 27.76710825
"362" 2018 59093.24 25.114627
"363" 2018 62015.58 28.8372447
"364" 2018 61441.75 29.79924875
"365" 2018 65263.56 33.2844156
"366" 2018 68951.18 39.6469285
"367" 2018 70123.81 42.7755241
"368" 2018 73527.59 46.69001965
"369" 2018 76757.32 50.2760446
"370" 2018 79283.85 49.155987
"371" 2018 82338.89 53.5202785
"372" 2018 81881.28 58.1357088
"373" 2018 77004.05 61.60324
"374" 2018 74904.19 71.9080224
"375" 2018 73951.39 76.53968865
"376" 2018 73985.63 79.1646241
"377" 2018 72841.06 84.4956296
"378" 2018 72276.48 90.7069824
"379" 2018 71236.37 101.51182725
"380" 2018 69719.95 108.41452225
"381" 2018 69023.2 115.958976
"382" 2018 65785.82 125.3219871
"383" 2018 63124.15 135.085681
"384" 2018 62261.54 142.2676189
"385" 2018 61496.02 152.5101296
"386" 2018 61555.96 171.4333486
"387" 2018 60886.39 186.9212173
"388" 2018 59496.89 205.56175495
"389" 2018 57925.77 220.117926
"390" 2018 56579.23 226.8827123
"391" 2018 56055.31 250.84751225
"392" 2018 54298.79 270.13648025
"393" 2018 53327.68 276.5040208
"394" 2018 51451.03 293.270871
"395" 2018 50133.72 319.3517964
"396" 2018 49033.35 346.91095125
"397" 2018 48070.83 374.23141155
"398" 2018 46616.37 394.14140835
"399" 2018 45785.78 428.097043
"400" 2018 43545.25 447.42744375
"401" 2018 42555.82 488.7535927
"402" 2018 41813.63 527.89707875
"403" 2018 40759.03 567.7732879
"404" 2018 39390.8 627.889352
"405" 2018 37489.04 660.1819944
"406" 2018 35383.69 687.8589336
"407" 2018 32507.78 703.793437
"408" 2018 30451.45 733.5754305
"409" 2018 27842.59 750.9146523
"410" 2018 24991.05 760.227741
"411" 2018 23537.75 821.467475
"412" 2018 22705.35 888.11976525
"413" 2018 21331.29 913.51249425
"414" 2018 19497.52 952.94129
"415" 2018 18116.86 1019.2545436
"416" 2018 16935.64 1058.3081436
"417" 2018 15679.95 1081.7597505
"418" 2018 14222.13 1097.0951082
"419" 2018 12208.5 1058.72112
"420" 2018 10623.54 1016.2478364
"421" 2018 11210.5 1173.5711925
"422" 2018 9546.72 1098.2069352
"423" 2018 7927.34 1036.7375252
"424" 2018 6457.91 974.8215145
"425" 2018 5184.55 861.775901
"426" 2018 4077.73 752.93245585
"427" 2018 3117.3 653.261388
"428" 2018 2315.41 526.35057825
"429" 2018 1687.54 411.1269325
"430" 2018 1160.27 307.6571932
"431" 2018 771.72 221.8000452
"432" 2018 483.25 149.8993175
"433" 2018 296.31 98.75864145
"434" 2018 184.55 65.79299775
"435" 2018 106.71 40.50658245
"436" 2018 58.34 23.4722239
"437" 2018 31.44 13.3464372
"438" 2018 15.21 6.7822911
"439" 2018 6.69 3.1200822
"440" 2018 3.23 1.56905325
"441" 2018 0.97 0.4888703
"442" 2018 0.27 0.14065785
"443" 2018 0 0
"444" 2018 0 0
"445" 2019 61434.26 190.446206
"446" 2019 62618.77 9.3928155
"447" 2019 64045.81 6.08435195
"448" 2019 63267.32 4.745049
"449" 2019 65046.33 4.87847475
"450" 2019 67255.08 4.7078556
"451" 2019 69277.39 3.4638695
"452" 2019 71649.83 3.22424235
"453" 2019 72725.69 2.9090276
"454" 2019 72670.56 2.9068224
"455" 2019 72251.26 4.6963319
"456" 2019 70518.89 5.6415112
"457" 2019 66697.35 5.335788
"458" 2019 64962.16 5.5217836
"459" 2019 64448.05 8.05600625
"460" 2019 64717.06 11.0019002
"461" 2019 64646.39 13.25250995
"462" 2019 63956.86 14.7100778
"463" 2019 62757.69 16.63078785
"464" 2019 62777.4 18.83322
"465" 2019 62735.08 18.5068486
"466" 2019 61687.67 19.43161605
"467" 2019 58468.09 19.8791506
"468" 2019 56869.45 22.1790855
"469" 2019 55827.32 24.5640208
"470" 2019 55924.98 23.7681165
"471" 2019 56268.28 27.0087744
"472" 2019 57948.33 27.52545675
"473" 2019 59566.74 25.3158645
"474" 2019 60071.59 27.93328935
"475" 2019 62893.15 30.50317775
"476" 2019 62426.51 31.8375201
"477" 2019 66162.11 38.04321325
"478" 2019 69799.54 42.5777194
"479" 2019 70972.96 45.0678296
"480" 2019 74345.23 48.69612565
"481" 2019 77456.34 48.0229308
"482" 2019 79993.51 51.9957815
"483" 2019 83040.39 58.9586769
"484" 2019 82579.03 66.063224
"485" 2019 77743.74 74.6339904
"486" 2019 75799.34 78.4523169
"487" 2019 74823.92 80.0615944
"488" 2019 74854.29 86.8309764
"489" 2019 73786.13 92.60159315
"490" 2019 72569.2 103.41111
"491" 2019 71163.82 110.6597401
"492" 2019 69667.57 117.0415176
"493" 2019 69025.09 131.49279645
"494" 2019 65800.91 140.8139474
"495" 2019 63114.99 144.21775215
"496" 2019 62260.66 154.4064368
"497" 2019 61537.76 171.3826616
"498" 2019 61532.42 188.9045294
"499" 2019 60953.82 210.5954481
"500" 2019 59470.18 225.986684
"501" 2019 57865.34 232.0400134
"502" 2019 56529.65 252.97018375
"503" 2019 56027.14 278.7350215
"504" 2019 54274.77 281.41468245
"505" 2019 53266.06 303.616542
"506" 2019 51362.34 327.1781058
"507" 2019 50024.11 353.92057825
"508" 2019 48971.52 381.2432832
"509" 2019 48071.45 406.44410975
"510" 2019 46245.7 432.397295
"511" 2019 45312.82 465.5892255
"512" 2019 43121.91 495.25513635
"513" 2019 42160.31 532.27391375
"514" 2019 41429.46 577.1123778
"515" 2019 40223.54 641.1632276
"516" 2019 38781.72 682.9460892
"517" 2019 36890.52 717.1517088
"518" 2019 34823.09 753.9198985
"519" 2019 32053.63 772.1719467
"520" 2019 29752.85 802.4343645
"521" 2019 27018.99 821.9176758
"522" 2019 24228.32 845.568368
"523" 2019 22848.04 893.7010846
"524" 2019 21992.56 941.831382
"525" 2019 20302.75 992.29690625
"526" 2019 18440.8 1037.479408
"527" 2019 17114.05 1069.4569845
"528" 2019 16044.8 1106.930752
"529" 2019 14857.86 1146.1353204
"530" 2019 12890.56 1117.8693632
"531" 2019 10775.74 1030.8072884
"532" 2019 9341.74 977.9400519
"533" 2019 10162.26 1169.0155791
"534" 2019 8515.5 1113.65709
"535" 2019 6933.86 1046.666167
"536" 2019 5523.45 918.107859
"537" 2019 4362.89 805.58582405
"538" 2019 3347.89 701.5838284
"539" 2019 2476.22 562.9067115
"540" 2019 1790.01 436.09118625
"541" 2019 1272.67 337.4611772
"542" 2019 845.08 242.8844428
"543" 2019 550.45 170.7440855
"544" 2019 338.24 112.7337008
"545" 2019 197.91 70.55590455
"546" 2019 118.2 44.868129
"547" 2019 65.74 26.4495029
"548" 2019 33.94 14.4076997
"549" 2019 17.22 7.6785702
"550" 2019 7.69 3.5864622
"551" 2019 2.88 1.399032
"552" 2019 1.35 0.6803865
"553" 2019 0 0
"554" 2019 0 0
"555" 2019 0 0
"556" 2020 59225.53 183.599143
"557" 2020 61612.75 9.2419125
"558" 2020 62787.89 5.96484955
"559" 2020 64190.5 4.8142875
"560" 2020 63348.26 4.7511195
"561" 2020 65171.11 4.5619777
"562" 2020 67369.52 3.368476
"563" 2020 69400.5 3.1230225
"564" 2020 71743.4 2.869736
"565" 2020 72793.36 2.9117344
"566" 2020 72767.37 4.72987905
"567" 2020 72349.13 5.7879304
"568" 2020 70608.99 5.6487192
"569" 2020 66777.04 5.6760484
"570" 2020 65040.35 8.13004375
"571" 2020 64831.07 11.0212819
"572" 2020 65275.81 13.38154105
"573" 2020 65136.34 14.9813582
"574" 2020 64348.78 17.0524267
"575" 2020 63182.62 18.954786
"576" 2020 63222.63 18.65067585
"577" 2020 63190.18 19.9049067
"578" 2020 62044.7 21.095198
"579" 2020 58862.7 22.956453
"580" 2020 57302.14 25.2129416
"581" 2020 57001.32 24.225561
"582" 2020 57136.56 27.4255488
"583" 2020 57490.31 27.30789725
"584" 2020 59090.63 25.11351775
"585" 2020 60597.92 28.1780328
"586" 2020 61051.85 29.61014725
"587" 2020 63791.26 32.5335426
"588" 2020 63407.86 36.4595195
"589" 2020 67107.44 40.9355384
"590" 2020 70582.67 44.81999545
"591" 2020 71797.34 47.0272577
"592" 2020 75063.72 46.5395064
"593" 2020 78241.58 50.857027
"594" 2020 80742.81 57.3273951
"595" 2020 83663.26 66.930608
"596" 2020 83150.99 79.8249504
"597" 2020 78477.07 81.22376745
"598" 2020 76663.78 82.0302446
"599" 2020 75629.31 87.7299996
"600" 2020 75792.79 95.11995145
"601" 2020 73934.24 105.356292
"602" 2020 72520.22 112.7689421
"603" 2020 71135.16 119.5070688
"604" 2020 69683.75 132.74754375
"605" 2020 69091.06 147.8548684
"606" 2020 65835.45 150.43400325
"607" 2020 63146.37 156.6029976
"608" 2020 62295.27 173.49232695
"609" 2020 61589.56 189.0799492
"610" 2020 61574.52 212.7399666
"611" 2020 60947.8 231.60164
"612" 2020 59420.55 238.2764055
"613" 2020 57827.57 258.77837575
"614" 2020 56521.58 281.1948605
"615" 2020 56026.35 290.49662475
"616" 2020 54201.22 308.946954
"617" 2020 53161.64 338.6396468
"618" 2020 51239.37 362.51854275
"619" 2020 49951.96 388.8760086
"620" 2020 48903.86 413.4821363
"621" 2020 47721.15 446.1927525
"622" 2020 45767.78 470.2639395
"623" 2020 44868.76 515.3177086
"624" 2020 42725.46 539.4089325
"625" 2020 41738 581.41034
"626" 2020 40824.53 650.7430082
"627" 2020 39585.03 697.0923783
"628" 2020 38131.56 741.2775264
"629" 2020 36301.41 785.9255265
"630" 2020 34255.77 825.2214993
"631" 2020 31307.63 844.3667811
"632" 2020 28905.73 879.3123066
"633" 2020 26251.81 916.188169
"634" 2020 23552.9 921.2716835
"635" 2020 22171.63 949.50005475
"636" 2020 21004.15 1026.57783125
"637" 2020 19236.7 1082.256742
"638" 2020 17454.3 1090.719207
"639" 2020 16229.18 1119.6511282
"640" 2020 15184.22 1171.3107308
"641" 2020 13371.26 1159.5556672
"642" 2020 11255.27 1076.6791282
"643" 2020 9397.9 983.8191615
"644" 2020 8149 937.420215
"645" 2020 9119.8 1192.687444
"646" 2020 7479.71 1129.0622245
"647" 2020 5978.89 993.8110958
"648" 2020 4706.43 869.01876735
"649" 2020 3655.55 766.057058
"650" 2020 2727.11 619.94028075
"651" 2020 1954.94 476.2722575
"652" 2020 1359.45 360.471762
"653" 2020 934.64 268.6248824
"654" 2020 610.08 189.2407152
"655" 2020 382.84 127.5986578
"656" 2020 225.76 80.4845688
"657" 2020 131.64 49.9698858
"658" 2020 77.15 31.04014525
"659" 2020 41.59 17.65516295
"660" 2020 20.22 9.0163002
"661" 2020 9.67 4.5098946
"662" 2020 3.83 1.86051825
"663" 2020 1.28 0.6451072
"664" 2020 0.61 0.31778255
"665" 2020 0 0
"666" 2020 0 0
"667" 2021 56307.46 174.553126
"668" 2021 59332.61 8.8998915
"669" 2021 61711.78 5.8626191
"670" 2021 62904.15 4.71781125
"671" 2021 64300.04 4.822503
"672" 2021 63478.25 4.4434775
"673" 2021 65298.39 3.2649195
"674" 2021 67444.7 3.0350115
"675" 2021 69532.93 2.7813172
"676" 2021 71871.22 2.8748488
"677" 2021 72902.37 4.73865405
"678" 2021 72859.54 5.8287632
"679" 2021 72421.6 5.793728
"680" 2021 70689.82 6.0086347
"681" 2021 66837.02 8.3546275
"682" 2021 65328.89 11.1059113
"683" 2021 64933.14 13.3112937
"684" 2021 65336.89 15.0274847
"685" 2021 65054.14 17.2393471
"686" 2021 64220.19 19.266057
"687" 2021 63003.75 18.58610625
"688" 2021 63024.65 19.85276475
"689" 2021 62985.76 21.4151584
"690" 2021 61795.48 24.1002372
"691" 2021 58609.79 25.7883076
"692" 2021 57726.24 24.533652
"693" 2021 57937.36 27.8099328
"694" 2021 57991.04 27.545744
"695" 2021 58325.81 24.78846925
"696" 2021 59798.59 27.80634435
"697" 2021 61289.49 29.72540265
"698" 2021 61708.78 31.4714778
"699" 2021 64356.23 37.00483225
"700" 2021 64091.82 39.0960102
"701" 2021 67671.59 42.97145965
"702" 2021 71053.26 46.5398853
"703" 2021 72311.74 44.8332788
"704" 2021 75563.74 49.116431
"705" 2021 78710.07 55.8841497
"706" 2021 81130.61 64.904488
"707" 2021 83939.29 80.5817184
"708" 2021 83514.75 86.43776625
"709" 2021 78990.69 84.5200383
"710" 2021 77137.59 89.4796044
"711" 2021 76127.15 95.53957325
"712" 2021 75862.88 108.104604
"713" 2021 73768.21 114.70956655
"714" 2021 72379.59 121.5977112
"715" 2021 71066.04 135.3808062
"716" 2021 69640.15 149.029921
"717" 2021 69019.01 157.70843785
"718" 2021 65763.41 163.0932568
"719" 2021 63112.05 175.76705925
"720" 2021 62271.64 191.1739348
"721" 2021 61524.62 212.5675621
"722" 2021 61508.78 233.733364
"723" 2021 60827.39 243.9178339
"724" 2021 59306.87 265.39824325
"725" 2021 57777.94 287.4452515
"726" 2021 56474.53 292.82043805
"727" 2021 55879.2 318.51144
"728" 2021 54058.12 344.3502244
"729" 2021 53032.87 375.20755525
"730" 2021 51116.03 397.93829355
"731" 2021 49818.28 421.2135574
"732" 2021 48490.33 453.3845855
"733" 2021 47245.03 485.44268325
"734" 2021 45317.06 520.4664341
"735" 2021 44428.03 560.90387875
"736" 2021 42278.63 588.9413159
"737" 2021 41117.67 655.4156598
"738" 2021 40132.23 706.7285703
"739" 2021 38882.83 755.8822152
"740" 2021 37475.59 811.3465235
"741" 2021 35667.92 859.2401928
"742" 2021 33414.68 901.1939196
"743" 2021 30399.93 924.7658706
"744" 2021 28065.37 979.481413
"745" 2021 25486.19 996.89232185
"746" 2021 22910.57 981.14516025
"747" 2021 21147.5 1033.5840625
"748" 2021 19846.08 1116.5404608
"749" 2021 18190.6 1136.730594
"750" 2021 16461.89 1135.7057911
"751" 2021 15311.14 1181.1013396
"752" 2021 13568.33 1176.6455776
"753" 2021 11681.44 1117.4465504
"754" 2021 9776.55 1023.45813675
"755" 2021 8194.64 942.6704124
"756" 2021 7143.89 934.2779342
"757" 2021 8077.69 1219.3273055
"758" 2021 6554.71 1089.5238962
"759" 2021 5154.02 951.6640229
"760" 2021 3966.9 831.303564
"761" 2021 3000.34 682.0522905
"762" 2021 2176.9 530.3472625
"763" 2021 1529.97 405.6868452
"764" 2021 1060.58 304.8212978
"765" 2021 717.08 222.4310452
"766" 2021 452.36 150.7693262
"767" 2021 267.7 95.4363885
"768" 2021 147.25 55.89536375
"769" 2021 81.59 32.82651265
"770" 2021 46.33 19.66731665
"771" 2021 23.52 10.4878032
"772" 2021 9.98 4.6544724
"773" 2021 4 1.9431
"774" 2021 1.3 0.655187
"775" 2021 0 0
"776" 2021 0 0
"777" 2021 0 0
