"year" "population" "expected"
"1" 2015 4358 8.04777333333333
"2" 2015 4352 0.877653333333333
"3" 2015 4574 0.358296666666667
"4" 2015 4513 0.338475
"5" 2015 4882 0.53702
"6" 2015 4875 0.3575
"7" 2015 4720 0
"8" 2015 4542 0
"9" 2015 4469 0
"10" 2015 4392 0.16104
"11" 2015 4380 0.3212
"12" 2015 4228 0.3171
"13" 2015 4096 0.157013333333333
"14" 2015 4207 0
"15" 2015 4414 0.17656
"16" 2015 4254 0.66646
"17" 2015 4346 0.840226666666667
"18" 2015 4404 1.33588
"19" 2015 4566 2.03948
"20" 2015 4540 1.7933
"21" 2015 4845 1.66345
"22" 2015 5032 1.34186666666667
"23" 2015 5043 0.815285
"24" 2015 4916 1.93362666666667
"25" 2015 5203 3.095785
"26" 2015 4876 2.98248666666667
"27" 2015 5015 2.3069
"28" 2015 4561 1.30748666666667
"29" 2015 4368 2.16216
"30" 2015 4414 2.99416333333333
"31" 2015 4539 2.93522
"32" 2015 4647 3.2529
"33" 2015 4704 4.63344
"34" 2015 4670 4.70891666666667
"35" 2015 4809 4.464355
"36" 2015 4679 4.187705
"37" 2015 4288 3.97354666666667
"38" 2015 4143 3.984185
"39" 2015 4367 3.40626
"40" 2015 4304 3.47906666666667
"41" 2015 4173 3.60269
"42" 2015 4475 2.93858333333333
"43" 2015 4547 3.978625
"44" 2015 4130 5.23821666666667
"45" 2015 3897 3.929475
"46" 2015 4055 3.66301666666667
"47" 2015 4031 4.35348
"48" 2015 4120 6.4478
"49" 2015 4412 8.17690666666667
"50" 2015 4360 7.63726666666667
"51" 2015 4414 8.43074
"52" 2015 4380 8.7162
"53" 2015 4351 9.74624
"54" 2015 4119 11.05265
"55" 2015 4341 15.98935
"56" 2015 4376 16.3078933333333
"57" 2015 4167 13.299675
"58" 2015 4144 14.2415466666667
"59" 2015 4046 18.6857766666667
"60" 2015 3893 18.783725
"61" 2015 3736 17.39108
"62" 2015 3689 20.6153616666667
"63" 2015 3455 22.21565
"64" 2015 3356 21.91468
"65" 2015 3357 22.217745
"66" 2015 3167 24.9137333333333
"67" 2015 3076 27.2636133333333
"68" 2015 2903 25.6963883333333
"69" 2015 2685 25.9908
"70" 2015 2656 31.5090133333333
"71" 2015 2411 31.0335883333333
"72" 2015 2277 31.53645
"73" 2015 2141 34.0276266666667
"74" 2015 1854 36.02013
"75" 2015 1695 37.7759
"76" 2015 1652 39.7113266666667
"77" 2015 1557 41.18784
"78" 2015 1522 45.9897666666667
"79" 2015 1485 54.056475
"80" 2015 1408 59.0327466666667
"81" 2015 1349 63.30857
"82" 2015 1295 69.094725
"83" 2015 1246 75.47645
"84" 2015 1216 83.49664
"85" 2015 1171 90.9827966666667
"86" 2015 982 86.1639533333333
"87" 2015 874 86.41675
"88" 2015 769 85.4756316666667
"89" 2015 694 86.4874366666667
"90" 2015 566 78.8560633333333
"91" 2015 447 69.403455
"92" 2015 390 67.2516
"93" 2015 305 58.1990833333333
"94" 2015 244 51.3197066666667
"95" 2015 157.58 36.3804946
"96" 2015 108.38 27.3468028666667
"97" 2015 87.97 24.1495244
"98" 2015 56.73 16.86422165
"99" 2015 33.74 10.8095649666667
"100" 2015 24.29 8.34640835
"101" 2015 12.09 4.43406795
"102" 2015 8.71 3.39322728333333
"103" 2015 6.21 2.55772305
"104" 2015 1.87 0.810545266666667
"105" 2015 2.09 0.949156083333333
"106" 2015 1.9 0.9002485
"107" 2015 0.44 0.216641333333333
"108" 2015 0 0
"109" 2015 0.56 0.294477866666667
"110" 2015 0.44 0.337393466666667
"111" 2015 0 0
"112" 2016 4113 7.59534
"113" 2016 4351 0.877451666666667
"114" 2016 4349 0.340671666666667
"115" 2016 4546 0.34095
"116" 2016 4486 0.49346
"117" 2016 4853 0.355886666666667
"118" 2016 4856 0
"119" 2016 4708 0
"120" 2016 4531 0
"121" 2016 4460 0.163533333333333
"122" 2016 4361 0.319806666666667
"123" 2016 4379 0.328425
"124" 2016 4229 0.162111666666667
"125" 2016 4120 0
"126" 2016 4198 0.16792
"127" 2016 4411 0.691056666666667
"128" 2016 4254 0.82244
"129" 2016 4350 1.3195
"130" 2016 4437 1.98186
"131" 2016 4669 1.844255
"132" 2016 4657 1.59890333333333
"133" 2016 4952 1.32053333333333
"134" 2016 5145 0.831775
"135" 2016 5104 2.00757333333333
"136" 2016 5028 2.99166
"137" 2016 5255 3.21430833333333
"138" 2016 4985 2.2931
"139" 2016 5070 1.4534
"140" 2016 4622 2.28789
"141" 2016 4438 3.01044333333333
"142" 2016 4438 2.86990666666667
"143" 2016 4542 3.1794
"144" 2016 4673 4.602905
"145" 2016 4746 4.78555
"146" 2016 4710 4.37245
"147" 2016 4826 4.31927
"148" 2016 4724 4.37757333333333
"149" 2016 4336 4.16978666666667
"150" 2016 4161 3.24558
"151" 2016 4384 3.54373333333333
"152" 2016 4344 3.75032
"153" 2016 4175 2.74158333333333
"154" 2016 4488 3.927
"155" 2016 4568 5.79374666666667
"156" 2016 4146 4.18055
"157" 2016 3915 3.53655
"158" 2016 4069 4.39452
"159" 2016 4034 6.31321
"160" 2016 4124 7.64314666666667
"161" 2016 4425 7.751125
"162" 2016 4359 8.32569
"163" 2016 4415 8.78585
"164" 2016 4382 9.81568
"165" 2016 4352 11.6778666666667
"166" 2016 4141 15.2526833333333
"167" 2016 4334 16.1513733333333
"168" 2016 4362 13.92205
"169" 2016 4158 14.28966
"170" 2016 4148 19.1568466666667
"171" 2016 4028 19.4351
"172" 2016 3876 18.04278
"173" 2016 3720 20.7886
"174" 2016 3652 23.48236
"175" 2016 3446 22.50238
"176" 2016 3338 22.0919966666667
"177" 2016 3329 26.1881333333333
"178" 2016 3127 27.7156433333333
"179" 2016 3057 27.059545
"180" 2016 2872 27.80096
"181" 2016 2660 31.5564666666667
"182" 2016 2627 33.8138683333333
"183" 2016 2372 32.8522
"184" 2016 2241 35.61696
"185" 2016 2098 40.7606433333333
"186" 2016 1813 40.4057266666667
"187" 2016 1667 40.0719016666667
"188" 2016 1612 42.6427733333333
"189" 2016 1519 45.8991166666667
"190" 2016 1470 53.51045
"191" 2016 1450 60.7936666666667
"192" 2016 1343 63.02699
"193" 2016 1291 68.881305
"194" 2016 1223 74.083225
"195" 2016 1169 80.269385
"196" 2016 1127 87.5641433333333
"197" 2016 1080 94.7628
"198" 2016 909 89.877375
"199" 2016 797 88.5878783333333
"200" 2016 661 82.3749216666667
"201" 2016 608 84.7075733333333
"202" 2016 486 75.45879
"203" 2016 370 63.8028
"204" 2016 314 59.9164333333333
"205" 2016 246 51.74036
"206" 2016 187 43.17269
"207" 2016 113.58 28.6588842
"208" 2016 73.38 20.1442776
"209" 2016 63.97 19.0164685166667
"210" 2016 40.73 13.0490095166667
"211" 2016 20.74 7.1265751
"212" 2016 14.14 5.1859157
"213" 2016 9.53 3.71268151666667
"214" 2016 5.19 2.13761395
"215" 2016 3.89 1.68610753333333
"216" 2016 0.85 0.386020416666667
"217" 2016 1.12 0.5306728
"218" 2016 0.88 0.433282666666667
"219" 2016 0 0
"220" 2016 0 0
"221" 2016 0 0
"222" 2016 0 0
"223" 2017 4049 7.47715333333333
"224" 2017 4154 0.837723333333333
"225" 2017 4373 0.342551666666667
"226" 2017 4366 0.32745
"227" 2017 4555 0.50105
"228" 2017 4534 0.332493333333333
"229" 2017 4868 0
"230" 2017 4904 0
"231" 2017 4748 0
"232" 2017 4552 0.166906666666667
"233" 2017 4501 0.330073333333333
"234" 2017 4360 0.327
"235" 2017 4416 0.16928
"236" 2017 4265 0
"237" 2017 4171 0.16684
"238" 2017 4232 0.663013333333333
"239" 2017 4455 0.8613
"240" 2017 4281 1.29857
"241" 2017 4416 1.97248
"242" 2017 4559 1.800805
"243" 2017 4804 1.64937333333333
"244" 2017 4775 1.27333333333333
"245" 2017 5048 0.816093333333333
"246" 2017 5321 2.09292666666667
"247" 2017 5238 3.11661
"248" 2017 5201 3.18127833333333
"249" 2017 5421 2.49366
"250" 2017 5106 1.46372
"251" 2017 5218 2.58291
"252" 2017 4755 3.225475
"253" 2017 4570 2.95526666666667
"254" 2017 4536 3.1752
"255" 2017 4638 4.56843
"256" 2017 4790 4.82991666666667
"257" 2017 4807 4.46249833333333
"258" 2017 4783 4.280785
"259" 2017 4906 4.54622666666667
"260" 2017 4827 4.641965
"261" 2017 4437 3.46086
"262" 2017 4225 3.41520833333333
"263" 2017 4445 3.83751666666667
"264" 2017 4393 2.88473666666667
"265" 2017 4259 3.726625
"266" 2017 4558 5.78106333333333
"267" 2017 4642 4.68068333333333
"268" 2017 4213 3.80574333333333
"269" 2017 3977 4.29516
"270" 2017 4127 6.458755
"271" 2017 4062 7.52824
"272" 2017 4168 7.30094666666667
"273" 2017 4467 8.53197
"274" 2017 4392 8.74008
"275" 2017 4439 9.94336
"276" 2017 4431 11.88985
"277" 2017 4354 16.0372333333333
"278" 2017 4155 15.4843
"279" 2017 4347 13.874175
"280" 2017 4356 14.97012
"281" 2017 4150 19.1660833333333
"282" 2017 4151 20.028575
"283" 2017 4030 18.75965
"284" 2017 3857 21.5542016666667
"285" 2017 3709 23.84887
"286" 2017 3642 23.78226
"287" 2017 3419 22.6280816666667
"288" 2017 3327 26.1724
"289" 2017 3282 29.08946
"290" 2017 3105 27.484425
"291" 2017 3022 29.25296
"292" 2017 2831 33.5850966666667
"293" 2017 2624 33.7752533333333
"294" 2017 2590 35.8715
"295" 2017 2331 37.04736
"296" 2017 2187 42.489765
"297" 2017 2042 45.5093733333333
"298" 2017 1763 42.3795816666667
"299" 2017 1624 42.9602133333333
"300" 2017 1560 47.138
"301" 2017 1465 53.3284416666667
"302" 2017 1417 59.4100866666667
"303" 2017 1399 65.65507
"304" 2017 1283 68.454465
"305" 2017 1212 73.4169
"306" 2017 1140 78.2781
"307" 2017 1090 84.6893666666667
"308" 2017 1044 91.60404
"309" 2017 971 96.007625
"310" 2017 822 91.36667
"311" 2017 705 87.858275
"312" 2017 574 79.9706366666667
"313" 2017 495 76.856175
"314" 2017 406 70.01064
"315" 2017 300 57.245
"316" 2017 248 52.1610133333333
"317" 2017 186 42.94182
"318" 2017 136 34.3159733333333
"319" 2017 88.58 24.3169816
"320" 2017 51.38 15.2738182333333
"321" 2017 45.97 14.7277919833333
"322" 2017 33.73 11.59013395
"323" 2017 14.94 5.4793197
"324" 2017 9.02 3.51399656666667
"325" 2017 5.69 2.34354978333333
"326" 2017 2.8 1.21365066666667
"327" 2017 3.04 1.38059066666667
"328" 2017 0.85 0.40274275
"329" 2017 1.12 0.551450666666667
"330" 2017 0.88 0.448559466666667
"331" 2017 0 0
"332" 2017 0 0
"333" 2017 0 0
"334" 2018 4093 7.55840666666667
"335" 2018 4118 0.830463333333333
"336" 2018 4218 0.33041
"337" 2018 4410 0.33075
"338" 2018 4433 0.48763
"339" 2018 4597 0.337113333333333
"340" 2018 4579 0
"341" 2018 4909 0
"342" 2018 4957 0
"343" 2018 4793 0.175743333333333
"344" 2018 4591 0.336673333333333
"345" 2018 4550 0.34125
"346" 2018 4407 0.168935
"347" 2018 4451 0
"348" 2018 4301 0.17204
"349" 2018 4206 0.65894
"350" 2018 4278 0.82708
"351" 2018 4492 1.36257333333333
"352" 2018 4354 1.94478666666667
"353" 2018 4595 1.815025
"354" 2018 4748 1.63014666666667
"355" 2018 5009 1.33573333333333
"356" 2018 5021 0.811728333333333
"357" 2018 5348 2.10354666666667
"358" 2018 5595 3.329025
"359" 2018 5529 3.381905
"360" 2018 5594 2.57324
"361" 2018 5838 1.67356
"362" 2018 5448 2.69676
"363" 2018 5522 3.74575666666667
"364" 2018 5022 3.24756
"365" 2018 4822 3.3754
"366" 2018 4796 4.72406
"367" 2018 4886 4.92671666666667
"368" 2018 5034 4.67323
"369" 2018 5000 4.475
"370" 2018 4920 4.5592
"371" 2018 5101 4.90546166666667
"372" 2018 4983 3.88674
"373" 2018 4591 3.71105833333333
"374" 2018 4398 3.79694
"375" 2018 4589 3.01344333333333
"376" 2018 4533 3.966375
"377" 2018 4392 5.57052
"378" 2018 4710 4.74925
"379" 2018 4787 4.32425666666667
"380" 2018 4336 4.68288
"381" 2018 4089 6.399285
"382" 2018 4229 7.83774666666667
"383" 2018 4161 7.288685
"384" 2018 4259 8.13469
"385" 2018 4532 9.01868
"386" 2018 4443 9.95232
"387" 2018 4494 12.0589
"388" 2018 4493 16.5492166666667
"389" 2018 4411 16.4383266666667
"390" 2018 4175 13.3252083333333
"391" 2018 4384 15.0663466666667
"392" 2018 4381 20.2329183333333
"393" 2018 4181 20.173325
"394" 2018 4157 19.350835
"395" 2018 4032 22.53216
"396" 2018 3836 24.66548
"397" 2018 3700 24.161
"398" 2018 3626 23.9980766666667
"399" 2018 3404 26.7781333333333
"400" 2018 3306 29.30218
"401" 2018 3251 28.7767683333333
"402" 2018 3077 29.78536
"403" 2018 2989 35.4595033333333
"404" 2018 2800 36.0406666666667
"405" 2018 2585 35.80225
"406" 2018 2542 40.4008533333333
"407" 2018 2298 44.64631
"408" 2018 2141 47.7157533333333
"409" 2018 1995 47.956475
"410" 2018 1715 45.3674666666667
"411" 2018 1579 47.7121166666667
"412" 2018 1509 54.930115
"413" 2018 1411 59.1585266666667
"414" 2018 1363 63.96559
"415" 2018 1330 70.96215
"416" 2018 1203 72.871725
"417" 2018 1136 78.00344
"418" 2018 1054 81.8922866666667
"419" 2018 1005 88.18205
"420" 2018 945 93.436875
"421" 2018 891 99.036135
"422" 2018 734 91.4723033333333
"423" 2018 615 85.682825
"424" 2018 492 76.39038
"425" 2018 431 74.32164
"426" 2018 329 62.7786833333333
"427" 2018 241 50.6887266666667
"428" 2018 199 45.94313
"429" 2018 140 35.3252666666667
"430" 2018 96 26.35392
"431" 2018 59.58 17.7114459
"432" 2018 37.38 11.9757421
"433" 2018 33.97 11.67260155
"434" 2018 20.35 7.46346425
"435" 2018 9.53 3.71268151666667
"436" 2018 6.24 2.5700792
"437" 2018 5.26 2.27992946666667
"438" 2018 1.69 0.767499416666667
"439" 2018 1.57 0.74388955
"440" 2018 0.43 0.211717666666667
"441" 2018 0.56 0.285446933333333
"442" 2018 0.44 0.231375466666667
"443" 2018 0 0
"444" 2018 0 0
"445" 2019 4231 7.81324666666667
"446" 2019 4125 0.831875
"447" 2019 4157 0.325631666666667
"448" 2019 4259 0.319425
"449" 2019 4456 0.49016
"450" 2019 4459 0.326993333333333
"451" 2019 4618 0
"452" 2019 4627 0
"453" 2019 4933 0
"454" 2019 4983 0.18271
"455" 2019 4834 0.354493333333333
"456" 2019 4630 0.34725
"457" 2019 4580 0.175566666666667
"458" 2019 4440 0
"459" 2019 4485 0.1794
"460" 2019 4329 0.67821
"461" 2019 4241 0.819926666666667
"462" 2019 4321 1.31070333333333
"463" 2019 4542 2.02876
"464" 2019 4512 1.78224
"465" 2019 4778 1.64044666666667
"466" 2019 4971 1.3256
"467" 2019 5219 0.843738333333333
"468" 2019 5284 2.07837333333333
"469" 2019 5661 3.368295
"470" 2019 5952 3.64064
"471" 2019 5860 2.6956
"472" 2019 5904 1.69248
"473" 2019 6090 3.01455
"474" 2019 5765 3.91059166666667
"475" 2019 5724 3.70152
"476" 2019 5222 3.6554
"477" 2019 5032 4.95652
"478" 2019 4946 4.98721666666667
"479" 2019 5065 4.70200833333333
"480" 2019 5167 4.624465
"481" 2019 5155 4.77696666666667
"482" 2019 5050 4.85641666666667
"483" 2019 5179 4.03962
"484" 2019 5110 4.13058333333333
"485" 2019 4701 4.05853
"486" 2019 4529 2.97404333333333
"487" 2019 4680 4.095
"488" 2019 4656 5.90536
"489" 2019 4477 4.51430833333333
"490" 2019 4826 4.35948666666667
"491" 2019 4875 5.265
"492" 2019 4379 6.853135
"493" 2019 4165 7.71913333333333
"494" 2019 4309 7.54793166666667
"495" 2019 4224 8.06784
"496" 2019 4307 8.57093
"497" 2019 4591 10.28384
"498" 2019 4452 11.9462
"499" 2019 4516 16.6339333333333
"500" 2019 4496 16.7550933333333
"501" 2019 4414 14.0880166666667
"502" 2019 4177 14.3549566666667
"503" 2019 4377 20.214445
"504" 2019 4373 21.099725
"505" 2019 4171 19.416005
"506" 2019 4149 23.185995
"507" 2019 4009 25.77787
"508" 2019 3828 24.99684
"509" 2019 3675 24.322375
"510" 2019 3608 28.3829333333333
"511" 2019 3365 29.8251166666667
"512" 2019 3289 29.1131316666667
"513" 2019 3228 31.24704
"514" 2019 3055 36.2424833333333
"515" 2019 2958 38.07439
"516" 2019 2760 38.226
"517" 2019 2537 40.3213866666667
"518" 2019 2512 48.8039733333333
"519" 2019 2247 50.07814
"520" 2019 2097 50.408385
"521" 2019 1950 51.584
"522" 2019 1672 50.5222666666667
"523" 2019 1535 55.8765583333333
"524" 2019 1448 60.7098133333333
"525" 2019 1336 62.69848
"526" 2019 1303 69.521565
"527" 2019 1263 76.506225
"528" 2019 1120 76.9048
"529" 2019 1060 82.3584666666667
"530" 2019 975 85.54975
"531" 2019 920 90.965
"532" 2019 833 92.5893383333333
"533" 2019 790 98.4511166666667
"534" 2019 651 90.698405
"535" 2019 538 83.53257
"536" 2019 430 74.1492
"537" 2019 363 69.26645
"538" 2019 266 55.9468933333333
"539" 2019 196 45.25052
"540" 2019 148 37.3438533333333
"541" 2019 97 26.62844
"542" 2019 63 18.728115
"543" 2019 44.58 14.2824661
"544" 2019 29.38 10.0954087
"545" 2019 23.55 8.63708025
"546" 2019 14.34 5.5865533
"547" 2019 4.71 1.93991555
"548" 2019 2.76 1.1963128
"549" 2019 1.68 0.762958
"550" 2019 0 0
"551" 2019 1.57 0.773015666666667
"552" 2019 0.43 0.219182466666667
"553" 2019 0.56 0.294477866666667
"554" 2019 0.44 0.337393466666667
"555" 2019 0 0
"556" 2020 4462 8.23982666666667
"557" 2020 4275 0.862125
"558" 2020 4156 0.325553333333333
"559" 2020 4183 0.313725
"560" 2020 4286 0.47146
"561" 2020 4473 0.32802
"562" 2020 4481 0
"563" 2020 4647 0
"564" 2020 4663 0
"565" 2020 4963 0.181976666666667
"566" 2020 5025 0.3685
"567" 2020 4870 0.36525
"568" 2020 4664 0.178786666666667
"569" 2020 4601 0
"570" 2020 4470 0.1788
"571" 2020 4521 0.70829
"572" 2020 4350 0.841
"573" 2020 4274 1.29644666666667
"574" 2020 4398 1.96444
"575" 2020 4700 1.8565
"576" 2020 4696 1.61229333333333
"577" 2020 4947 1.3192
"578" 2020 5161 0.834361666666667
"579" 2020 5448 2.14288
"580" 2020 5518 3.28321
"581" 2020 5886 3.60027
"582" 2020 6201 2.85246
"583" 2020 6123 1.75526
"584" 2020 6081 3.010095
"585" 2020 6276 4.25722
"586" 2020 5938 3.83990666666667
"587" 2020 5896 4.1272
"588" 2020 5341 5.260885
"589" 2020 5146 5.18888333333333
"590" 2020 5067 4.703865
"591" 2020 5168 4.62536
"592" 2020 5265 4.8789
"593" 2020 5234 5.03336333333333
"594" 2020 5126 3.99828
"595" 2020 5280 4.268
"596" 2020 5168 4.46170666666667
"597" 2020 4774 3.13492666666667
"598" 2020 4600 4.025
"599" 2020 4746 6.01951
"600" 2020 4723 4.76235833333333
"601" 2020 4554 4.11378
"602" 2020 4871 5.26068
"603" 2020 4903 7.673195
"604" 2020 4423 8.19729333333333
"605" 2020 4214 7.38152333333333
"606" 2020 4340 8.2894
"607" 2020 4266 8.48934
"608" 2020 4353 9.75072
"609" 2020 4589 12.3138166666667
"610" 2020 4479 16.49765
"611" 2020 4508 16.7998133333333
"612" 2020 4500 14.3625
"613" 2020 4408 15.1488266666667
"614" 2020 4177 19.2907783333333
"615" 2020 4372 21.0949
"616" 2020 4363 20.309765
"617" 2020 4160 23.2474666666667
"618" 2020 4133 26.57519
"619" 2020 3977 25.96981
"620" 2020 3800 25.1496666666667
"621" 2020 3641 28.6425333333333
"622" 2020 3582 31.74846
"623" 2020 3327 29.449495
"624" 2020 3249 31.45032
"625" 2020 3182 37.7491266666667
"626" 2020 3015 38.808075
"627" 2020 2923 40.48355
"628" 2020 2722 43.2616533333333
"629" 2020 2499 48.551405
"630" 2020 2458 54.7806266666667
"631" 2020 2211 53.148755
"632" 2020 2044 54.0706133333333
"633" 2020 1899 57.38145
"634" 2020 1637 59.5895283333333
"635" 2020 1482 62.13532
"636" 2020 1396 65.51428
"637" 2020 1275 68.027625
"638" 2020 1242 75.23415
"639" 2020 1181 81.093365
"640" 2020 1044 81.11532
"641" 2020 971 85.1987766666667
"642" 2020 881 87.108875
"643" 2020 829 92.1447316666667
"644" 2020 752 93.7154933333333
"645" 2020 720 100.3116
"646" 2020 561 87.103665
"647" 2020 440 75.8736
"648" 2020 355 67.7399166666667
"649" 2020 309 64.99094
"650" 2020 201 46.40487
"651" 2020 153 38.60547
"652" 2020 98 26.90296
"653" 2020 73 21.7008316666667
"654" 2020 40 12.8151333333333
"655" 2020 29.58 10.1641317
"656" 2020 18.73 6.86932115
"657" 2020 14.52 5.6566774
"658" 2020 10.45 4.30405891666667
"659" 2020 3.72 1.6124216
"660" 2020 0.57 0.25886075
"661" 2020 0.43 0.20374045
"662" 2020 0 0
"663" 2020 1 0.509726666666667
"664" 2020 0 0
"665" 2020 0 0
"666" 2020 0 0
"667" 2021 4527 8.35986
"668" 2021 4517 0.910928333333333
"669" 2021 4327 0.338948333333333
"670" 2021 4216 0.3162
"671" 2021 4240 0.4664
"672" 2021 4325 0.317166666666667
"673" 2021 4542 0
"674" 2021 4529 0
"675" 2021 4712 0
"676" 2021 4715 0.172883333333333
"677" 2021 5020 0.368133333333333
"678" 2021 5078 0.38085
"679" 2021 4907 0.188101666666667
"680" 2021 4711 0
"681" 2021 4623 0.18492
"682" 2021 4505 0.705783333333333
"683" 2021 4546 0.878893333333333
"684" 2021 4396 1.33345333333333
"685" 2021 4345 1.94076666666667
"686" 2021 4511 1.781845
"687" 2021 4846 1.66379333333333
"688" 2021 4798 1.27946666666667
"689" 2021 5026 0.812536666666667
"690" 2021 5288 2.07994666666667
"691" 2021 5508 3.27726
"692" 2021 5615 3.43450833333333
"693" 2021 5964 2.74344
"694" 2021 6284 1.80141333333333
"695" 2021 6220 3.0789
"696" 2021 6138 4.16361
"697" 2021 6311 4.08111333333333
"698" 2021 5994 4.1958
"699" 2021 5900 5.8115
"700" 2021 5367 5.411725
"701" 2021 5152 4.78277333333333
"702" 2021 5127 4.588665
"703" 2021 5208 4.82608
"704" 2021 5295 5.092025
"705" 2021 5288 4.12464
"706" 2021 5148 4.1613
"707" 2021 5305 4.57998333333333
"708" 2021 5196 3.41204
"709" 2021 4756 4.1615
"710" 2021 4594 5.82672333333333
"711" 2021 4765 4.80470833333333
"712" 2021 4729 4.27186333333333
"713" 2021 4576 4.94208
"714" 2021 4877 7.632505
"715" 2021 4898 9.07762666666667
"716" 2021 4433 7.76513833333333
"717" 2021 4222 8.06402
"718" 2021 4308 8.57292
"719" 2021 4260 9.5424
"720" 2021 4349 11.6698166666667
"721" 2021 4574 16.8475666666667
"722" 2021 4469 16.6544733333333
"723" 2021 4490 14.3305833333333
"724" 2021 4479 15.39283
"725" 2021 4382 20.2375366666667
"726" 2021 4138 19.96585
"727" 2021 4351 20.253905
"728" 2021 4331 24.2030716666667
"729" 2021 4127 26.53661
"730" 2021 4102 26.78606
"731" 2021 3953 26.1622716666667
"732" 2021 3771 29.6652
"733" 2021 3612 32.01436
"734" 2021 3547 31.3968616666667
"735" 2021 3280 31.7504
"736" 2021 3205 38.0219833333333
"737" 2021 3153 40.584365
"738" 2021 2991 41.42535
"739" 2021 2879 45.7569066666667
"740" 2021 2685 52.165075
"741" 2021 2460 54.8252
"742" 2021 2407 57.8602683333333
"743" 2021 2151 56.90112
"744" 2021 1995 60.28225
"745" 2021 1847 67.2338783333333
"746" 2021 1581 66.28606
"747" 2021 1428 67.01604
"748" 2021 1344 71.70912
"749" 2021 1220 73.9015
"750" 2021 1158 79.51407
"751" 2021 1095 85.07785
"752" 2021 968 84.9355466666667
"753" 2021 896 88.592
"754" 2021 814 90.4774566666667
"755" 2021 732 91.22306
"756" 2021 662 92.2309433333333
"757" 2021 633 98.282745
"758" 2021 479 82.59876
"759" 2021 362 69.0756333333333
"760" 2021 290 60.9947333333333
"761" 2021 248 57.25576
"762" 2021 156 39.36244
"763" 2021 111 30.47172
"764" 2021 64 19.0253866666667
"765" 2021 62 19.8634566666667
"766" 2021 30 10.30845
"767" 2021 15 5.501325
"768" 2021 10 3.89578333333333
"769" 2021 9 3.706845
"770" 2021 6 2.60068
"771" 2021 2 0.908283333333333
"772" 2021 0 0
"773" 2021 0 0
"774" 2021 0 0
"775" 2021 1 0.525853333333333
"776" 2021 0 0
"777" 2021 0 0
