"year" "population" "expected"
"1" 2015 199275 830.97675
"2" 2015 197591 49.39775
"3" 2015 237780 41.6115
"4" 2015 201100 28.154
"5" 2015 169380 21.1725
"6" 2015 195576 22.49124
"7" 2015 199553 21.95083
"8" 2015 206252 21.65646
"9" 2015 207012 20.7012
"10" 2015 208419 22.92609
"11" 2015 218606 26.23272
"12" 2015 227519 26.164685
"13" 2015 246372 30.7965
"14" 2015 256965 41.1144
"15" 2015 305900 59.6505
"16" 2015 282694 63.60615
"17" 2015 267134 73.46185
"18" 2015 322664 127.45228
"19" 2015 321678 147.97188
"20" 2015 323631 140.779485
"21" 2015 321370 141.4028
"22" 2015 324902 146.2059
"23" 2015 318462 143.3079
"24" 2015 316596 144.05118
"25" 2015 332553 156.29991
"26" 2015 308168 144.83896
"27" 2015 338519 165.87431
"28" 2015 307113 162.76989
"29" 2015 300357 165.19635
"30" 2015 339080 200.0572
"31" 2015 366438 243.68127
"32" 2015 378990 276.6627
"33" 2015 401126 324.91206
"34" 2015 411805 368.565475
"35" 2015 407133 390.84768
"36" 2015 415991 438.870505
"37" 2015 404546 475.34155
"38" 2015 385104 502.56072
"39" 2015 417643 605.58235
"40" 2015 360943 579.313515
"41" 2015 354656 620.648
"42" 2015 353348 667.82772
"43" 2015 352555 736.83995
"44" 2015 362460 840.9072
"45" 2015 371639 934.672085
"46" 2015 372238 1008.76498
"47" 2015 370855 1088.459425
"48" 2015 352494 1117.40598
"49" 2015 377344 1301.8368
"50" 2015 372173 1391.92702
"51" 2015 377751 1511.004
"52" 2015 382915 1619.73045
"53" 2015 376283 1702.680575
"54" 2015 369769 1802.623875
"55" 2015 365434 1891.12095
"56" 2015 361224 2006.59932
"57" 2015 349083 2082.280095
"58" 2015 330790 2092.24675
"59" 2015 340908 2277.26544
"60" 2015 331830 2339.4015
"61" 2015 313006 2361.63027
"62" 2015 299950 2444.5925
"63" 2015 292388 2575.93828
"64" 2015 294743 2825.111655
"65" 2015 247287 2540.873925
"66" 2015 228183 2506.590255
"67" 2015 199584 2400.99552
"68" 2015 173972 2287.7318
"69" 2015 139862 2007.0197
"70" 2015 124280 1978.5376
"71" 2015 143470 2502.83415
"72" 2015 143945 2780.297675
"73" 2015 139162 2975.28356
"74" 2015 137755 3262.727175
"75" 2015 134359 3561.85709
"76" 2015 124988 3652.7743
"77" 2015 113837 3682.62695
"78" 2015 108401 3925.20021
"79" 2015 98800 4002.388
"80" 2015 94364 4276.10466
"81" 2015 87134 4446.01235
"82" 2015 79764 4580.84652
"83" 2015 75667 4855.55139
"84" 2015 72842.63 5232.65032605
"85" 2015 66528.64 5327.280848
"86" 2015 59146.14 5262.2320758
"87" 2015 51333.43 5076.876227
"88" 2015 43811.15 4792.72075425
"89" 2015 37700.63 4583.2655891
"90" 2015 29408.94 3959.1785475
"91" 2015 23665.27 3478.91301635
"92" 2015 17846.07 2865.3649992
"93" 2015 14776.85 2597.179156
"94" 2015 11510.14 2204.7097663
"95" 2015 7843.75 1637.73578125
"96" 2015 5335.27 1211.45308255
"97" 2015 3837.62 942.5578482
"98" 2015 2851.9 755.240158
"99" 2015 1754.66 499.3586894
"100" 2015 1210.37 368.91472415
"101" 2015 820.75 266.99407875
"102" 2015 521.44 180.405204
"103" 2015 313.61 114.9851065
"104" 2015 172.34 66.7266012
"105" 2015 95.19 38.7813579
"106" 2015 53.11 22.6880609
"107" 2015 27.31 12.1906378
"108" 2015 14.09 6.5498774
"109" 2015 6.73 3.2474269
"110" 2015 2.58 1.9235835
"111" 2015 0.64 0.64
"112" 2016 201523 840.35091
"113" 2016 214239 53.55975
"114" 2016 197973 34.645275
"115" 2016 237636 33.26904
"116" 2016 201084 25.1355
"117" 2016 169399 19.480885
"118" 2016 195526 21.50786
"119" 2016 199430 20.94015
"120" 2016 206148 20.6148
"121" 2016 207015 22.77165
"122" 2016 208448 25.01376
"123" 2016 218658 25.14567
"124" 2016 227460 28.4325
"125" 2016 246278 39.40448
"126" 2016 256963 50.107785
"127" 2016 305984 68.8464
"128" 2016 282667 77.733425
"129" 2016 266926 105.43577
"130" 2016 322617 148.40382
"131" 2016 321641 139.913835
"132" 2016 323431 142.30964
"133" 2016 321098 144.4941
"134" 2016 324667 146.10015
"135" 2016 318337 144.843335
"136" 2016 316430 148.7221
"137" 2016 332348 156.20356
"138" 2016 308011 150.92539
"139" 2016 338449 179.37797
"140" 2016 307124 168.9182
"141" 2016 300495 177.29205
"142" 2016 339255 225.604575
"143" 2016 366562 267.59026
"144" 2016 379126 307.09206
"145" 2016 401172 359.04894
"146" 2016 411809 395.33664
"147" 2016 406966 429.34913
"148" 2016 415773 488.533275
"149" 2016 404535 527.918175
"150" 2016 384667 557.76715
"151" 2016 417133 669.498465
"152" 2016 360544 630.952
"153" 2016 354190 669.4191
"154" 2016 352741 737.22869
"155" 2016 351872 816.34304
"156" 2016 361685 909.637775
"157" 2016 370720 1004.6512
"158" 2016 371195 1089.457325
"159" 2016 369814 1172.31038
"160" 2016 351410 1212.3645
"161" 2016 375985 1406.1839
"162" 2016 370822 1483.288
"163" 2016 376358 1591.99434
"164" 2016 381378 1725.73545
"165" 2016 374686 1826.59425
"166" 2016 368073 1904.777775
"167" 2016 363637 2020.003535
"168" 2016 359182 2142.52063
"169" 2016 347045 2195.059625
"170" 2016 328805 2196.4174
"171" 2016 338677 2387.67285
"172" 2016 329551 2486.462295
"173" 2016 310775 2532.81625
"174" 2016 297535 2621.28335
"175" 2016 289728 2777.04288
"176" 2016 292084 3001.1631
"177" 2016 244977 2691.072345
"178" 2016 225649 2714.55747
"179" 2016 197067 2591.43105
"180" 2016 171575 2462.10125
"181" 2016 137746 2192.91632
"182" 2016 122225 2132.215125
"183" 2016 140802 2719.59063
"184" 2016 141040 3015.4352
"185" 2016 136109 3223.741665
"186" 2016 134324 3560.92924
"187" 2016 130664 3818.6554
"188" 2016 121156 3919.3966
"189" 2016 109793 3975.60453
"190" 2016 104238 4222.68138
"191" 2016 94708 4291.69302
"192" 2016 89865 4585.361625
"193" 2016 82520 4739.1236
"194" 2016 75089 4818.46113
"195" 2016 70654 5075.43009
"196" 2016 67510.34 5405.8904755
"197" 2016 61116.91 5437.5714827
"198" 2016 53848.53 5325.619617
"199" 2016 46234.46 5057.8187517
"200" 2016 39050.14 4747.3255198
"201" 2016 33188.05 4467.94123125
"202" 2016 25440 3739.8072
"203" 2016 20202.94 3243.7840464
"204" 2016 14992.48 2635.0782848
"205" 2016 12196.09 2336.10005905
"206" 2016 9364.62 1955.2858329
"207" 2016 6231.28 1414.9055932
"208" 2016 4136.68 1016.0099748
"209" 2016 2910.12 770.6579784
"210" 2016 2135.47 607.7334073
"211" 2016 1300.02 396.2395959
"212" 2016 850.64 276.7174452
"213" 2016 534.9 185.0620275
"214" 2016 326.41 119.6782265
"215" 2016 187.83 72.7240194
"216" 2016 98.7 40.211367
"217" 2016 52.21 22.3035899
"218" 2016 27.44 12.2486672
"219" 2016 13.04 6.0617744
"220" 2016 6.06 2.9241318
"221" 2016 2.37 1.76701275
"222" 2016 0.33 0.33
"223" 2017 196873 820.96041
"224" 2017 216007 54.00175
"225" 2017 214590 37.55325
"226" 2017 197963 27.71482
"227" 2017 237630 29.70375
"228" 2017 201142 23.13133
"229" 2017 169367 18.63037
"230" 2017 195401 20.517105
"231" 2017 199267 19.9267
"232" 2017 206089 22.66979
"233" 2017 206976 24.83712
"234" 2017 208344 23.95956
"235" 2017 218583 27.322875
"236" 2017 227389 36.38224
"237" 2017 246260 48.0207
"238" 2017 257011 57.827475
"239" 2017 305886 84.11865
"240" 2017 282424 111.55748
"241" 2017 266868 122.75928
"242" 2017 322587 140.325345
"243" 2017 321441 141.43404
"244" 2017 323185 145.43325
"245" 2017 320908 144.4086
"246" 2017 324507 147.650685
"247" 2017 318108 149.51076
"248" 2017 316230 148.6281
"249" 2017 332156 162.75644
"250" 2017 307919 163.19707
"251" 2017 338460 186.153
"252" 2017 307272 181.29048
"253" 2017 300731 199.986115
"254" 2017 339442 247.79266
"255" 2017 366816 297.12096
"256" 2017 379219 339.401005
"257" 2017 401359 385.30464
"258" 2017 411784 434.43212
"259" 2017 406818 478.01115
"260" 2017 415896 542.74428
"261" 2017 404324 586.2698
"262" 2017 384350 616.88175
"263" 2017 416672 729.176
"264" 2017 360097 680.58333
"265" 2017 353646 739.12014
"266" 2017 352128 816.93696
"267" 2017 351210 883.29315
"268" 2017 360912 978.07152
"269" 2017 369817 1085.412895
"270" 2017 370276 1173.77492
"271" 2017 368754 1272.2013
"272" 2017 350238 1309.89012
"273" 2017 374649 1498.596
"274" 2017 369368 1562.42664
"275" 2017 374825 1696.083125
"276" 2017 379775 1851.403125
"277" 2017 373031 1930.435425
"278" 2017 366236 2034.44098
"279" 2017 361796 2158.11314
"280" 2017 357104 2258.6828
"281" 2017 344853 2303.61804
"282" 2017 326668 2303.0094
"283" 2017 336465 2538.628425
"284" 2017 327186 2666.5659
"285" 2017 308212 2715.34772
"286" 2017 295064 2828.18844
"287" 2017 287147 2950.435425
"288" 2017 289366 3178.68551
"289" 2017 242369 2915.69907
"290" 2017 222904 2931.1876
"291" 2017 194477 2790.74495
"292" 2017 169105 2692.1516
"293" 2017 135414 2362.29723
"294" 2017 120056 2318.88164
"295" 2017 137966 2949.71308
"296" 2017 137762 3262.89297
"297" 2017 132789 3520.23639
"298" 2017 130681 3819.152225
"299" 2017 126643 4096.90105
"300" 2017 117002 4236.64242
"301" 2017 105628 4278.99028
"302" 2017 99840 4524.2496
"303" 2017 90094 4597.04635
"304" 2017 85040 4883.8472
"305" 2017 77431 4968.74727
"306" 2017 69977 5026.797795
"307" 2017 65175 5218.888125
"308" 2017 61773.9 5496.023883
"309" 2017 55467.76 5485.761464
"310" 2017 48368.88 5291.3136276
"311" 2017 41002.02 4984.6155714
"312" 2017 34145.86 4596.8864025
"313" 2017 28647.54 4211.3316177
"314" 2017 21645.83 3475.4544648
"315" 2017 16833.88 2958.7227488
"316" 2017 12287.82 2353.6704819
"317" 2017 9843.53 2055.27984635
"318" 2017 7331.58 1664.7452127
"319" 2017 4797.95 1178.4244995
"320" 2017 3139.23 831.3308886
"321" 2017 2133.39 607.1414601
"322" 2017 1539.33 469.18008735
"323" 2017 890 289.52145
"324" 2017 553.36 191.448726
"325" 2017 335.13 122.8754145
"326" 2017 196.5 76.08087
"327" 2017 108.18 44.0736138
"328" 2017 54.34 23.2135046
"329" 2017 27.58 12.3111604
"330" 2017 13.51 6.2802586
"331" 2017 5.71 2.7552463
"332" 2017 2.16 1.610442
"333" 2017 0.36 0.36
"334" 2018 183442 764.95314
"335" 2018 210181 52.54525
"336" 2018 216300 37.8525
"337" 2018 214516 30.03224
"338" 2018 197960 24.745
"339" 2018 237687 27.334005
"340" 2018 201057 22.11627
"341" 2018 169223 17.768415
"342" 2018 195282 19.5282
"343" 2018 199183 21.91013
"344" 2018 206073 24.72876
"345" 2018 206875 23.790625
"346" 2018 208263 26.032875
"347" 2018 218477 34.95632
"348" 2018 227354 44.33403
"349" 2018 246270 55.41075
"350" 2018 256917 70.652175
"351" 2018 305602 120.71279
"352" 2018 282430 129.9178
"353" 2018 266853 116.081055
"354" 2018 322388 141.85072
"355" 2018 321177 144.52965
"356" 2018 322978 145.3401
"357" 2018 320704 145.92032
"358" 2018 324297 152.41959
"359" 2018 317902 149.41394
"360" 2018 315980 154.8302
"361" 2018 331978 175.94834
"362" 2018 307932 169.3626
"363" 2018 338418 199.66662
"364" 2018 307354 204.39041
"365" 2018 300784 219.57232
"366" 2018 339409 274.92129
"367" 2018 366739 328.231405
"368" 2018 379149 363.98304
"369" 2018 401378 423.45379
"370" 2018 411575 483.600625
"371" 2018 406846 530.93403
"372" 2018 415688 602.7476
"373" 2018 404052 648.50346
"374" 2018 383923 671.86525
"375" 2018 416222 786.65958
"376" 2018 359566 751.49294
"377" 2018 353036 819.04352
"378" 2018 351344 883.63016
"379" 2018 350463 949.75473
"380" 2018 359979 1056.538365
"381" 2018 368893 1169.39081
"382" 2018 369178 1273.6641
"383" 2018 367629 1374.93246
"384" 2018 349016 1396.064
"385" 2018 373296 1579.04208
"386" 2018 368010 1665.24525
"387" 2018 373296 1819.818
"388" 2018 378033 1956.320775
"389" 2018 371201 2062.021555
"390" 2018 364325 2173.198625
"391" 2018 359658 2274.83685
"392" 2018 355037 2371.64716
"393" 2018 342631 2415.54855
"394" 2018 324543 2448.676935
"395" 2018 334233 2723.99895
"396" 2018 324775 2861.26775
"397" 2018 305710 2930.23035
"398" 2018 292544 3005.8896
"399" 2018 284508 3125.32038
"400" 2018 286374 3445.07922
"401" 2018 239545 3150.01675
"402" 2018 220124 3158.7794
"403" 2018 191605 3050.3516
"404" 2018 166464 2903.96448
"405" 2018 132907 2567.098705
"406" 2018 117648 2515.31424
"407" 2018 135026 3198.09081
"408" 2018 134433 3563.81883
"409" 2018 129230 3776.74675
"410" 2018 126792 4101.7212
"411" 2018 122428 4433.11788
"412" 2018 112701 4565.51751
"413" 2018 101239 4587.645285
"414" 2018 95178 4856.45745
"415" 2018 85506 4910.60958
"416" 2018 80145 5142.90465
"417" 2018 72456 5204.87676
"418" 2018 64947 5200.631025
"419" 2018 60099 5347.00803
"420" 2018 56217.89 5559.949321
"421" 2018 50041.27 5474.26473165
"422" 2018 43073.46 5236.4405322
"423" 2018 35924.19 4836.29407875
"424" 2018 29446.05 4328.71658025
"425" 2018 24330.85 3906.561276
"426" 2018 18090.65 3179.612644
"427" 2018 13801.08 2643.5278686
"428" 2018 9866.77 2060.13224215
"429" 2018 7747.15 1759.10661475
"430" 2018 5677.41 1394.4286701
"431" 2018 3619.18 958.4312476
"432" 2018 2313.18 658.3078962
"433" 2018 1559.33 475.27598735
"434" 2018 1081.52 351.8238636
"435" 2018 589.46 203.9384235
"436" 2018 355.65 130.3990725
"437" 2018 208.91 80.8857738
"438" 2018 118.66 48.3432706
"439" 2018 63.16 26.9813204
"440" 2018 30.46 13.5967348
"441" 2018 14.89 6.9217654
"442" 2018 6.74 3.2522522
"443" 2018 2.34 1.7446455
"444" 2018 0.66 0.66
"445" 2019 170572 711.28524
"446" 2019 197260 49.315
"447" 2019 210485 36.834875
"448" 2019 216231 30.27234
"449" 2019 214431 26.803875
"450" 2019 197941 22.763215
"451" 2019 237529 26.12819
"452" 2019 200824 21.08652
"453" 2019 169089 16.9089
"454" 2019 195197 21.47167
"455" 2019 199125 23.895
"456" 2019 206028 23.69322
"457" 2019 206825 25.853125
"458" 2019 208215 33.3144
"459" 2019 218475 42.602625
"460" 2019 227396 51.1641
"461" 2019 246180 67.6995
"462" 2019 256717 101.403215
"463" 2019 305561 140.55806
"464" 2019 282411 122.848785
"465" 2019 266753 117.37132
"466" 2019 322175 144.97875
"467" 2019 320937 144.42165
"468" 2019 322767 146.858985
"469" 2019 320477 150.62419
"470" 2019 324083 152.31901
"471" 2019 317688 155.66712
"472" 2019 315859 167.40527
"473" 2019 331898 182.5439
"474" 2019 307863 181.63917
"475" 2019 338421 225.049965
"476" 2019 307404 224.40492
"477" 2019 300863 243.69903
"478" 2019 339483 303.837285
"479" 2019 366767 352.09632
"480" 2019 379058 399.90619
"481" 2019 401276 471.4993
"482" 2019 411600 537.138
"483" 2019 406694 589.7063
"484" 2019 415274 666.51477
"485" 2019 403648 706.384
"486" 2019 383391 724.60899
"487" 2019 415622 868.64998
"488" 2019 358970 832.8104
"489" 2019 352417 886.328755
"490" 2019 350600 950.126
"491" 2019 349664 1026.26384
"492" 2019 359081 1138.28677
"493" 2019 367831 1269.01695
"494" 2019 368074 1376.59676
"495" 2019 366461 1465.844
"496" 2019 347785 1471.13055
"497" 2019 371843 1682.589575
"498" 2019 366491 1786.643625
"499" 2019 371614 1923.10245
"500" 2019 376257 2090.107635
"501" 2019 369355 2203.202575
"502" 2019 362390 2292.11675
"503" 2019 357568 2388.55424
"504" 2019 352721 2486.68305
"505" 2019 340459 2568.763155
"506" 2019 322227 2626.15005
"507" 2019 331739 2922.62059
"508" 2019 322268 3088.93878
"509" 2019 303107 3114.424425
"510" 2019 290064 3186.35304
"511" 2019 281714 3389.01942
"512" 2019 283146 3723.3699
"513" 2019 236524 3394.1194
"514" 2019 217128 3456.67776
"515" 2019 188624 3290.54568
"516" 2019 163682 3161.51783
"517" 2019 130361 2787.11818
"518" 2019 115094 2726.00139
"519" 2019 131793 3493.83243
"520" 2019 130980 3827.8905
"521" 2019 125531 4060.92785
"522" 2019 122657 4441.40997
"523" 2019 118131 4785.48681
"524" 2019 108186 4902.44859
"525" 2019 96615 4929.780375
"526" 2019 90310 5186.5033
"527" 2019 80748 5181.59916
"528" 2019 75140 5397.6819
"529" 2019 67241 5384.323075
"530" 2019 59830 5323.0751
"531" 2019 54914 5430.9946
"532" 2019 50715.01 5547.96851895
"533" 2019 44611.41 5423.4091137
"534" 2019 38002.77 5116.12291125
"535" 2019 31228.72 4590.7779836
"536" 2019 25271.32 4057.5631392
"537" 2019 20572.52 3615.8261152
"538" 2019 15015.97 2876.23397365
"539" 2019 11225.2 2343.765634
"540" 2019 7823.58 1776.4611927
"541" 2019 6024.25 1479.6160425
"542" 2019 4326.97 1145.8681954
"543" 2019 2680.65 762.8861835
"544" 2019 1678.68 511.6532706
"545" 2019 1091.22 354.9793221
"546" 2019 710.83 245.92940925
"547" 2019 374.05 137.1454325
"548" 2019 217.2 84.095496
"549" 2019 122.48 49.8995768
"550" 2019 66.51 28.4124069
"551" 2019 33.57 14.9849766
"552" 2019 15.13 7.0333318
"553" 2019 6.92 3.3391076
"554" 2019 2.57 1.91612775
"555" 2019 0.3 0.3
"556" 2020 168211 701.43987
"557" 2020 183215 45.80375
"558" 2020 197667 34.591725
"559" 2020 210503 29.47042
"560" 2020 216205 27.025625
"561" 2020 214439 24.660485
"562" 2020 197799 21.75789
"563" 2020 237288 24.91524
"564" 2020 200725 20.0725
"565" 2020 169071 18.59781
"566" 2020 195206 23.42472
"567" 2020 199082 22.89443
"568" 2020 205973 25.746625
"569" 2020 206751 33.08016
"570" 2020 208216 40.60212
"571" 2020 218524 49.1679
"572" 2020 227337 62.517675
"573" 2020 245995 97.168025
"574" 2020 256704 118.08384
"575" 2020 305581 132.927735
"576" 2020 282248 124.18912
"577" 2020 266558 119.9511
"578" 2020 321943 144.87435
"579" 2020 320796 145.96218
"580" 2020 322560 151.6032
"581" 2020 320321 150.55087
"582" 2020 323947 158.73403
"583" 2020 317568 168.31104
"584" 2020 315747 173.66085
"585" 2020 331871 195.80389
"586" 2020 307848 204.71892
"587" 2020 338438 247.05974
"588" 2020 307431 249.01911
"589" 2020 300904 269.30908
"590" 2020 339511 325.93056
"591" 2020 366742 386.91281
"592" 2020 379001 445.326175
"593" 2020 401287 523.679535
"594" 2020 411523 596.70835
"595" 2020 406392 652.25916
"596" 2020 414901 726.07675
"597" 2020 403132 761.91948
"598" 2020 382931 800.32579
"599" 2020 414904 962.57728
"600" 2020 358420 901.4263
"601" 2020 351659 952.99589
"602" 2020 349872 1026.87432
"603" 2020 348823 1105.76891
"604" 2020 358213 1235.83485
"605" 2020 366761 1371.68614
"606" 2020 366966 1467.864
"607" 2020 365147 1544.57181
"608" 2020 346620 1568.4555
"609" 2020 370467 1806.026625
"610" 2020 364946 1888.59555
"611" 2020 370010 2055.40555
"612" 2020 374547 2234.172855
"613" 2020 367434 2324.02005
"614" 2020 360320 2406.9376
"615" 2020 355274 2504.6817
"616" 2020 350537 2644.801665
"617" 2020 338221 2756.50115
"618" 2020 320007 2819.26167
"619" 2020 329071 3154.145535
"620" 2020 319683 3284.742825
"621" 2020 300439 3300.322415
"622" 2020 287331 3456.59193
"623" 2020 278617 3663.81355
"624" 2020 279717 4013.93895
"625" 2020 233413 3715.93496
"626" 2020 213814 3729.98523
"627" 2020 185485 3582.642775
"628" 2020 160781 3437.49778
"629" 2020 127696 3024.47976
"630" 2020 112390 2979.4589
"631" 2020 128446 3753.83435
"632" 2020 127340 4119.449
"633" 2020 121744 4408.35024
"634" 2020 118470 4799.2197
"635" 2020 113634 5149.32471
"636" 2020 103638 5288.12895
"637" 2020 92010 5284.1343
"638" 2020 85271 5471.84007
"639" 2020 75821 5446.601535
"640" 2020 69875 5595.240625
"641" 2020 62062 5521.65614
"642" 2020 54631 5403.0059
"643" 2020 49578 5423.58531
"644" 2020 45389.27 5517.9735539
"645" 2020 39360.33 5298.88442625
"646" 2020 32907.57 4837.57732785
"647" 2020 26730.5 4291.84908
"648" 2020 21349.46 3752.3810896
"649" 2020 17063.08 3268.3476586
"650" 2020 12170.09 2541.05394155
"651" 2020 8884.96 2017.4634424
"652" 2020 6098.04 1497.7396044
"653" 2020 4624.26 1224.5965332
"654" 2020 3235.56 920.8080204
"655" 2020 1958.63 596.98063085
"656" 2020 1184.76 385.4083518
"657" 2020 732.64 253.475124
"658" 2020 464.6 170.34559
"659" 2020 238.42 92.3114556
"660" 2020 134.74 54.8944234
"661" 2020 73.86 31.5522534
"662" 2020 38.83 17.3329354
"663" 2020 18.75 8.716125
"664" 2020 7.89 3.8071617
"665" 2020 3.38 2.5200435
"666" 2020 0.81 0.81
"667" 2021 157307 655.97019
"668" 2021 177373 44.34325
"669" 2021 183276 32.0733
"670" 2021 197323 27.62522
"671" 2021 210023 26.252875
"672" 2021 215813 24.818495
"673" 2021 213958 23.53538
"674" 2021 197348 20.72154
"675" 2021 236734 23.6734
"676" 2021 200333 22.03663
"677" 2021 168677 20.24124
"678" 2021 194799 22.401885
"679" 2021 198612 24.8265
"680" 2021 205500 32.88
"681" 2021 206320 40.2324
"682" 2021 207797 46.754325
"683" 2021 218036 59.9599
"684" 2021 226738 89.56151
"685" 2021 245495 112.9277
"686" 2021 256360 111.5166
"687" 2021 305090 134.2396
"688" 2021 281779 126.80055
"689" 2021 266146 119.7657
"690" 2021 321515 146.289325
"691" 2021 320353 150.56591
"692" 2021 322040 151.3588
"693" 2021 319760 156.6824
"694" 2021 323461 171.43433
"695" 2021 317121 174.41655
"696" 2021 315231 185.98629
"697" 2021 331325 220.331125
"698" 2021 307405 224.40565
"699" 2021 337865 273.67065
"700" 2021 306949 274.719355
"701" 2021 300399 288.38304
"702" 2021 338830 357.46565
"703" 2021 366058 430.11815
"704" 2021 378305 493.688025
"705" 2021 400512 580.7424
"706" 2021 410569 658.963245
"707" 2021 405412 709.471
"708" 2021 413861 782.19729
"709" 2021 401958 840.09222
"710" 2021 381781 885.73192
"711" 2021 413597 1040.196455
"712" 2021 357216 968.05536
"713" 2021 350440 1028.5414
"714" 2021 348506 1104.76402
"715" 2021 347451 1198.70595
"716" 2021 356604 1333.69896
"717" 2021 365204 1460.816
"718" 2021 365171 1544.67333
"719" 2021 363228 1643.6067
"720" 2021 344723 1680.524625
"721" 2021 368317 1906.040475
"722" 2021 362854 2015.65397
"723" 2021 367622 2192.86523
"724" 2021 372057 2353.260525
"725" 2021 364789 2436.79052
"726" 2021 357510 2520.4455
"727" 2021 352304 2658.13368
"728" 2021 347427 2831.53005
"729" 2021 335052 2951.80812
"730" 2021 316838 3036.89223
"731" 2021 325464 3344.1426
"732" 2021 315908 3470.24938
"733" 2021 296709 3569.40927
"734" 2021 283456 3727.4464
"735" 2021 274583 3940.26605
"736" 2021 275183 4380.91336
"737" 2021 229401 4001.900445
"738" 2021 209764 4051.59166
"739" 2021 181576 3882.09488
"740" 2021 157138 3721.81353
"741" 2021 124470 3299.6997
"742" 2021 109223 3192.042175
"743" 2021 124620 4031.457
"744" 2021 123333 4465.88793
"745" 2021 117476 4758.95276
"746" 2021 113841 5158.704915
"747" 2021 108725 5547.693125
"748" 2021 98729 5670.00647
"749" 2021 87027 5584.52259
"750" 2021 80212 5762.02902
"751" 2021 70730 5663.70475
"752" 2021 64652 5752.08844
"753" 2021 56798 5617.3222
"754" 2021 49562 5421.83499
"755" 2021 44468 5405.97476
"756" 2021 40268.97 5421.21008625
"757" 2021 34388.52 5055.2843826
"758" 2021 28451.37 4568.1519672
"759" 2021 22782.48 4004.2486848
"760" 2021 17833.64 3415.9445738
"761" 2021 14010.83 2925.39124985
"762" 2021 9769.11 2218.22296215
"763" 2021 7023.65 1725.0786765
"764" 2021 4758.56 1260.1618592
"765" 2021 3527.11 1003.7802349
"766" 2021 2425.95 739.41743025
"767" 2021 1407.25 457.78546125
"768" 2021 807.08 279.229503
"769" 2021 478.39 175.4016935
"770" 2021 293.36 113.5831248
"771" 2021 145.91 59.4451931
"772" 2021 79.38 33.9103422
"773" 2021 41.69 18.6095822
"774" 2021 20.75 9.645845
"775" 2021 9.2 4.439276
"776" 2021 3.25 2.42311875
"777" 2021 1.11 1.11
