"year" "population" "expected"
"1" 2015 199275 819.02025
"2" 2015 197591 51.37366
"3" 2015 237780 46.3671
"4" 2015 201100 32.176
"5" 2015 169380 23.7132
"6" 2015 195576 27.38064
"7" 2015 199553 25.94189
"8" 2015 206252 20.6252
"9" 2015 207012 25.8765
"10" 2015 208419 30.220755
"11" 2015 218606 27.32575
"12" 2015 227519 26.164685
"13" 2015 246372 29.56464
"14" 2015 256965 39.829575
"15" 2015 305900 62.7095
"16" 2015 282694 66.43309
"17" 2015 267134 73.46185
"18" 2015 322664 132.29224
"19" 2015 321678 149.58027
"20" 2015 323631 142.39764
"21" 2015 321370 139.79595
"22" 2015 324902 136.45884
"23" 2015 318462 144.90021
"24" 2015 316596 161.46396
"25" 2015 332553 177.915855
"26" 2015 308168 151.00232
"27" 2015 338519 172.64469
"28" 2015 307113 182.732235
"29" 2015 300357 178.712415
"30" 2015 339080 211.925
"31" 2015 366438 262.00317
"32" 2015 378990 305.08695
"33" 2015 401126 352.99088
"34" 2015 411805 397.391825
"35" 2015 407133 443.77497
"36" 2015 415991 478.38965
"37" 2015 404546 501.63704
"38" 2015 385104 542.99664
"39" 2015 417643 649.434865
"40" 2015 360943 611.798385
"41" 2015 354656 647.2472
"42" 2015 353348 681.96164
"43" 2015 352555 754.4677
"44" 2015 362460 886.2147
"45" 2015 371639 981.12696
"46" 2015 372238 1044.12759
"47" 2015 370855 1095.876525
"48" 2015 352494 1124.45586
"49" 2015 377344 1356.55168
"50" 2015 372173 1458.91816
"51" 2015 377751 1605.44175
"52" 2015 382915 1711.63005
"53" 2015 376283 1753.47878
"54" 2015 369769 1850.693845
"55" 2015 365434 1960.55341
"56" 2015 361224 2087.87472
"57" 2015 349083 2200.968315
"58" 2015 330790 2186.5219
"59" 2015 340908 2302.83354
"60" 2015 331830 2354.33385
"61" 2015 313006 2449.27195
"62" 2015 299950 2578.07025
"63" 2015 292388 2638.8017
"64" 2015 294743 2856.05967
"65" 2015 247287 2627.424375
"66" 2015 228183 2591.017965
"67" 2015 199584 2471.84784
"68" 2015 173972 2398.20402
"69" 2015 139862 2124.50378
"70" 2015 124280 2027.6282
"71" 2015 143470 2551.61395
"72" 2015 143945 2932.15965
"73" 2015 139162 3162.45645
"74" 2015 137755 3366.043425
"75" 2015 134359 3645.831465
"76" 2015 124988 3812.134
"77" 2015 113837 3832.89179
"78" 2015 108401 4092.13775
"79" 2015 98800 4226.17
"80" 2015 94364 4518.14832
"81" 2015 87134 4694.77992
"82" 2015 79764 4830.50784
"83" 2015 75667 5138.924305
"84" 2015 72842.63 5596.13504975
"85" 2015 66528.64 5631.649376
"86" 2015 59146.14 5508.5757489
"87" 2015 51333.43 5260.39323925
"88" 2015 43811.15 4976.94664
"89" 2015 37700.63 4745.18979495
"90" 2015 29408.94 4031.965674
"91" 2015 23665.27 3555.4701648
"92" 2015 17846.07 2986.0044324
"93" 2015 14776.85 2660.5718425
"94" 2015 11510.14 2237.8014188
"95" 2015 7843.75 1682.170625
"96" 2015 5335.27 1236.8756441
"97" 2015 3837.62 960.364405
"98" 2015 2851.9 768.045189
"99" 2015 1754.66 506.9563672
"100" 2015 1210.37 373.9680189
"101" 2015 820.75 270.2975975
"102" 2015 521.44 182.4283912
"103" 2015 313.61 116.161144
"104" 2015 172.34 67.3530571
"105" 2015 95.19 39.11690265
"106" 2015 53.11 22.8696971
"107" 2015 27.31 12.28144355
"108" 2015 14.09 6.5953881
"109" 2015 6.73 3.2684245
"110" 2015 2.58 1.9275309
"111" 2015 0.64 0.64
"112" 2016 201523 828.25953
"113" 2016 214239 55.70214
"114" 2016 197973 38.604735
"115" 2016 237636 38.02176
"116" 2016 201084 28.15176
"117" 2016 169399 23.71586
"118" 2016 195526 25.41838
"119" 2016 199430 19.943
"120" 2016 206148 25.7685
"121" 2016 207015 30.017175
"122" 2016 208448 26.056
"123" 2016 218658 25.14567
"124" 2016 227460 27.2952
"125" 2016 246278 38.17309
"126" 2016 256963 52.677415
"127" 2016 305984 71.90624
"128" 2016 282667 77.733425
"129" 2016 266926 109.43966
"130" 2016 322617 150.016905
"131" 2016 321641 141.52204
"132" 2016 323431 140.692485
"133" 2016 321098 134.86116
"134" 2016 324667 147.723485
"135" 2016 318337 162.35187
"136" 2016 316430 169.29005
"137" 2016 332348 162.85052
"138" 2016 308011 157.08561
"139" 2016 338449 201.377155
"140" 2016 307124 182.73878
"141" 2016 300495 187.809375
"142" 2016 339255 242.567325
"143" 2016 366562 295.08241
"144" 2016 379126 333.63088
"145" 2016 401172 387.13098
"146" 2016 411809 448.87181
"147" 2016 406966 468.0109
"148" 2016 415773 515.55852
"149" 2016 404535 570.39435
"150" 2016 384667 598.157185
"151" 2016 417133 707.040435
"152" 2016 360544 657.9928
"153" 2016 354190 683.5867
"154" 2016 352741 754.86574
"155" 2016 351872 860.32704
"156" 2016 361685 954.8484
"157" 2016 370720 1039.8696
"158" 2016 371195 1096.881225
"159" 2016 369814 1179.70666
"160" 2016 351410 1263.31895
"161" 2016 375985 1473.8612
"162" 2016 370822 1575.9935
"163" 2016 376358 1682.32026
"164" 2016 381378 1777.22148
"165" 2016 374686 1875.30343
"166" 2016 368073 1974.711645
"167" 2016 363637 2101.82186
"168" 2016 359182 2264.64251
"169" 2016 347045 2293.96745
"170" 2016 328805 2221.077775
"171" 2016 338677 2402.913315
"172" 2016 329551 2578.736575
"173" 2016 310775 2671.111125
"174" 2016 297535 2685.253375
"175" 2016 289728 2807.46432
"176" 2016 292084 3103.3925
"177" 2016 244977 2781.713835
"178" 2016 225649 2794.662865
"179" 2016 197067 2716.568595
"180" 2016 171575 2606.22425
"181" 2016 137746 2247.32599
"182" 2016 122225 2173.771625
"183" 2016 140802 2868.13674
"184" 2016 141040 3205.134
"185" 2016 136109 3325.823415
"186" 2016 134324 3644.88174
"187" 2016 130664 3985.252
"188" 2016 121156 4079.32252
"189" 2016 109793 4144.68575
"190" 2016 104238 4458.78045
"191" 2016 94708 4534.61904
"192" 2016 89865 4841.9262
"193" 2016 82520 4997.4112
"194" 2016 75089 5099.669435
"195" 2016 70654 5427.99355
"196" 2016 67510.34 5714.750281
"197" 2016 61116.91 5692.12341285
"198" 2016 53848.53 5518.12811175
"199" 2016 46234.46 5252.234656
"200" 2016 39050.14 4915.0458711
"201" 2016 33188.05 4550.081655
"202" 2016 25440 3822.1056
"203" 2016 20202.94 3380.3559208
"204" 2016 14992.48 2699.396024
"205" 2016 12196.09 2371.1638178
"206" 2016 9364.62 2008.3364052
"207" 2016 6231.28 1444.5976424
"208" 2016 4136.68 1035.20417
"209" 2016 2910.12 783.7244172
"210" 2016 2135.47 616.9799924
"211" 2016 1300.02 401.6671794
"212" 2016 850.64 280.1412712
"213" 2016 534.9 187.1374395
"214" 2016 326.41 120.902264
"215" 2016 187.83 73.40678145
"216" 2016 98.7 40.5592845
"217" 2016 52.21 22.4821481
"218" 2016 27.44 12.3399052
"219" 2016 13.04 6.1038936
"220" 2016 6.06 2.943039
"221" 2016 2.37 1.77063885
"222" 2016 0.33 0.33
"223" 2017 196873 809.14803
"224" 2017 216007 56.16182
"225" 2017 214590 41.84505
"226" 2017 197963 31.67408
"227" 2017 237630 33.2682
"228" 2017 201142 28.15988
"229" 2017 169367 22.01771
"230" 2017 195401 19.5401
"231" 2017 199267 24.908375
"232" 2017 206089 29.882905
"233" 2017 206976 25.872
"234" 2017 208344 23.95956
"235" 2017 218583 26.22996
"236" 2017 227389 35.245295
"237" 2017 246260 50.4833
"238" 2017 257011 60.397585
"239" 2017 305886 84.11865
"240" 2017 282424 115.79384
"241" 2017 266868 124.09362
"242" 2017 322587 141.93828
"243" 2017 321441 139.826835
"244" 2017 323185 135.7377
"245" 2017 320908 146.01314
"246" 2017 324507 165.49857
"247" 2017 318108 170.18778
"248" 2017 316230 154.9527
"249" 2017 332156 169.39956
"250" 2017 307919 183.211805
"251" 2017 338460 201.3837
"252" 2017 307272 192.045
"253" 2017 300731 215.022665
"254" 2017 339442 273.25081
"255" 2017 366816 322.79808
"256" 2017 379219 365.946335
"257" 2017 401359 437.48131
"258" 2017 411784 473.5516
"259" 2017 406818 504.45432
"260" 2017 415896 586.41336
"261" 2017 404324 628.72382
"262" 2017 384350 651.47325
"263" 2017 416672 760.4264
"264" 2017 360097 694.98721
"265" 2017 353646 756.80244
"266" 2017 352128 860.95296
"267" 2017 351210 927.1944
"268" 2017 360912 1012.35816
"269" 2017 369817 1092.809235
"270" 2017 370276 1181.18044
"271" 2017 368754 1325.67063
"272" 2017 350238 1372.93296
"273" 2017 374649 1592.25825
"274" 2017 369368 1651.07496
"275" 2017 374825 1746.6845
"276" 2017 379775 1900.773875
"277" 2017 373031 2001.311315
"278" 2017 366236 2116.84408
"279" 2017 361796 2281.12378
"280" 2017 357104 2360.45744
"281" 2017 344853 2329.482015
"282" 2017 326668 2317.70946
"283" 2017 336465 2632.838625
"284" 2017 327186 2812.16367
"285" 2017 308212 2781.6133
"286" 2017 295064 2859.17016
"287" 2017 287147 3050.936875
"288" 2017 289366 3285.75093
"289" 2017 242369 3001.740065
"290" 2017 222904 3072.73164
"291" 2017 194477 2954.10563
"292" 2017 169105 2758.948075
"293" 2017 135414 2408.33799
"294" 2017 120056 2445.54072
"295" 2017 137966 3135.27735
"296" 2017 137762 3366.21447
"297" 2017 132789 3603.229515
"298" 2017 130681 3985.7705
"299" 2017 126643 4264.06981
"300" 2017 117002 4416.8255
"301" 2017 105628 4518.2377
"302" 2017 99840 4780.3392
"303" 2017 90094 4854.26472
"304" 2017 85040 5150.0224
"305" 2017 77431 5258.726365
"306" 2017 69977 5375.983025
"307" 2017 65175 5517.06375
"308" 2017 61773.9 5753.3121765
"309" 2017 55467.76 5684.058706
"310" 2017 48368.88 5494.704768
"311" 2017 41002.02 5160.7192473
"312" 2017 34145.86 4681.397406
"313" 2017 28647.54 4304.0064096
"314" 2017 21645.83 3621.7802756
"315" 2017 16833.88 3030.940094
"316" 2017 12287.82 2388.9979644
"317" 2017 9843.53 2111.0434438
"318" 2017 7331.58 1699.6801914
"319" 2017 4797.95 1200.6869875
"320" 2017 3139.23 845.4260313
"321" 2017 2133.39 616.3790388
"322" 2017 1539.33 475.6067901
"323" 2017 890 293.1037
"324" 2017 553.36 193.5957628
"325" 2017 335.13 124.132152
"326" 2017 196.5 76.7951475
"327" 2017 108.18 44.4549483
"328" 2017 54.34 23.3993474
"329" 2017 27.58 12.4028639
"330" 2017 13.51 6.3238959
"331" 2017 5.71 2.7730615
"332" 2017 2.16 1.6137468
"333" 2017 0.36 0.36
"334" 2018 183442 753.94662
"335" 2018 210181 54.64706
"336" 2018 216300 42.1785
"337" 2018 214516 34.32256
"338" 2018 197960 27.7144
"339" 2018 237687 33.27618
"340" 2018 201057 26.13741
"341" 2018 169223 16.9223
"342" 2018 195282 24.41025
"343" 2018 199183 28.881535
"344" 2018 206073 25.759125
"345" 2018 206875 23.790625
"346" 2018 208263 24.99156
"347" 2018 218477 33.863935
"348" 2018 227354 46.60757
"349" 2018 246270 57.87345
"350" 2018 256917 70.652175
"351" 2018 305602 125.29682
"352" 2018 282430 131.32995
"353" 2018 266853 117.41532
"354" 2018 322388 140.23878
"355" 2018 321177 134.89434
"356" 2018 322978 146.95499
"357" 2018 320704 163.55904
"358" 2018 324297 173.498895
"359" 2018 317902 155.77198
"360" 2018 315980 161.1498
"361" 2018 331978 197.52691
"362" 2018 307932 183.21954
"363" 2018 338418 211.51125
"364" 2018 307354 219.75811
"365" 2018 300784 242.13112
"366" 2018 339409 298.67992
"367" 2018 366739 353.903135
"368" 2018 379149 413.27241
"369" 2018 401378 461.5847
"370" 2018 411575 510.353
"371" 2018 406846 573.65286
"372" 2018 415688 646.39484
"373" 2018 404052 684.86814
"374" 2018 383923 700.659475
"375" 2018 416222 803.30846
"376" 2018 359566 769.47124
"377" 2018 353036 863.17302
"378" 2018 351344 927.54816
"379" 2018 350463 983.048715
"380" 2018 359979 1063.737945
"381" 2018 368893 1176.76867
"382" 2018 369178 1327.19491
"383" 2018 367629 1441.10568
"384" 2018 349016 1483.318
"385" 2018 373296 1668.63312
"386" 2018 368010 1714.9266
"387" 2018 373296 1868.34648
"388" 2018 378033 2028.147045
"389" 2018 371201 2145.54178
"390" 2018 364325 2297.069125
"391" 2018 359658 2377.33938
"392" 2018 355037 2398.274935
"393" 2018 342631 2430.966945
"394" 2018 324543 2539.548975
"395" 2018 334233 2872.732635
"396" 2018 324775 2931.094375
"397" 2018 305710 2962.3299
"398" 2018 292544 3108.28
"399" 2018 284508 3230.58834
"400" 2018 286374 3546.74199
"401" 2018 239545 3302.127825
"402" 2018 220124 3343.68356
"403" 2018 191605 3126.035575
"404" 2018 166464 2960.56224
"405" 2018 132907 2707.31559
"406" 2018 117648 2673.5508
"407" 2018 135026 3299.36031
"408" 2018 134433 3647.839455
"409" 2018 129230 3941.515
"410" 2018 126792 4269.08664
"411" 2018 122428 4621.657
"412" 2018 112701 4820.785275
"413" 2018 101239 4847.32332
"414" 2018 95178 5128.19064
"415" 2018 85506 5178.24336
"416" 2018 80145 5443.047675
"417" 2018 72456 5566.4322
"418" 2018 64947 5497.76355
"419" 2018 60099 5597.320365
"420" 2018 56217.89 5760.92827775
"421" 2018 50041.27 5684.688272
"422" 2018 43073.46 5421.4410429
"423" 2018 35924.19 4925.206449
"424" 2018 29446.05 4423.974552
"425" 2018 24330.85 4071.037822
"426" 2018 18090.65 3257.2215325
"427" 2018 13801.08 2683.2059736
"428" 2018 9866.77 2116.0274942
"429" 2018 7747.15 1796.0217845
"430" 2018 5677.41 1420.7718525
"431" 2018 3619.18 974.6813658
"432" 2018 2313.18 668.3239656
"433" 2018 1559.33 481.7861901
"434" 2018 1081.52 356.1769816
"435" 2018 589.46 206.2255283
"436" 2018 355.65 131.73276
"437" 2018 208.91 81.64516165
"438" 2018 118.66 48.7615471
"439" 2018 63.16 27.1973276
"440" 2018 30.46 13.6980143
"441" 2018 14.89 6.9698601
"442" 2018 6.74 3.273281
"443" 2018 2.34 1.7482257
"444" 2018 0.66 0.66
"445" 2019 170572 701.05092
"446" 2019 197260 51.2876
"447" 2019 210485 41.044575
"448" 2019 216231 34.59696
"449" 2019 214431 30.02034
"450" 2019 197941 27.71174
"451" 2019 237529 30.87877
"452" 2019 200824 20.0824
"453" 2019 169089 21.136125
"454" 2019 195197 28.303565
"455" 2019 199125 24.890625
"456" 2019 206028 23.69322
"457" 2019 206825 24.819
"458" 2019 208215 32.273325
"459" 2019 218475 44.787375
"460" 2019 227396 53.43806
"461" 2019 246180 67.6995
"462" 2019 256717 105.25397
"463" 2019 305561 142.085865
"464" 2019 282411 124.26084
"465" 2019 266753 116.037555
"466" 2019 322175 135.3135
"467" 2019 320937 146.026335
"468" 2019 322767 164.61117
"469" 2019 320477 171.455195
"470" 2019 324083 158.80067
"471" 2019 317688 162.02088
"472" 2019 315859 187.936105
"473" 2019 331898 197.47931
"474" 2019 307863 192.414375
"475" 2019 338421 241.971015
"476" 2019 307404 247.46022
"477" 2019 300863 264.75944
"478" 2019 339483 327.601095
"479" 2019 366767 399.77603
"480" 2019 379058 435.9167
"481" 2019 401276 497.58224
"482" 2019 411600 580.356
"483" 2019 406694 632.40917
"484" 2019 415274 703.88943
"485" 2019 403648 736.6576
"486" 2019 383391 739.94463
"487" 2019 415622 889.43108
"488" 2019 358970 877.68165
"489" 2019 352417 930.38088
"490" 2019 350600 983.433
"491" 2019 349664 1033.25712
"492" 2019 359081 1145.46839
"493" 2019 367831 1322.352445
"494" 2019 368074 1442.85008
"495" 2019 366461 1557.45925
"496" 2019 347785 1554.59895
"497" 2019 371843 1732.78838
"498" 2019 366491 1834.287455
"499" 2019 371614 1993.70911
"500" 2019 376257 2174.76546
"501" 2019 369355 2328.783275
"502" 2019 362390 2395.3979
"503" 2019 357568 2415.37184
"504" 2019 352721 2502.555495
"505" 2019 340459 2664.091675
"506" 2019 322227 2769.541065
"507" 2019 331739 2993.944475
"508" 2019 322268 3122.77692
"509" 2019 303107 3220.511875
"510" 2019 290064 3293.67672
"511" 2019 281714 3489.02789
"512" 2019 283146 3903.16761
"513" 2019 236524 3592.79956
"514" 2019 217128 3542.44332
"515" 2019 188624 3354.67784
"516" 2019 163682 3334.20234
"517" 2019 130361 2962.453725
"518" 2019 115094 2812.32189
"519" 2019 131793 3576.203055
"520" 2019 130980 3994.89
"521" 2019 125531 4226.62877
"522" 2019 122657 4630.30175
"523" 2019 118131 5053.053525
"524" 2019 108186 5179.94568
"525" 2019 96615 5205.6162
"526" 2019 90310 5469.1736
"527" 2019 80748 5484.00042
"528" 2019 75140 5772.6305
"529" 2019 67241 5691.95065
"530" 2019 59830 5572.26705
"531" 2019 54914 5627.31215
"532" 2019 50715.01 5761.225136
"533" 2019 44611.41 5615.01511965
"534" 2019 38002.77 5210.179767
"535" 2019 31228.72 4691.8028928
"536" 2019 25271.32 4228.3972624
"537" 2019 20572.52 3704.082226
"538" 2019 15015.97 2919.4048874
"539" 2019 11225.2 2407.356392
"540" 2019 7823.58 1813.7405514
"541" 2019 6024.25 1507.5685625
"542" 2019 4326.97 1165.2962907
"543" 2019 2680.65 774.493398
"544" 2019 1678.68 518.6617596
"545" 2019 1091.22 359.3714826
"546" 2019 710.83 248.68742965
"547" 2019 374.05 138.54812
"548" 2019 217.2 84.885018
"549" 2019 122.48 50.3313188
"550" 2019 66.51 28.6398711
"551" 2019 33.57 15.09659685
"552" 2019 15.13 7.0822017
"553" 2019 6.92 3.360698
"554" 2019 2.57 1.92005985
"555" 2019 0.3 0.3
"556" 2020 168211 691.34721
"557" 2020 183215 47.6359
"558" 2020 197667 38.545065
"559" 2020 210503 33.68048
"560" 2020 216205 30.2687
"561" 2020 214439 30.02146
"562" 2020 197799 25.71387
"563" 2020 237288 23.7288
"564" 2020 200725 25.090625
"565" 2020 169071 24.515295
"566" 2020 195206 24.40075
"567" 2020 199082 22.89443
"568" 2020 205973 24.71676
"569" 2020 206751 32.046405
"570" 2020 208216 42.68428
"571" 2020 218524 51.35314
"572" 2020 227337 62.517675
"573" 2020 245995 100.85795
"574" 2020 256704 119.36736
"575" 2020 305581 134.45564
"576" 2020 282248 122.77788
"577" 2020 266558 111.95436
"578" 2020 321943 146.484065
"579" 2020 320796 163.60596
"580" 2020 322560 172.5696
"581" 2020 320321 156.95729
"582" 2020 323947 165.21297
"583" 2020 317568 188.95296
"584" 2020 315747 187.869465
"585" 2020 331871 207.419375
"586" 2020 307848 220.11132
"587" 2020 338438 272.44259
"588" 2020 307431 270.53928
"589" 2020 300904 290.37236
"590" 2020 339511 370.06699
"591" 2020 366742 421.7533
"592" 2020 379001 469.96124
"593" 2020 401287 565.81467
"594" 2020 411523 639.918265
"595" 2020 406392 688.83444
"596" 2020 414901 757.194325
"597" 2020 403132 778.04476
"598" 2020 382931 819.47234
"599" 2020 414904 1014.44028
"600" 2020 358420 946.2288
"601" 2020 351659 986.403495
"602" 2020 349872 1033.87176
"603" 2020 348823 1112.74537
"604" 2020 358213 1287.775735
"605" 2020 366761 1437.70312
"606" 2020 366966 1559.6055
"607" 2020 365147 1632.20709
"608" 2020 346620 1615.2492
"609" 2020 370467 1854.187335
"610" 2020 364946 1957.93529
"611" 2020 370010 2138.6578
"612" 2020 374547 2361.518835
"613" 2020 367434 2428.73874
"614" 2020 360320 2433.9616
"615" 2020 355274 2520.66903
"616" 2020 350537 2742.952025
"617" 2020 338221 2907.009495
"618" 2020 320007 2888.063175
"619" 2020 329071 3188.69799
"620" 2020 319683 3396.631875
"621" 2020 300439 3411.484845
"622" 2020 287331 3558.594435
"623" 2020 278617 3840.735345
"624" 2020 279717 4248.90123
"625" 2020 233413 3808.133095
"626" 2020 213814 3802.68199
"627" 2020 185485 3778.32945
"628" 2020 160781 3653.748225
"629" 2020 127696 3120.25176
"630" 2020 112390 3049.70265
"631" 2020 128446 3917.603
"632" 2020 127340 4287.5378
"633" 2020 121744 4595.836
"634" 2020 118470 5067.55425
"635" 2020 113634 5440.79592
"636" 2020 103638 5584.01544
"637" 2020 92010 5572.1256
"638" 2020 85271 5791.179965
"639" 2020 75821 5824.948325
"640" 2020 69875 5914.91875
"641" 2020 62062 5780.14437
"642" 2020 54631 5598.311725
"643" 2020 49578 5632.0608
"644" 2020 45389.27 5712.92046855
"645" 2020 39360.33 5396.301243
"646" 2020 32907.57 4944.0333168
"647" 2020 26730.5 4472.54726
"648" 2020 21349.46 3843.970273
"649" 2020 17063.08 3317.4040136
"650" 2020 12170.09 2609.9975014
"651" 2020 8884.96 2059.8002768
"652" 2020 6098.04 1526.03451
"653" 2020 4624.26 1245.3594606
"654" 2020 3235.56 934.8179952
"655" 2020 1958.63 605.1579111
"656" 2020 1184.76 390.1770108
"657" 2020 732.64 256.3177672
"658" 2020 464.6 172.08784
"659" 2020 238.42 93.1781123
"660" 2020 134.74 55.3693819
"661" 2020 73.86 31.8048546
"662" 2020 38.83 17.46204515
"663" 2020 18.75 8.7766875
"664" 2020 7.89 3.8317785
"665" 2020 3.38 2.5252149
"666" 2020 0.81 0.81
"667" 2021 157307 646.53177
"668" 2021 177373 46.11698
"669" 2021 183276 35.73882
"670" 2021 197323 31.57168
"671" 2021 210023 29.40322
"672" 2021 215813 30.21382
"673" 2021 213958 27.81454
"674" 2021 197348 19.7348
"675" 2021 236734 29.59175
"676" 2021 200333 29.048285
"677" 2021 168677 21.084625
"678" 2021 194799 22.401885
"679" 2021 198612 23.83344
"680" 2021 205500 31.8525
"681" 2021 206320 42.2956
"682" 2021 207797 48.832295
"683" 2021 218036 59.9599
"684" 2021 226738 92.96258
"685" 2021 245495 114.155175
"686" 2021 256360 112.7984
"687" 2021 305090 132.71415
"688" 2021 281779 118.34718
"689" 2021 266146 121.09643
"690" 2021 321515 163.97265
"691" 2021 320353 171.388855
"692" 2021 322040 157.7996
"693" 2021 319760 163.0776
"694" 2021 323461 192.459295
"695" 2021 317121 188.686995
"696" 2021 315231 197.019375
"697" 2021 331325 236.897375
"698" 2021 307405 247.461025
"699" 2021 337865 297.3212
"700" 2021 306949 296.205785
"701" 2021 300399 327.43491
"702" 2021 338830 389.6545
"703" 2021 366058 453.91192
"704" 2021 378305 533.41005
"705" 2021 400512 622.79616
"706" 2021 410569 695.914455
"707" 2021 405412 739.8769
"708" 2021 413861 798.75173
"709" 2021 401958 860.19012
"710" 2021 381781 933.454545
"711" 2021 413597 1091.89608
"712" 2021 357216 1001.99088
"713" 2021 350440 1035.5502
"714" 2021 348506 1111.73414
"715" 2021 347451 1249.086345
"716" 2021 356604 1397.88768
"717" 2021 365204 1552.117
"718" 2021 365171 1632.31437
"719" 2021 363228 1692.64248
"720" 2021 344723 1725.338615
"721" 2021 368317 1976.020705
"722" 2021 362854 2097.29612
"723" 2021 367622 2317.85671
"724" 2021 372057 2459.29677
"725" 2021 364789 2464.149695
"726" 2021 357510 2536.53345
"727" 2021 352304 2756.7788
"728" 2021 347427 2986.135065
"729" 2021 335052 3023.8443
"730" 2021 316838 3070.16022
"731" 2021 325464 3458.055
"732" 2021 315908 3587.13534
"733" 2021 296709 3674.740965
"734" 2021 283456 3907.44096
"735" 2021 274583 4170.91577
"736" 2021 275183 4489.610645
"737" 2021 229401 4079.896785
"738" 2021 209764 4272.89268
"739" 2021 181576 4126.3146
"740" 2021 157138 3839.66703
"741" 2021 124470 3377.49345
"742" 2021 109223 3331.3015
"743" 2021 124620 4195.9554
"744" 2021 123333 4655.82075
"745" 2021 117476 5025.0359
"746" 2021 113841 5450.70708
"747" 2021 108725 5858.103
"748" 2021 98729 5979.02824
"749" 2021 87027 5910.438705
"750" 2021 80212 6162.2869
"751" 2021 70730 5987.2945
"752" 2021 64652 6021.36402
"753" 2021 56798 5820.37505
"754" 2021 49562 5630.2432
"755" 2021 44468 5596.96482
"756" 2021 40268.97 5520.875787
"757" 2021 34388.52 5166.5312448
"758" 2021 28451.37 4760.4832284
"759" 2021 22782.48 4101.985524
"760" 2021 17833.64 3467.2162888
"761" 2021 14010.83 3004.7626018
"762" 2021 9769.11 2264.7727713
"763" 2021 7023.65 1757.6684125
"764" 2021 4758.56 1281.5277936
"765" 2021 3527.11 1019.0526212
"766" 2021 2425.95 749.5457715
"767" 2021 1407.25 463.4496425
"768" 2021 807.08 282.3609734
"769" 2021 478.39 177.195656
"770" 2021 293.36 114.6494884
"771" 2021 145.91 59.95952585
"772" 2021 79.38 34.1818218
"773" 2021 41.69 18.74820145
"774" 2021 20.75 9.7128675
"775" 2021 9.2 4.46798
"776" 2021 3.25 2.42809125
"777" 2021 1.11 1.11
