"year" "population" "expected"
"1" 2015 199275 791.12175
"2" 2015 197591 45.44593
"3" 2015 237780 41.6115
"4" 2015 201100 28.154
"5" 2015 169380 22.0194
"6" 2015 195576 21.51336
"7" 2015 199553 17.95977
"8" 2015 206252 20.6252
"9" 2015 207012 19.66614
"10" 2015 208419 20.8419
"11" 2015 218606 22.95363
"12" 2015 227519 21.614305
"13" 2015 246372 27.10092
"14" 2015 256965 38.54475
"15" 2015 305900 59.6505
"16" 2015 282694 66.43309
"17" 2015 267134 80.1402
"18" 2015 322664 138.74552
"19" 2015 321678 156.01383
"20" 2015 323631 153.724725
"21" 2015 321370 147.8302
"22" 2015 324902 146.2059
"23" 2015 318462 148.08483
"24" 2015 316596 142.4682
"25" 2015 332553 147.986085
"26" 2015 308168 129.43056
"27" 2015 338519 147.255765
"28" 2015 307113 150.48537
"29" 2015 300357 153.18207
"30" 2015 339080 179.7124
"31" 2015 366438 221.69499
"32" 2015 378990 259.60815
"33" 2015 401126 314.88391
"34" 2015 411805 347.975225
"35" 2015 407133 329.77773
"36" 2015 415991 378.55181
"37" 2015 404546 432.86422
"38" 2015 385104 452.4972
"39" 2015 417643 561.729835
"40" 2015 360943 563.07108
"41" 2015 354656 583.40912
"42" 2015 353348 628.95944
"43" 2015 352555 696.296125
"44" 2015 362460 770.2275
"45" 2015 371639 873.35165
"46" 2015 372238 962.23523
"47" 2015 370855 1049.51965
"48" 2015 352494 1090.96893
"49" 2015 377344 1299.95008
"50" 2015 372173 1373.31837
"51" 2015 377751 1495.89396
"52" 2015 382915 1600.5847
"53" 2015 376283 1646.238125
"54" 2015 369769 1778.58889
"55" 2015 365434 1819.86132
"56" 2015 361224 1912.68108
"57" 2015 349083 2045.62638
"58" 2015 330790 2092.24675
"59" 2015 340908 2309.6517
"60" 2015 331830 2360.97045
"61" 2015 313006 2309.98428
"62" 2015 299950 2345.609
"63" 2015 292388 2499.9174
"64" 2015 294743 2777.952775
"65" 2015 247287 2476.579305
"66" 2015 228183 2394.780585
"67" 2015 199584 2297.21184
"68" 2015 173972 2185.08832
"69" 2015 139862 1898.62665
"70" 2015 124280 1916.3976
"71" 2015 143470 2391.6449
"72" 2015 143945 2617.639825
"73" 2015 139162 2760.27827
"74" 2015 137755 3099.4875
"75" 2015 134359 3470.49297
"76" 2015 124988 3436.54506
"77" 2015 113837 3410.55652
"78" 2015 108401 3632.51751
"79" 2015 98800 3715.374
"80" 2015 94364 3959.04162
"81" 2015 87134 4142.78603
"82" 2015 79764 4360.29906
"83" 2015 75667 4617.20034
"84" 2015 72842.63 5008.29502565
"85" 2015 66528.64 5129.358144
"86" 2015 59146.14 5065.2754296
"87" 2015 51333.43 4928.26594715
"88" 2015 43811.15 4602.58036325
"89" 2015 37700.63 4476.38430305
"90" 2015 29408.94 3949.0324632
"91" 2015 23665.27 3421.5247366
"92" 2015 17846.07 2779.8823239
"93" 2015 14776.85 2547.824477
"94" 2015 11510.14 2199.9330582
"95" 2015 7843.75 1630.1665625
"96" 2015 5335.27 1200.62248445
"97" 2015 3837.62 936.3217157
"98" 2015 2851.9 751.7465805
"99" 2015 1754.66 497.884775
"100" 2015 1210.37 368.33374655
"101" 2015 820.75 266.85455125
"102" 2015 521.44 180.444312
"103" 2015 313.61 115.06194095
"104" 2015 172.34 66.7843351
"105" 2015 95.19 38.81419845
"106" 2015 53.11 22.70266615
"107" 2015 27.31 12.1944612
"108" 2015 14.09 6.5491729
"109" 2015 6.73 3.2454752
"110" 2015 2.58 1.9230417
"111" 2015 0.64 0.64
"112" 2016 201523 800.04631
"113" 2016 214239 49.27497
"114" 2016 197973 34.645275
"115" 2016 237636 33.26904
"116" 2016 201084 26.14092
"117" 2016 169399 18.63389
"118" 2016 195526 17.59734
"119" 2016 199430 19.943
"120" 2016 206148 19.58406
"121" 2016 207015 20.7015
"122" 2016 208448 21.88704
"123" 2016 218658 20.77251
"124" 2016 227460 25.0206
"125" 2016 246278 36.9417
"126" 2016 256963 50.107785
"127" 2016 305984 71.90624
"128" 2016 282667 84.8001
"129" 2016 266926 114.77818
"130" 2016 322617 156.469245
"131" 2016 321641 152.779475
"132" 2016 323431 148.77826
"133" 2016 321098 144.4941
"134" 2016 324667 150.970155
"135" 2016 318337 143.25165
"136" 2016 316430 140.81135
"137" 2016 332348 139.58616
"138" 2016 308011 133.984785
"139" 2016 338449 165.84001
"140" 2016 307124 156.63324
"141" 2016 300495 159.26235
"142" 2016 339255 205.249275
"143" 2016 366562 251.09497
"144" 2016 379126 297.61391
"145" 2016 401172 338.99034
"146" 2016 411809 333.56529
"147" 2016 406966 370.33906
"148" 2016 415773 444.87711
"149" 2016 404535 475.328625
"150" 2016 384667 517.377115
"151" 2016 417133 650.72748
"152" 2016 360544 593.09488
"153" 2016 354190 630.4582
"154" 2016 352741 696.663475
"155" 2016 351872 747.728
"156" 2016 361685 849.95975
"157" 2016 370720 958.3112
"158" 2016 371195 1050.48185
"159" 2016 369814 1144.57433
"160" 2016 351410 1210.60745
"161" 2016 375985 1387.38465
"162" 2016 370822 1468.45512
"163" 2016 376358 1573.17644
"164" 2016 381378 1668.52875
"165" 2016 374686 1802.23966
"166" 2016 368073 1833.00354
"167" 2016 363637 1925.457915
"168" 2016 359182 2104.80652
"169" 2016 347045 2195.059625
"170" 2016 328805 2227.653875
"171" 2016 338677 2409.686855
"172" 2016 329551 2432.08638
"173" 2016 310775 2430.2605
"174" 2016 297535 2543.92425
"175" 2016 289728 2730.6864
"176" 2016 292084 2925.22126
"177" 2016 244977 2571.033615
"178" 2016 225649 2597.21999
"179" 2016 197067 2475.16152
"180" 2016 171575 2329.130625
"181" 2016 137746 2124.04332
"182" 2016 122225 2037.49075
"183" 2016 140802 2560.48437
"184" 2016 141040 2797.5284
"185" 2016 136109 3062.4525
"186" 2016 134324 3469.58892
"187" 2016 130664 3592.60668
"188" 2016 121156 3629.83376
"189" 2016 109793 3679.16343
"190" 2016 104238 3919.86999
"191" 2016 94708 3973.47414
"192" 2016 89865 4272.631425
"193" 2016 82520 4510.9558
"194" 2016 75089 4581.93078
"195" 2016 70654 4857.81577
"196" 2016 67510.34 5205.047214
"197" 2016 61116.91 5234.0521724
"198" 2016 53848.53 5169.72812265
"199" 2016 46234.46 4857.1611953
"200" 2016 39050.14 4636.6183729
"201" 2016 33188.05 4456.491354
"202" 2016 25440 3678.1152
"203" 2016 20202.94 3147.0119638
"204" 2016 14992.48 2585.0034016
"205" 2016 12196.09 2331.0386817
"206" 2016 9364.62 1946.2489746
"207" 2016 6231.28 1402.2560948
"208" 2016 4136.68 1009.2878698
"209" 2016 2910.12 767.0930814
"210" 2016 2135.47 605.9396125
"211" 2016 1300.02 395.6155863
"212" 2016 850.64 276.5728364
"213" 2016 534.9 185.102145
"214" 2016 326.41 119.75819695
"215" 2016 187.83 72.78694245
"216" 2016 98.7 40.2454185
"217" 2016 52.21 22.31794765
"218" 2016 27.44 12.2525088
"219" 2016 13.04 6.0611224
"220" 2016 6.06 2.9223744
"221" 2016 2.37 1.76651505
"222" 2016 0.33 0.33
"223" 2017 196873 781.58581
"224" 2017 216007 49.68161
"225" 2017 214590 37.55325
"226" 2017 197963 27.71482
"227" 2017 237630 30.8919
"228" 2017 201142 22.12562
"229" 2017 169367 15.24303
"230" 2017 195401 19.5401
"231" 2017 199267 18.930365
"232" 2017 206089 20.6089
"233" 2017 206976 21.73248
"234" 2017 208344 19.79268
"235" 2017 218583 24.04413
"236" 2017 227389 34.10835
"237" 2017 246260 48.0207
"238" 2017 257011 60.397585
"239" 2017 305886 91.7658
"240" 2017 282424 121.44232
"241" 2017 266868 129.43098
"242" 2017 322587 153.228825
"243" 2017 321441 147.86286
"244" 2017 323185 145.43325
"245" 2017 320908 149.22222
"246" 2017 324507 146.02815
"247" 2017 318108 141.55806
"248" 2017 316230 132.8166
"249" 2017 332156 144.48786
"250" 2017 307919 150.88031
"251" 2017 338460 172.6146
"252" 2017 307272 162.85416
"253" 2017 300731 181.942255
"254" 2017 339442 232.51777
"255" 2017 366816 287.95056
"256" 2017 379219 320.440055
"257" 2017 401359 325.10079
"258" 2017 411784 374.72344
"259" 2017 406818 435.29526
"260" 2017 415896 488.6778
"261" 2017 404324 543.81578
"262" 2017 384350 599.586
"263" 2017 416672 685.42544
"264" 2017 360097 640.97266
"265" 2017 353646 698.45085
"266" 2017 352128 748.272
"267" 2017 351210 825.3435
"268" 2017 360912 932.95752
"269" 2017 369817 1046.58211
"270" 2017 370276 1146.00422
"271" 2017 368754 1270.35753
"272" 2017 350238 1292.37822
"273" 2017 374649 1483.61004
"274" 2017 369368 1543.95824
"275" 2017 374825 1639.859375
"276" 2017 379775 1826.71775
"277" 2017 373031 1857.69438
"278" 2017 366236 1939.21962
"279" 2017 361796 2120.12456
"280" 2017 357104 2258.6828
"281" 2017 344853 2336.379075
"282" 2017 326668 2324.24282
"283" 2017 336465 2483.1117
"284" 2017 327186 2558.59452
"285" 2017 308212 2635.2126
"286" 2017 295064 2780.9782
"287" 2017 287147 2875.777205
"288" 2017 289366 3036.89617
"289" 2017 242369 2789.66719
"290" 2017 222904 2799.67424
"291" 2017 194477 2640.025275
"292" 2017 169105 2607.5991
"293" 2017 135414 2257.35138
"294" 2017 120056 2183.21836
"295" 2017 137966 2736.55561
"296" 2017 137762 3099.645
"297" 2017 132789 3429.93987
"298" 2017 130681 3593.074095
"299" 2017 126643 3794.22428
"300" 2017 117002 3920.73702
"301" 2017 105628 3972.14094
"302" 2017 99840 4188.7872
"303" 2017 90094 4283.51923
"304" 2017 85040 4648.7116
"305" 2017 77431 4724.83962
"306" 2017 69977 4811.268635
"307" 2017 65175 5024.9925
"308" 2017 61773.9 5290.316796
"309" 2017 55467.76 5325.1822988
"310" 2017 48368.88 5081.3926884
"311" 2017 41002.02 4868.3748447
"312" 2017 34145.86 4585.1060808
"313" 2017 28647.54 4141.8613332
"314" 2017 21645.83 3371.7709391
"315" 2017 16833.88 2902.4975896
"316" 2017 12287.82 2348.5710366
"317" 2017 9843.53 2045.7808399
"318" 2017 7331.58 1649.8621053
"319" 2017 4797.95 1170.62783075
"320" 2017 3139.23 827.48533185
"321" 2017 2133.39 605.3494125
"322" 2017 1539.33 468.44120895
"323" 2017 890 289.37015
"324" 2017 553.36 191.490228
"325" 2017 335.13 122.95752135
"326" 2017 196.5 76.1466975
"327" 2017 108.18 44.1109359
"328" 2017 54.34 23.2284481
"329" 2017 27.58 12.3150216
"330" 2017 13.51 6.2795831
"331" 2017 5.71 2.7535904
"332" 2017 2.16 1.6099884
"333" 2017 0.36 0.36
"334" 2018 183442 728.26474
"335" 2018 210181 48.34163
"336" 2018 216300 37.8525
"337" 2018 214516 30.03224
"338" 2018 197960 25.7348
"339" 2018 237687 26.14557
"340" 2018 201057 18.09513
"341" 2018 169223 16.9223
"342" 2018 195282 18.55179
"343" 2018 199183 19.9183
"344" 2018 206073 21.637665
"345" 2018 206875 19.653125
"346" 2018 208263 22.90893
"347" 2018 218477 32.77155
"348" 2018 227354 44.33403
"349" 2018 246270 57.87345
"350" 2018 256917 77.0751
"351" 2018 305602 131.40886
"352" 2018 282430 136.97855
"353" 2018 266853 126.755175
"354" 2018 322388 148.29848
"355" 2018 321177 144.52965
"356" 2018 322978 150.18477
"357" 2018 320704 144.3168
"358" 2018 324297 144.312165
"359" 2018 317902 133.51884
"360" 2018 315980 137.4513
"361" 2018 331978 162.66922
"362" 2018 307932 157.04532
"363" 2018 338418 179.36154
"364" 2018 307354 185.94917
"365" 2018 300784 206.03704
"366" 2018 339409 266.436065
"367" 2018 366739 309.894455
"368" 2018 379149 307.11069
"369" 2018 401378 365.25398
"370" 2018 411575 440.38525
"371" 2018 406846 478.04405
"372" 2018 415688 559.10036
"373" 2018 404052 630.32112
"374" 2018 383923 631.553335
"375" 2018 416222 740.87516
"376" 2018 359566 710.14285
"377" 2018 353036 750.2015
"378" 2018 351344 825.6584
"379" 2018 350463 905.946855
"380" 2018 359979 1018.74057
"381" 2018 368893 1141.723835
"382" 2018 369178 1271.81821
"383" 2018 367629 1356.55101
"384" 2018 349016 1382.10336
"385" 2018 373296 1560.37728
"386" 2018 368010 1610.04375
"387" 2018 373296 1795.55376
"388" 2018 378033 1882.60434
"389" 2018 371201 1965.509295
"390" 2018 364325 2134.9445
"391" 2018 359658 2274.83685
"392" 2018 355037 2405.375675
"393" 2018 342631 2437.819565
"394" 2018 324543 2395.12734
"395" 2018 334233 2613.70206
"396" 2018 324775 2776.82625
"397" 2018 305710 2881.31675
"398" 2018 292544 2929.82816
"399" 2018 284508 2985.91146
"400" 2018 286374 3296.16474
"401" 2018 239545 3008.6852
"402" 2018 220124 2988.1833
"403" 2018 191605 2954.5491
"404" 2018 166464 2774.95488
"405" 2018 132907 2416.913795
"406" 2018 117648 2333.54808
"407" 2018 135026 3038.085
"408" 2018 134433 3472.40439
"409" 2018 129230 3553.17885
"410" 2018 126792 3798.68832
"411" 2018 122428 4102.56228
"412" 2018 112701 4238.121105
"413" 2018 101239 4247.482245
"414" 2018 95178 4525.23801
"415" 2018 85506 4674.18549
"416" 2018 80145 4890.4479
"417" 2018 72456 4981.71228
"418" 2018 64947 5007.4137
"419" 2018 60099 5146.87836
"420" 2018 56217.89 5397.19852945
"421" 2018 50041.27 5257.08561985
"422" 2018 43073.46 5114.3272731
"423" 2018 35924.19 4823.9002332
"424" 2018 29446.05 4257.309909
"425" 2018 24330.85 3790.0165045
"426" 2018 18090.65 3119.189873
"427" 2018 13801.08 2637.8004204
"428" 2018 9866.77 2050.6108091
"429" 2018 7747.15 1743.37990025
"430" 2018 5677.41 1385.20287885
"431" 2018 3619.18 953.9977521
"432" 2018 2313.18 656.364825
"433" 2018 1559.33 474.52750895
"434" 2018 1081.52 351.6400052
"435" 2018 589.46 203.982633
"436" 2018 355.65 130.48620675
"437" 2018 208.91 80.95575865
"438" 2018 118.66 48.3842083
"439" 2018 63.16 26.9986894
"440" 2018 30.46 13.6009992
"441" 2018 14.89 6.9210209
"442" 2018 6.74 3.2502976
"443" 2018 2.34 1.7441541
"444" 2018 0.66 0.66
"445" 2019 170572 677.17084
"446" 2019 197260 45.3698
"447" 2019 210485 36.834875
"448" 2019 216231 30.27234
"449" 2019 214431 27.87603
"450" 2019 197941 21.77351
"451" 2019 237529 21.37761
"452" 2019 200824 20.0824
"453" 2019 169089 16.063455
"454" 2019 195197 19.5197
"455" 2019 199125 20.908125
"456" 2019 206028 19.57266
"457" 2019 206825 22.75075
"458" 2019 208215 31.23225
"459" 2019 218475 42.602625
"460" 2019 227396 53.43806
"461" 2019 246180 73.854
"462" 2019 256717 110.38831
"463" 2019 305561 148.197085
"464" 2019 282411 134.145225
"465" 2019 266753 122.70638
"466" 2019 322175 144.97875
"467" 2019 320937 149.235705
"468" 2019 322767 145.24515
"469" 2019 320477 142.612265
"470" 2019 324083 136.11486
"471" 2019 317688 138.19428
"472" 2019 315859 154.77091
"473" 2019 331898 169.26798
"474" 2019 307863 163.16739
"475" 2019 338421 204.744705
"476" 2019 307404 210.57174
"477" 2019 300863 236.177455
"478" 2019 339483 286.863135
"479" 2019 366767 297.08127
"480" 2019 379058 344.94278
"481" 2019 401276 429.36532
"482" 2019 411600 483.63
"483" 2019 406694 547.00343
"484" 2019 415274 647.82744
"485" 2019 403648 664.00096
"486" 2019 383391 682.43598
"487" 2019 415622 820.85345
"488" 2019 358970 762.81125
"489" 2019 352417 828.17995
"490" 2019 350600 906.301
"491" 2019 349664 989.54912
"492" 2019 359081 1111.355695
"493" 2019 367831 1267.177795
"494" 2019 368074 1358.19306
"495" 2019 366461 1451.18556
"496" 2019 347785 1453.7413
"497" 2019 371843 1626.813125
"498" 2019 366491 1762.82171
"499" 2019 371614 1850.63772
"500" 2019 376257 1992.280815
"501" 2019 369355 2164.4203
"502" 2019 362390 2292.11675
"503" 2019 357568 2422.5232
"504" 2019 352721 2509.609915
"505" 2019 340459 2512.58742
"506" 2019 322227 2519.81514
"507" 2019 331739 2836.36845
"508" 2019 322268 3037.3759
"509" 2019 303107 3035.616605
"510" 2019 290064 3044.22168
"511" 2019 281714 3242.52814
"512" 2019 283146 3556.31376
"513" 2019 236524 3210.8133
"514" 2019 217128 3348.11376
"515" 2019 188624 3144.36208
"516" 2019 163682 2976.55717
"517" 2019 130361 2585.710435
"518" 2019 115094 2589.615
"519" 2019 131793 3404.21319
"520" 2019 130980 3601.2951
"521" 2019 125531 3760.90876
"522" 2019 122657 4110.23607
"523" 2019 118131 4442.316255
"524" 2019 108186 4538.94363
"525" 2019 96615 4593.560175
"526" 2019 90310 4936.79615
"527" 2019 80748 4927.24296
"528" 2019 75140 5166.2507
"529" 2019 67241 5184.2811
"530" 2019 59830 5123.8412
"531" 2019 54914 5272.01857
"532" 2019 50715.01 5327.86537555
"533" 2019 44611.41 5296.93576635
"534" 2019 38002.77 5103.0119556
"535" 2019 31228.72 4515.0483376
"536" 2019 25271.32 3936.5135164
"537" 2019 20572.52 3547.1138984
"538" 2019 15015.97 2870.0023461
"539" 2019 11225.2 2332.933316
"540" 2019 7823.58 1760.5793253
"541" 2019 6024.25 1469.82663625
"542" 2019 4326.97 1140.56765715
"543" 2019 2680.65 760.6344375
"544" 2019 1678.68 510.8475042
"545" 2019 1091.22 354.7938147
"546" 2019 710.83 245.9827215
"547" 2019 374.05 137.23707475
"548" 2019 217.2 84.168258
"549" 2019 122.48 49.9418324
"550" 2019 66.51 28.43069715
"551" 2019 33.57 14.9896764
"552" 2019 15.13 7.0325753
"553" 2019 6.92 3.3371008
"554" 2019 2.57 1.91558805
"555" 2019 0.3 0.3
"556" 2020 168211 667.79767
"557" 2020 183215 42.13945
"558" 2020 197667 34.591725
"559" 2020 210503 29.47042
"560" 2020 216205 28.10665
"561" 2020 214439 23.58829
"562" 2020 197799 17.80191
"563" 2020 237288 23.7288
"564" 2020 200725 19.068875
"565" 2020 169071 16.9071
"566" 2020 195206 20.49663
"567" 2020 199082 18.91279
"568" 2020 205973 22.65703
"569" 2020 206751 31.01265
"570" 2020 208216 40.60212
"571" 2020 218524 51.35314
"572" 2020 227337 68.2011
"573" 2020 245995 105.77785
"574" 2020 256704 124.50144
"575" 2020 305581 145.150975
"576" 2020 282248 129.83408
"577" 2020 266558 119.9511
"578" 2020 321943 149.703495
"579" 2020 320796 144.3582
"580" 2020 322560 143.5392
"581" 2020 320321 134.53482
"582" 2020 323947 140.916945
"583" 2020 317568 155.60832
"584" 2020 315747 161.03097
"585" 2020 331871 175.89163
"586" 2020 307848 186.24804
"587" 2020 338438 231.83003
"588" 2020 307431 241.333335
"589" 2020 300904 254.26388
"590" 2020 339511 275.00391
"591" 2020 366742 333.73522
"592" 2020 379001 405.53107
"593" 2020 401287 471.512225
"594" 2020 411523 553.498435
"595" 2020 406392 633.97152
"596" 2020 414901 682.512145
"597" 2020 403132 717.57496
"598" 2020 382931 756.288725
"599" 2020 414904 881.671
"600" 2020 358420 842.287
"601" 2020 351659 909.038515
"602" 2020 349872 990.13776
"603" 2020 348823 1079.607185
"604" 2020 358213 1234.043785
"605" 2020 366761 1353.34809
"606" 2020 366966 1453.18536
"607" 2020 365147 1526.31446
"608" 2020 346620 1516.4625
"609" 2020 370467 1781.94627
"610" 2020 364946 1817.43108
"611" 2020 370010 1959.20295
"612" 2020 374547 2194.84542
"613" 2020 367434 2324.02005
"614" 2020 360320 2441.168
"615" 2020 355274 2527.77451
"616" 2020 350537 2586.96306
"617" 2020 338221 2644.88822
"618" 2020 320007 2736.05985
"619" 2020 329071 3101.494175
"620" 2020 319683 3201.625245
"621" 2020 300439 3153.107305
"622" 2020 287331 3307.17981
"623" 2020 278617 3499.42952
"624" 2020 279717 3797.158275
"625" 2020 233413 3599.22846
"626" 2020 213814 3564.27938
"627" 2020 185485 3373.044725
"628" 2020 160781 3189.091135
"629" 2020 127696 2873.16
"630" 2020 112390 2903.0337
"631" 2020 128446 3531.62277
"632" 2020 127340 3815.1064
"633" 2020 121744 4079.64144
"634" 2020 118470 4455.06435
"635" 2020 113634 4767.51447
"636" 2020 103638 4927.46871
"637" 2020 92010 5029.72665
"638" 2020 85271 5203.23642
"639" 2020 75821 5213.072855
"640" 2020 69875 5387.3625
"641" 2020 62062 5314.98968
"642" 2020 54631 5244.849155
"643" 2020 49578 5208.41679
"644" 2020 45389.27 5389.29497345
"645" 2020 39360.33 5285.3051124
"646" 2020 32907.57 4757.7764706
"647" 2020 26730.5 4163.809985
"648" 2020 21349.46 3681.0738932
"649" 2020 17063.08 3261.2664804
"650" 2020 12170.09 2529.3098047
"651" 2020 8884.96 1999.4269736
"652" 2020 6098.04 1487.8302894
"653" 2020 4624.26 1218.9318147
"654" 2020 3235.56 918.09015
"655" 2020 1958.63 596.04048845
"656" 2020 1184.76 385.2069426
"657" 2020 732.64 253.530072
"658" 2020 464.6 170.459417
"659" 2020 238.42 92.3913263
"660" 2020 134.74 54.9409087
"661" 2020 73.86 31.5725649
"662" 2020 38.83 17.3383716
"663" 2020 18.75 8.7151875
"664" 2020 7.89 3.8048736
"665" 2020 3.38 2.5193337
"666" 2020 0.81 0.81
"667" 2021 157307 624.50879
"668" 2021 177373 40.79579
"669" 2021 183276 32.0733
"670" 2021 197323 27.62522
"671" 2021 210023 27.30299
"672" 2021 215813 23.73943
"673" 2021 213958 19.25622
"674" 2021 197348 19.7348
"675" 2021 236734 22.48973
"676" 2021 200333 20.0333
"677" 2021 168677 17.711085
"678" 2021 194799 18.505905
"679" 2021 198612 21.84732
"680" 2021 205500 30.825
"681" 2021 206320 40.2324
"682" 2021 207797 48.832295
"683" 2021 218036 65.4108
"684" 2021 226738 97.49734
"685" 2021 245495 119.065075
"686" 2021 256360 121.771
"687" 2021 305090 140.3414
"688" 2021 281779 126.80055
"689" 2021 266146 123.75789
"690" 2021 321515 144.68175
"691" 2021 320353 142.557085
"692" 2021 322040 135.2568
"693" 2021 319760 139.0956
"694" 2021 323461 158.49589
"695" 2021 317121 161.73171
"696" 2021 315231 167.07243
"697" 2021 331325 200.451625
"698" 2021 307405 210.572425
"699" 2021 337865 265.224025
"700" 2021 306949 259.371905
"701" 2021 300399 243.32319
"702" 2021 338830 308.3353
"703" 2021 366058 391.68206
"704" 2021 378305 444.508375
"705" 2021 400512 538.68864
"706" 2021 410569 640.48764
"707" 2021 405412 666.90274
"708" 2021 413861 736.67258
"709" 2021 401958 793.86705
"710" 2021 381781 811.284625
"711" 2021 413597 971.95295
"712" 2021 357216 923.40336
"713" 2021 350440 991.7452
"714" 2021 348506 1078.62607
"715" 2021 347451 1196.968695
"716" 2021 356604 1315.86876
"717" 2021 365204 1446.20784
"718" 2021 365171 1526.41478
"719" 2021 363228 1589.1225
"720" 2021 344723 1658.11763
"721" 2021 368317 1834.21866
"722" 2021 362854 1921.31193
"723" 2021 367622 2154.26492
"724" 2021 372057 2353.260525
"725" 2021 364789 2471.445475
"726" 2021 357510 2543.68365
"727" 2021 352304 2600.00352
"728" 2021 347427 2716.87914
"729" 2021 335052 2864.6946
"730" 2021 316838 2986.19815
"731" 2021 325464 3259.52196
"732" 2021 315908 3315.45446
"733" 2021 296709 3415.12059
"734" 2021 283456 3560.20736
"735" 2021 274583 3727.464225
"736" 2021 275183 4243.32186
"737" 2021 229401 3824.11467
"738" 2021 209764 3814.55834
"739" 2021 181576 3601.55996
"740" 2021 157138 3535.605
"741" 2021 124470 3215.0601
"742" 2021 109223 3003.086385
"743" 2021 124620 3733.6152
"744" 2021 123333 4132.88883
"745" 2021 117476 4417.68498
"746" 2021 113841 4776.199155
"747" 2021 108725 5169.330125
"748" 2021 98729 5397.020785
"749" 2021 87027 5310.38754
"750" 2021 80212 5514.97606
"751" 2021 70730 5453.283
"752" 2021 64652 5536.79728
"753" 2021 56798 5452.89199
"754" 2021 49562 5206.73591
"755" 2021 44468 5279.90798
"756" 2021 40268.97 5407.3172916
"757" 2021 34388.52 4971.8922216
"758" 2021 28451.37 4431.8699049
"759" 2021 22782.48 3928.1552016
"760" 2021 17833.64 3408.5436132
"761" 2021 14010.83 2911.8707989
"762" 2021 9769.11 2198.39166885
"763" 2021 7023.65 1713.66524525
"764" 2021 4758.56 1254.3326232
"765" 2021 3527.11 1000.8174625
"766" 2021 2425.95 738.25297425
"767" 2021 1407.25 457.54622875
"768" 2021 807.08 279.290034
"769" 2021 478.39 175.51889905
"770" 2021 293.36 113.6814004
"771" 2021 145.91 59.49553205
"772" 2021 79.38 33.9321717
"773" 2021 41.69 18.6154188
"774" 2021 20.75 9.6448075
"775" 2021 9.2 4.436608
"776" 2021 3.25 2.42243625
"777" 2021 1.11 1.11
