"year" "population" "expected"
"1" 2015 419823 1125.12564
"2" 2015 438726 83.35794
"3" 2015 487934 68.31076
"4" 2015 474783 52.22613
"5" 2015 472507 49.613235
"6" 2015 447313 46.967865
"7" 2015 468102 35.10765
"8" 2015 495224 27.23732
"9" 2015 449137 26.94822
"10" 2015 435763 23.966965
"11" 2015 473601 23.68005
"12" 2015 493067 32.049355
"13" 2015 494435 49.4435
"14" 2015 558936 64.27764
"15" 2015 638534 86.20209
"16" 2015 619017 111.42306
"17" 2015 638766 134.14086
"18" 2015 670072 164.16764
"19" 2015 683691 177.75966
"20" 2015 705892 201.17922
"21" 2015 711196 224.02674
"22" 2015 707222 229.84715
"23" 2015 721777 252.62195
"24" 2015 698906 251.60616
"25" 2015 636490 229.1364
"26" 2015 627576 251.0304
"27" 2015 622231 270.670485
"28" 2015 613977 264.01011
"29" 2015 623922 265.16685
"30" 2015 648983 295.287265
"31" 2015 658049 312.573275
"32" 2015 744341 398.222435
"33" 2015 817979 511.236875
"34" 2015 836072 539.26644
"35" 2015 832746 566.26728
"36" 2015 823136 596.7736
"37" 2015 718053 527.768955
"38" 2015 774836 608.24626
"39" 2015 757930 644.2405
"40" 2015 785306 722.48152
"41" 2015 852835 857.099175
"42" 2015 887616 936.43488
"43" 2015 888508 972.91626
"44" 2015 935886 1113.70434
"45" 2015 910805 1225.032725
"46" 2015 916561 1393.17272
"47" 2015 918800 1497.644
"48" 2015 854393 1508.003645
"49" 2015 809416 1570.26704
"50" 2015 844370 1777.39885
"51" 2015 825886 1887.14951
"52" 2015 785544 1971.71544
"53" 2015 873138 2405.49519
"54" 2015 907108 2644.21982
"55" 2015 915340 2746.02
"56" 2015 845543 2828.341335
"57" 2015 772175 2802.99525
"58" 2015 765493 2977.76777
"59" 2015 691225 2979.17975
"60" 2015 715613 3205.94624
"61" 2015 609074 2850.46632
"62" 2015 525623 2683.305415
"63" 2015 580811 3252.5416
"64" 2015 423733 2574.177975
"65" 2015 451307 2926.725895
"66" 2015 456578 3207.46045
"67" 2015 453247 3585.18377
"68" 2015 456941 3984.52552
"69" 2015 363629 3503.565415
"70" 2015 324528 3439.9968
"71" 2015 346567 3997.650345
"72" 2015 348338 4563.2278
"73" 2015 428450 6101.128
"74" 2015 351136 5690.15888
"75" 2015 309284 5772.78586
"76" 2015 317141 6731.317725
"77" 2015 284185 6990.951
"78" 2015 261108 7166.10906
"79" 2015 242575 7654.454125
"80" 2015 228891 8265.25401
"81" 2015 200306 8149.44961
"82" 2015 168847 7891.064545
"83" 2015 153283 8123.232585
"84" 2015 124162 7500.62642
"85" 2015 110633.99 7555.1951771
"86" 2015 98678.17 7552.8271318
"87" 2015 83739.4 7271.929496
"88" 2015 68835.7 6690.141683
"89" 2015 54545 5968.586625
"90" 2015 43083.95 5317.63652875
"91" 2015 34760.66 4743.9610735
"92" 2015 30725.36 4551.0403232
"93" 2015 25143.49 4037.7930591
"94" 2015 17127.71 3034.60201925
"95" 2015 11897.73 2362.0563369
"96" 2015 8357.93 1846.7682128
"97" 2015 5754.16 1394.4343636
"98" 2015 4156.16 1099.9900864
"99" 2015 2927.89 842.54426585
"100" 2015 1817.31 565.93759365
"101" 2015 1130.33 379.0787721
"102" 2015 720.83 259.0518854
"103" 2015 424.07 162.4993833
"104" 2015 236.96 96.3337184
"105" 2015 126.32 54.2171756
"106" 2015 68.1 30.7120785
"107" 2015 36.01 16.98609705
"108" 2015 16.92 8.3116116
"109" 2015 7.28 3.7089416
"110" 2015 3.08 2.3381204
"111" 2015 0.9 0.9
"112" 2016 424542 1137.77256
"113" 2016 437935 83.20765
"114" 2016 439860 61.5804
"115" 2016 488547 53.74017
"116" 2016 475292 49.90566
"117" 2016 472816 49.64568
"118" 2016 447539 33.565425
"119" 2016 468193 25.750615
"120" 2016 495348 29.72088
"121" 2016 449186 24.70523
"122" 2016 435768 21.7884
"123" 2016 473556 30.78114
"124" 2016 493078 49.3078
"125" 2016 494339 56.848985
"126" 2016 558824 75.44124
"127" 2016 638404 114.91272
"128" 2016 618830 129.9543
"129" 2016 638429 156.415105
"130" 2016 669621 174.10146
"131" 2016 683310 194.74335
"132" 2016 705384 222.19596
"133" 2016 710858 231.02885
"134" 2016 706885 247.40975
"135" 2016 721508 259.74288
"136" 2016 698654 251.51544
"137" 2016 636434 254.5736
"138" 2016 627526 272.97381
"139" 2016 622167 267.53181
"140" 2016 613890 260.90325
"141" 2016 623772 283.81626
"142" 2016 648879 308.217525
"143" 2016 657925 351.989875
"144" 2016 743950 464.96875
"145" 2016 817528 527.30556
"146" 2016 835553 568.17604
"147" 2016 832233 603.368925
"148" 2016 822531 604.560285
"149" 2016 717423 563.177055
"150" 2016 774128 658.0088
"151" 2016 757215 696.6378
"152" 2016 784511 788.433555
"153" 2016 851943 898.799865
"154" 2016 886732 970.97154
"155" 2016 887428 1056.03932
"156" 2016 934527 1256.938815
"157" 2016 909620 1382.6224
"158" 2016 915117 1491.64071
"159" 2016 917038 1618.57207
"160" 2016 852774 1654.38156
"161" 2016 807747 1700.307435
"162" 2016 842437 1924.968545
"163" 2016 824062 2068.39562
"164" 2016 783739 2159.200945
"165" 2016 870889 2538.641435
"166" 2016 904338 2713.014
"167" 2016 912328 3051.73716
"168" 2016 842655 3058.83765
"169" 2016 769306 2992.60034
"170" 2016 762483 3286.30173
"171" 2016 688265 3083.4272
"172" 2016 712572 3334.83696
"173" 2016 605990 3093.57895
"174" 2016 522745 2927.372
"175" 2016 577434 3507.91155
"176" 2016 420988 2730.10718
"177" 2016 448392 3149.9538
"178" 2016 453313 3585.70583
"179" 2016 449648 3920.93056
"180" 2016 452780 4362.5353
"181" 2016 359902 3814.9612
"182" 2016 320780 3700.1973
"183" 2016 341997 4480.1607
"184" 2016 343081 4885.47344
"185" 2016 420808 6819.19364
"186" 2016 344255 6425.519575
"187" 2016 302244 6415.1289
"188" 2016 309167 7605.5082
"189" 2016 275962 7573.77709
"190" 2016 252483 7967.101065
"191" 2016 233487 8431.21557
"192" 2016 219257 8920.471045
"193" 2016 190833 8918.580255
"194" 2016 159789 8468.018055
"195" 2016 144002 8699.16082
"196" 2016 115774 7906.20646
"197" 2016 102203.74 7822.6742596
"198" 2016 90210.29 7833.8615836
"199" 2016 75655.69 7352.9765111
"200" 2016 61403.04 6719.027652
"201" 2016 48036.81 5928.94327425
"202" 2016 37339.46 5095.9028035
"203" 2016 29641.87 4390.5537844
"204" 2016 25773.93 4139.0354187
"205" 2016 20721.75 3671.37605625
"206" 2016 13838.39 2747.3355667
"207" 2016 9404.72 2078.0669312
"208" 2016 6498.39 1574.78734065
"209" 2016 4356.26 1152.9495529
"210" 2016 3071.26 883.8011339
"211" 2016 2123.36 661.2461544
"212" 2016 1248.97 418.8670689
"213" 2016 759.57 272.9742666
"214" 2016 475.3 182.130207
"215" 2016 274.33 111.5261182
"216" 2016 150.56 64.6211048
"217" 2016 78.76 35.5195786
"218" 2016 41.52 19.5851916
"219" 2016 21.68 10.6498664
"220" 2016 9.79 4.9877113
"221" 2016 3.85 2.9226505
"222" 2016 1.99 1.99
"223" 2017 393654 1054.99272
"224" 2017 441642 83.91198
"225" 2017 439103 61.47442
"226" 2017 440365 48.44015
"227" 2017 488903 51.334815
"228" 2017 475501 49.927605
"229" 2017 473013 35.475975
"230" 2017 447653 24.620915
"231" 2017 468242 28.09452
"232" 2017 495380 27.2459
"233" 2017 449222 22.4611
"234" 2017 435795 28.326675
"235" 2017 473534 47.3534
"236" 2017 492985 56.693275
"237" 2017 494218 66.71943
"238" 2017 558710 100.5678
"239" 2017 638165 134.01465
"240" 2017 618486 151.52907
"241" 2017 638001 165.88026
"242" 2017 669152 190.70832
"243" 2017 682735 215.061525
"244" 2017 705002 229.12565
"245" 2017 710493 248.67255
"246" 2017 706558 254.36088
"247" 2017 721290 259.6644
"248" 2017 698530 279.412
"249" 2017 636478 276.86793
"250" 2017 627552 269.84736
"251" 2017 622206 264.43755
"252" 2017 613982 279.36181
"253" 2017 623869 296.337775
"254" 2017 648812 347.11442
"255" 2017 657851 411.156875
"256" 2017 743667 479.665215
"257" 2017 817065 555.6042
"258" 2017 835049 605.410525
"259" 2017 831567 611.201745
"260" 2017 821868 645.16638
"261" 2017 716871 609.34035
"262" 2017 773430 711.5556
"263" 2017 756432 760.21416
"264" 2017 783776 826.88368
"265" 2017 851066 931.91727
"266" 2017 885708 1053.99252
"267" 2017 886292 1192.06274
"268" 2017 933189 1418.44728
"269" 2017 908320 1480.5616
"270" 2017 913592 1612.48988
"271" 2017 915427 1775.92838
"272" 2017 851215 1791.807575
"273" 2017 806089 1841.913365
"274" 2017 840460 2109.5546
"275" 2017 822131 2264.970905
"276" 2017 781640 2278.4806
"277" 2017 868534 2605.602
"278" 2017 901547 3015.674715
"279" 2017 909491 3301.45233
"280" 2017 839745 3266.60805
"281" 2017 766369 3303.05039
"282" 2017 759340 3401.8432
"283" 2017 685391 3207.62988
"284" 2017 709081 3619.858505
"285" 2017 602685 3375.036
"286" 2017 519913 3158.471475
"287" 2017 574066 3722.81801
"288" 2017 418368 2939.0352
"289" 2017 445503 3523.92873
"290" 2017 449701 3921.39272
"291" 2017 445728 4294.58928
"292" 2017 448327 4752.2662
"293" 2017 355874 4105.00659
"294" 2017 316629 4147.8399
"295" 2017 337139 4800.85936
"296" 2017 337603 5470.856615
"297" 2017 412885 7706.498525
"298" 2017 336823 7149.068175
"299" 2017 294862 7253.6052
"300" 2017 300627 8250.708015
"301" 2017 267168 8430.48624
"302" 2017 243402 8789.24622
"303" 2017 224080 9116.6948
"304" 2017 209088 9771.72768
"305" 2017 180900 9586.7955
"306" 2017 150442 9088.20122
"307" 2017 134605 9192.17545
"308" 2017 107132 8199.88328
"309" 2017 93658.76 8133.3267184
"310" 2017 81765.51 7946.7899169
"311" 2017 67741.3 7412.5917525
"312" 2017 54251.65 6696.00990125
"313" 2017 41699.1 5690.8846725
"314" 2017 31913.3 4726.997996
"315" 2017 24941.53 4005.3603027
"316" 2017 21348.12 3782.353161
"317" 2017 16884 3351.98052
"318" 2017 11037.77 2438.9056592
"319" 2017 7348.88 1780.8908348
"320" 2017 4964.13 1313.83146645
"321" 2017 3276.73 942.92820845
"322" 2017 2276.58 708.9611607
"323" 2017 1509.31 506.1772947
"324" 2017 854.08 306.9392704
"325" 2017 505.57 193.7293683
"326" 2017 307.83 125.1452082
"327" 2017 172.47 74.02498635
"328" 2017 91.78 41.3914033
"329" 2017 46.34 21.8588097
"330" 2017 23.32 11.4554836
"331" 2017 11.77 5.9964619
"332" 2017 4.83 3.6665979
"333" 2017 2.45 2.45
"334" 2018 345767 926.65556
"335" 2018 409768 77.85592
"336" 2018 442831 61.99634
"337" 2018 439549 48.35039
"338" 2018 440681 46.271505
"339" 2018 489093 51.354765
"340" 2018 475723 35.679225
"341" 2018 473090 26.01995
"342" 2018 447716 26.86296
"343" 2018 468328 25.75804
"344" 2018 495411 24.77055
"345" 2018 449252 29.20138
"346" 2018 435777 43.5777
"347" 2018 473445 54.446175
"348" 2018 492801 66.528135
"349" 2018 494034 88.92612
"350" 2018 558412 117.26652
"351" 2018 637721 156.241645
"352" 2018 618079 160.70054
"353" 2018 637455 181.674675
"354" 2018 668528 210.58632
"355" 2018 682292 221.7449
"356" 2018 704600 246.61
"357" 2018 710057 255.62052
"358" 2018 706363 254.29068
"359" 2018 720986 288.3944
"360" 2018 698429 303.816615
"361" 2018 636601 273.73843
"362" 2018 627485 266.681125
"363" 2018 622296 283.14468
"364" 2018 614086 291.69085
"365" 2018 623964 333.82074
"366" 2018 648789 405.493125
"367" 2018 657643 424.179735
"368" 2018 743345 505.4746
"369" 2018 816635 592.060375
"370" 2018 834447 613.318545
"371" 2018 830978 652.31773
"372" 2018 821183 698.00555
"373" 2018 716169 658.87548
"374" 2018 772639 776.502195
"375" 2018 755802 797.37111
"376" 2018 783054 857.44413
"377" 2018 849956 1011.44764
"378" 2018 884665 1189.874425
"379" 2018 885125 1345.39
"380" 2018 931878 1518.96114
"381" 2018 906773 1600.454345
"382" 2018 912177 1769.62338
"383" 2018 913900 1923.7595
"384" 2018 849592 1941.31772
"385" 2018 804313 2018.82563
"386" 2018 838577 2310.279635
"387" 2018 820172 2390.80138
"388" 2018 779840 2339.52
"389" 2018 866279 2897.703255
"390" 2018 898712 3262.32456
"391" 2018 906590 3526.6351
"392" 2018 836619 3605.82789
"393" 2018 763563 3420.76224
"394" 2018 756329 3539.61972
"395" 2018 682353 3483.412065
"396" 2018 705639 3951.5784
"397" 2018 599585 3642.478875
"398" 2018 516967 3352.530995
"399" 2018 570984 4011.1626
"400" 2018 415769 3288.73279
"401" 2018 442222 3856.17584
"402" 2018 445992 4297.13292
"403" 2018 441600 4680.96
"404" 2018 443601 5116.937535
"405" 2018 351667 4606.8377
"406" 2018 312472 4449.60128
"407" 2018 332040 5380.7082
"408" 2018 331654 6190.32191
"409" 2018 404332 8581.9467
"410" 2018 328996 8093.3016
"411" 2018 287016 7877.15412
"412" 2018 291552 9199.92336
"413" 2018 258089 9319.59379
"414" 2018 233967 9518.947395
"415" 2018 214166 10009.04801
"416" 2018 198557 10522.528215
"417" 2018 170491 10299.36131
"418" 2018 140673 9606.55917
"419" 2018 124724 9546.37496
"420" 2018 98515 8555.0426
"421" 2018 85002.61 8261.4036659
"422" 2018 73277.86 8018.4298305
"423" 2018 59905.32 7393.814121
"424" 2018 47184.46 6439.4991785
"425" 2018 35698.86 5287.7151432
"426" 2018 26917.55 4322.6893545
"427" 2018 20698.93 3667.33292275
"428" 2018 17327.14 3439.9571042
"429" 2018 13332.05 2945.849768
"430" 2018 8580.82 2079.4330147
"431" 2018 5614.39 1485.93252935
"432" 2018 3710.96 1067.8844044
"433" 2018 2366.04 736.8203466
"434" 2018 1569.43 526.3397391
"435" 2018 989.99 355.7826062
"436" 2018 539.66 206.7923154
"437" 2018 307.01 124.8118454
"438" 2018 179.12 76.8791996
"439" 2018 95.59 43.10965615
"440" 2018 48.16 22.7173128
"441" 2018 22.69 11.1460087
"442" 2018 10.25 5.2220675
"443" 2018 4.78 3.6286414
"444" 2018 1.88 1.88
"445" 2019 317677 851.37436
"446" 2019 361560 68.6964
"447" 2019 411131 57.55834
"448" 2019 443425 48.77675
"449" 2019 439948 46.19454
"450" 2019 440853 46.289565
"451" 2019 489259 36.694425
"452" 2019 475739 26.165645
"453" 2019 473132 28.38792
"454" 2019 447723 24.624765
"455" 2019 468283 23.41415
"456" 2019 495351 32.197815
"457" 2019 449187 44.9187
"458" 2019 435640 50.0986
"459" 2019 473227 63.885645
"460" 2019 492503 88.65054
"461" 2019 493638 103.66398
"462" 2019 557786 136.65757
"463" 2019 636891 165.59166
"464" 2019 617533 175.996905
"465" 2019 637006 200.65689
"466" 2019 667990 217.09675
"467" 2019 681859 238.65065
"468" 2019 704274 253.53864
"469" 2019 709852 255.54672
"470" 2019 706228 282.4912
"471" 2019 721111 313.683285
"472" 2019 698451 300.33393
"473" 2019 636791 270.636175
"474" 2019 627551 285.535705
"475" 2019 622410 295.64475
"476" 2019 614204 328.59914
"477" 2019 623904 389.94
"478" 2019 648542 418.30959
"479" 2019 657398 447.03064
"480" 2019 742951 538.639475
"481" 2019 816096 599.83056
"482" 2019 833747 654.491395
"483" 2019 830299 705.75415
"484" 2019 820295 754.6714
"485" 2019 715503 719.080515
"486" 2019 771965 814.423075
"487" 2019 755036 826.76442
"488" 2019 782147 930.75493
"489" 2019 848983 1141.882135
"490" 2019 883428 1342.81056
"491" 2019 883755 1440.52065
"492" 2019 930389 1642.136585
"493" 2019 905222 1756.13068
"494" 2019 910528 1916.66144
"495" 2019 912171 2084.310735
"496" 2019 847959 2128.37709
"497" 2019 802518 2210.93709
"498" 2019 836767 2439.175805
"499" 2019 818263 2454.789
"500" 2019 777636 2601.19242
"501" 2019 863844 3135.75372
"502" 2019 895837 3484.80593
"503" 2019 903623 3894.61513
"504" 2019 833507 3734.11136
"505" 2019 760548 3559.36464
"506" 2019 753243 3845.305515
"507" 2019 679192 3803.4752
"508" 2019 702138 4265.48835
"509" 2019 596257 3866.726645
"510" 2019 514397 3613.638925
"511" 2019 567709 4490.57819
"512" 2019 412666 3598.44752
"513" 2019 438572 4225.64122
"514" 2019 441818 4683.2708
"515" 2019 436998 5040.77193
"516" 2019 438539 5744.8609
"517" 2019 347064 4942.19136
"518" 2019 307831 4988.401355
"519" 2019 326464 6093.45056
"520" 2019 325227 6902.943075
"521" 2019 395034 9717.8364
"522" 2019 320517 8796.589065
"523" 2019 278394 8784.72267
"524" 2019 281555 10166.95105
"525" 2019 248050 10091.91425
"526" 2019 223766 10457.70401
"527" 2019 203321 10774.996395
"528" 2019 186954 11293.89114
"529" 2019 159324 10880.23596
"530" 2019 130286 9972.09044
"531" 2019 114424 9936.58016
"532" 2019 89364 8685.28716
"533" 2019 76144.97 8332.16334225
"534" 2019 64720.55 7988.13388375
"535" 2019 52022.7 7099.7979825
"536" 2019 40384.24 5981.7136288
"537" 2019 30046.63 4825.1883117
"538" 2019 22192.49 3931.95441575
"539" 2019 16703.15 3316.0763695
"540" 2019 13731.81 3034.1807376
"541" 2019 10388.8 2517.569848
"542" 2019 6523.32 1726.4944878
"543" 2019 4146.56 1193.2348384
"544" 2019 2648.89 824.90407935
"545" 2019 1627.87 545.9387619
"546" 2019 1047.37 376.4038306
"547" 2019 641.75 245.9121825
"548" 2019 339.18 137.8902372
"549" 2019 186.8 80.175494
"550" 2019 105.27 47.47519095
"551" 2019 53.78 25.3682949
"552" 2019 25.68 12.6147864
"553" 2019 11.13 5.6704011
"554" 2019 4.19 3.1807547
"555" 2019 2.23 2.23
"556" 2020 295114 790.90552
"557" 2020 330915 62.87385
"558" 2020 362808 50.79312
"559" 2020 411897 45.30867
"560" 2020 443890 46.60845
"561" 2020 440234 46.22457
"562" 2020 441047 33.078525
"563" 2020 489343 26.913865
"564" 2020 475853 28.55118
"565" 2020 473174 26.02457
"566" 2020 447785 22.38925
"567" 2020 468307 30.439955
"568" 2020 495361 49.5361
"569" 2020 449156 51.65294
"570" 2020 435560 58.8006
"571" 2020 473053 85.14954
"572" 2020 492218 103.36578
"573" 2020 493207 120.835715
"574" 2020 557253 144.88578
"575" 2020 636507 181.404495
"576" 2020 617117 194.391855
"577" 2020 636540 206.8755
"578" 2020 667567 233.64845
"579" 2020 681424 245.31264
"580" 2020 703973 253.43028
"581" 2020 709512 283.8048
"582" 2020 706080 307.1448
"583" 2020 720942 310.00506
"584" 2020 698283 296.770275
"585" 2020 636805 289.746275
"586" 2020 627510 298.06725
"587" 2020 622279 332.919265
"588" 2020 614109 383.818125
"589" 2020 623719 402.298755
"590" 2020 648259 440.81612
"591" 2020 656989 476.317025
"592" 2020 742390 545.65665
"593" 2020 815472 640.14552
"594" 2020 832968 708.0228
"595" 2020 829435 763.0802
"596" 2020 819476 823.57338
"597" 2020 714741 754.051755
"598" 2020 771029 844.276755
"599" 2020 754115 897.39685
"600" 2020 781263 1050.798735
"601" 2020 847680 1288.4736
"602" 2020 881976 1437.62088
"603" 2020 882190 1557.06535
"604" 2020 928787 1801.84678
"605" 2020 903504 1901.87592
"606" 2020 908686 2076.34751
"607" 2020 910232 2284.68232
"608" 2020 846059 2330.892545
"609" 2020 800525 2333.530375
"610" 2020 834530 2503.59
"611" 2020 816119 2729.918055
"612" 2020 775457 2814.90891
"613" 2020 861026 3349.39114
"614" 2020 892675 3847.42925
"615" 2020 900059 4032.26432
"616" 2020 830158 3885.13944
"617" 2020 757362 3866.33301
"618" 2020 749868 4199.2608
"619" 2020 675767 4105.284525
"620" 2020 698373 4528.948905
"621" 2020 593339 4168.206475
"622" 2020 511483 4045.83053
"623" 2020 563759 4915.97848
"624" 2020 409401 3944.578635
"625" 2020 434535 4606.071
"626" 2020 437407 5045.489745
"627" 2020 432116 5660.7196
"628" 2020 433040 6166.4896
"629" 2020 342182 5545.05931
"630" 2020 302823 5652.191295
"631" 2020 320512 6802.8672
"632" 2020 318390 7832.394
"633" 2020 385431 10578.153795
"634" 2020 311897 9841.909835
"635" 2020 269534 9732.87274
"636" 2020 271322 11038.73557
"637" 2020 238060 11125.7341
"638" 2020 213398 11309.02701
"639" 2020 192494 11628.56254
"640" 2020 175641 11994.52389
"641" 2020 148395 11358.1533
"642" 2020 120305 10447.2862
"643" 2020 104494 10155.77186
"644" 2020 80591 8818.670175
"645" 2020 67818.57 8370.50700225
"646" 2020 56774.32 7748.275322
"647" 2020 44972.9 6661.385948
"648" 2020 34447.11 5531.8613949
"649" 2020 25217.31 4467.87689925
"650" 2020 18237.68 3620.7266104
"651" 2020 13423.8 2966.122848
"652" 2020 10827.3 2623.8337455
"653" 2020 8043.76 2128.9017404
"654" 2020 4930.58 1418.8483537
"655" 2020 3047.84 949.1430936
"656" 2020 1890.19 633.9130203
"657" 2020 1124.05 403.961089
"658" 2020 699.84 268.1716896
"659" 2020 418.34 170.0719436
"660" 2020 215.26 92.3906683
"661" 2020 115.19 51.94896215
"662" 2020 62.89 29.66552745
"663" 2020 30.62 15.0414626
"664" 2020 13.67 6.9644549
"665" 2020 5.16 3.9171108
"666" 2020 2.06 2.06
"667" 2021 265080 710.4144
"668" 2021 304619 57.87761
"669" 2021 331534 46.41476
"670" 2021 363146 39.94606
"671" 2021 412272 43.28856
"672" 2021 444146 46.63533
"673" 2021 440425 33.031875
"674" 2021 441184 24.26512
"675" 2021 489435 29.3661
"676" 2021 475936 26.17648
"677" 2021 473243 23.66215
"678" 2021 447769 29.104985
"679" 2021 468359 46.8359
"680" 2021 495337 56.963755
"681" 2021 449091 60.627285
"682" 2021 435436 78.37848
"683" 2021 472844 99.29724
"684" 2021 491851 120.503495
"685" 2021 492757 128.11682
"686" 2021 556899 158.716215
"687" 2021 636214 200.40741
"688" 2021 616774 200.45155
"689" 2021 636276 222.6966
"690" 2021 667400 240.264
"691" 2021 681245 245.2482
"692" 2021 703759 281.5036
"693" 2021 709511 308.637285
"694" 2021 706057 303.60451
"695" 2021 721013 306.430525
"696" 2021 698397 317.770635
"697" 2021 637012 302.5807
"698" 2021 627635 335.784725
"699" 2021 622444 389.0275
"700" 2021 614251 396.191895
"701" 2021 623940 424.2792
"702" 2021 648317 470.029825
"703" 2021 656988 482.88618
"704" 2021 742345 582.740825
"705" 2021 815310 693.0135
"706" 2021 832661 766.04812
"707" 2021 829120 833.2656
"708" 2021 819218 864.27499
"709" 2021 714418 782.28771
"710" 2021 770518 916.91642
"711" 2021 753611 1013.606795
"712" 2021 780541 1186.42232
"713" 2021 846837 1380.34431
"714" 2021 881108 1555.15562
"715" 2021 881189 1709.50666
"716" 2021 927704 1952.81692
"717" 2021 902393 2061.968005
"718" 2021 907452 2277.70452
"719" 2021 908889 2503.989195
"720" 2021 844643 2462.134345
"721" 2021 799179 2397.537
"722" 2021 832890 2786.01705
"723" 2021 814407 2956.29741
"724" 2021 773571 3009.19119
"725" 2021 858948 3702.06588
"726" 2021 890018 3987.28064
"727" 2021 897132 4198.57776
"728" 2021 827151 4222.605855
"729" 2021 754461 4224.9816
"730" 2021 746633 4535.795475
"731" 2021 672514 4361.25329
"732" 2021 695126 4883.26015
"733" 2021 590120 4667.8492
"734" 2021 508098 4430.61456
"735" 2021 559450 5390.30075
"736" 2021 405873 4302.2538
"737" 2021 430273 4963.199055
"738" 2021 432678 5668.0818
"739" 2021 426796 6077.57504
"740" 2021 427060 6920.5073
"741" 2021 337042 6290.88893
"742" 2021 297529 6315.053025
"743" 2021 313932 7722.7272
"744" 2021 311032 8536.27324
"745" 2021 374914 11830.41127
"746" 2021 302154 10910.78094
"747" 2021 260052 10580.21562
"748" 2021 260420 12170.7287
"749" 2021 227056 12032.83272
"750" 2021 202247 12217.74127
"751" 2021 181133 12369.57257
"752" 2021 163654 12526.07716
"753" 2021 137149 11910.01916
"754" 2021 109952 10686.23488
"755" 2021 94374 10326.87495
"756" 2021 71764 8857.4717
"757" 2021 59477.78 8117.2300255
"758" 2021 49082.49 7270.0984188
"759" 2021 38360.38 6160.2934242
"760" 2021 28916.58 5123.2950615
"761" 2021 20848.58 4139.0685874
"762" 2021 14830.79 3277.0113584
"763" 2021 10735.34 2601.5486189
"764" 2021 8466.53 2240.79416245
"765" 2021 6123.92 1762.2498388
"766" 2021 3669.42 1142.7124293
"767" 2021 2203.13 738.8637081
"768" 2021 1319.44 474.1803472
"769" 2021 760.46 291.4006674
"770" 2021 456.36 185.5285944
"771" 2021 266.34 114.3144597
"772" 2021 133.3 60.1163005
"773" 2021 69.11 32.59953255
"774" 2021 36.35 17.8562105
"775" 2021 16.47 8.3909709
"776" 2021 6.49 4.9267537
"777" 2021 1.66 1.66
