"year" "population" "expected"
"1" 2015 52700 90.117
"2" 2015 48200 6.989
"3" 2015 52850 6.16583333333333
"4" 2015 59650 5.86558333333333
"5" 2015 60250 4.41833333333333
"6" 2015 58500 4.095
"7" 2015 57750 4.90875
"8" 2015 53900 3.234
"9" 2015 51200 2.90133333333333
"10" 2015 49600 3.38933333333333
"11" 2015 47750 3.42208333333333
"12" 2015 51200 4.77866666666667
"13" 2015 53400 5.607
"14" 2015 57250 6.48833333333333
"15" 2015 60750 8.7075
"16" 2015 61350 8.998
"17" 2015 66300 11.6025
"18" 2015 74800 16.2066666666667
"19" 2015 83450 19.4716666666667
"20" 2015 88550 20.3665
"21" 2015 86700 21.2415
"22" 2015 86750 22.555
"23" 2015 88650 21.71925
"24" 2015 91800 22.644
"25" 2015 95850 25.56
"26" 2015 100550 28.8243333333333
"27" 2015 101200 31.0346666666667
"28" 2015 98900 30.9886666666667
"29" 2015 103700 32.4926666666667
"30" 2015 109950 35.36725
"31" 2015 112450 37.2959166666667
"32" 2015 115700 43.7731666666667
"33" 2015 116150 43.1690833333333
"34" 2015 116550 47.20275
"35" 2015 118050 53.9095
"36" 2015 115450 51.37525
"37" 2015 111100 55.9203333333333
"38" 2015 109050 63.79425
"39" 2015 109250 68.4633333333333
"40" 2015 112950 80.75925
"41" 2015 115900 92.9131666666667
"42" 2015 116150 104.728583333333
"43" 2015 114550 117.9865
"44" 2015 115150 125.321583333333
"45" 2015 116450 131.976666666667
"46" 2015 114950 140.239
"47" 2015 114600 155.283
"48" 2015 111950 174.642
"49" 2015 113700 196.701
"50" 2015 123300 229.1325
"51" 2015 130700 269.459833333333
"52" 2015 136550 305.416833333333
"53" 2015 132800 325.581333333333
"54" 2015 126950 356.517916666667
"55" 2015 129800 394.159333333333
"56" 2015 128500 398.564166666667
"57" 2015 125400 424.897
"58" 2015 121800 457.359
"59" 2015 115650 470.11725
"60" 2015 109200 500.136
"61" 2015 103500 519.225
"62" 2015 96350 520.932333333333
"63" 2015 90450 541.1925
"64" 2015 88400 571.948
"65" 2015 88300 628.843166666667
"66" 2015 84600 663.405
"67" 2015 77400 652.998
"68" 2015 71600 647.860666666667
"69" 2015 60450 593.4175
"70" 2015 50650 559.007166666667
"71" 2015 48000 579.92
"72" 2015 43600 571.450666666667
"73" 2015 39350 583.822833333333
"74" 2015 39650 684.887666666667
"75" 2015 42000 833.7
"76" 2015 43950 951.2245
"77" 2015 44450 1021.0165
"78" 2015 43000 1062.60166666667
"79" 2015 40400 1129.31466666667
"80" 2015 37600 1196.93333333333
"81" 2015 37100 1315.7515
"82" 2015 36500 1439.25583333333
"83" 2015 32800 1444.23866666667
"84" 2015 30600 1507.611
"85" 2015 31834 1745.93573
"86" 2015 27416.82 1660.3626192
"87" 2015 23552.02 1536.25901123333
"88" 2015 20406.92 1406.17283413333
"89" 2015 17241.8 1294.62928933333
"90" 2015 14347.82 1200.50601243333
"91" 2015 11832.06 1109.650027
"92" 2015 9444.9 1003.237278
"93" 2015 7508.28 895.1246278
"94" 2015 6014.74 802.075603566667
"95" 2015 4609.92 673.8781056
"96" 2015 3379.39 536.016312533333
"97" 2015 2477.4 430.237671
"98" 2015 1844.01 349.86094395
"99" 2015 1346.87 278.49904425
"100" 2015 971.18 218.284035433333
"101" 2015 623.97 152.0074116
"102" 2015 402.37 105.916525716667
"103" 2015 265.12 75.1610781333333
"104" 2015 172.65 52.53250325
"105" 2015 102.69 33.4142991
"106" 2015 55.46 19.2266879333333
"107" 2015 31.3 11.5168871666667
"108" 2015 16.96 6.5980336
"109" 2015 8.81 3.60985345
"110" 2015 4.26 3.0245645
"111" 2015 2.19 2.19
"112" 2016 54350 92.9385
"113" 2016 54200 7.859
"114" 2016 51950 6.06083333333333
"115" 2016 56850 5.59025
"116" 2016 63300 4.642
"117" 2016 62500 4.375
"118" 2016 58850 5.00225
"119" 2016 57800 3.468
"120" 2016 54450 3.0855
"121" 2016 51900 3.5465
"122" 2016 50700 3.6335
"123" 2016 49850 4.65266666666667
"124" 2016 52250 5.48625
"125" 2016 53000 6.00666666666667
"126" 2016 56500 8.09833333333333
"127" 2016 60750 8.91
"128" 2016 61650 10.78875
"129" 2016 67050 14.5275
"130" 2016 76700 17.8966666666667
"131" 2016 85500 19.665
"132" 2016 86850 21.27825
"133" 2016 87600 22.776
"134" 2016 89000 21.805
"135" 2016 90450 22.311
"136" 2016 93000 24.8
"137" 2016 98400 28.208
"138" 2016 103450 31.7246666666667
"139" 2016 103300 32.3673333333333
"140" 2016 100900 31.6153333333333
"141" 2016 105850 34.0484166666667
"142" 2016 111600 37.014
"143" 2016 113600 42.9786666666667
"144" 2016 117500 43.6708333333333
"145" 2016 117950 47.76975
"146" 2016 117350 53.5898333333333
"147" 2016 118700 52.8215
"148" 2016 115900 58.3363333333333
"149" 2016 111150 65.02275
"150" 2016 109850 68.8393333333333
"151" 2016 109700 78.4355
"152" 2016 112250 89.9870833333333
"153" 2016 115450 104.097416666667
"154" 2016 117000 120.51
"155" 2016 115250 125.430416666667
"156" 2016 114100 129.313333333333
"157" 2016 115750 141.215
"158" 2016 115000 155.825
"159" 2016 114100 177.996
"160" 2016 110750 191.5975
"161" 2016 112850 209.712916666667
"162" 2016 123050 253.688083333333
"163" 2016 130600 292.108666666667
"164" 2016 136550 334.775083333333
"165" 2016 132300 371.5425
"166" 2016 126600 384.442
"167" 2016 129300 401.0455
"168" 2016 127400 431.673666666667
"169" 2016 124600 467.873
"170" 2016 120600 490.239
"171" 2016 114750 525.555
"172" 2016 108550 544.559166666667
"173" 2016 102700 555.264666666667
"174" 2016 95550 571.7075
"175" 2016 89900 581.653
"176" 2016 87900 625.9945
"177" 2016 87850 688.890416666667
"178" 2016 83700 706.149
"179" 2016 76300 690.387833333333
"180" 2016 71200 698.946666666667
"181" 2016 60350 666.062833333333
"182" 2016 50000 604.083333333333
"183" 2016 46750 612.736666666667
"184" 2016 43100 639.460333333333
"185" 2016 38650 667.614333333333
"186" 2016 38750 769.1875
"187" 2016 41650 901.444833333333
"188" 2016 42700 980.819
"189" 2016 42900 1060.1305
"190" 2016 41500 1160.06333333333
"191" 2016 39200 1247.86666666667
"192" 2016 36250 1285.60625
"193" 2016 35450 1397.85258333333
"194" 2016 34850 1534.50358333333
"195" 2016 31150 1534.70858333333
"196" 2016 28900 1585.0205
"197" 2016 30113.77 1823.6899112
"198" 2016 25745.2 1679.31648733333
"199" 2016 21932.97 1511.3278528
"200" 2016 18817.4 1412.93584133333
"201" 2016 15694.07 1313.14899368333
"202" 2016 12853.6 1205.45345333333
"203" 2016 10470.05 1112.128711
"204" 2016 8253.79 984.003087483334
"205" 2016 6472.86 863.1666691
"206" 2016 5080.54 742.6733372
"207" 2016 3809.54 604.243837866667
"208" 2016 2754.62 478.3810823
"209" 2016 1964.38 372.698543433333
"210" 2016 1433.09 296.32718475
"211" 2016 1022.94 229.9176993
"212" 2016 711.92 173.433204266667
"213" 2016 438 115.29547
"214" 2016 272.87 77.3581902166667
"215" 2016 173.53 52.8002623166667
"216" 2016 109.08 35.4935412
"217" 2016 62.32 21.6048898666667
"218" 2016 32.11 11.8149280166667
"219" 2016 17.36 6.7536476
"220" 2016 8.85 3.62624325
"221" 2016 4.09 2.90386591666667
"222" 2016 2.72 2.72
"223" 2017 52400 89.604
"224" 2017 55400 8.033
"225" 2017 54750 6.3875
"226" 2017 54100 5.31983333333333
"227" 2017 59750 4.38166666666667
"228" 2017 65100 4.557
"229" 2017 62800 5.338
"230" 2017 57900 3.474
"231" 2017 56750 3.21583333333333
"232" 2017 54000 3.69
"233" 2017 52800 3.784
"234" 2017 52950 4.942
"235" 2017 51200 5.376
"236" 2017 52050 5.899
"237" 2017 52450 7.51783333333333
"238" 2017 56600 8.30133333333333
"239" 2017 60450 10.57875
"240" 2017 62500 13.5416666666667
"241" 2017 68600 16.0066666666667
"242" 2017 78450 18.0435
"243" 2017 83500 20.4575
"244" 2017 87300 22.698
"245" 2017 89550 21.93975
"246" 2017 90500 22.3233333333333
"247" 2017 90950 24.2533333333333
"248" 2017 94900 27.2046666666667
"249" 2017 100350 30.774
"250" 2017 104800 32.8373333333333
"251" 2017 104450 32.7276666666667
"252" 2017 103100 33.1638333333333
"253" 2017 107500 35.6541666666667
"254" 2017 112550 42.5814166666667
"255" 2017 115100 42.7788333333333
"256" 2017 118650 48.05325
"257" 2017 118800 54.252
"258" 2017 118950 52.93275
"259" 2017 119400 60.098
"260" 2017 116300 68.0355
"261" 2017 112350 70.406
"262" 2017 111000 79.365
"263" 2017 110100 88.2635
"264" 2017 112500 101.4375
"265" 2017 115850 119.3255
"266" 2017 118000 128.423333333333
"267" 2017 115050 130.39
"268" 2017 114650 139.873
"269" 2017 116000 157.18
"270" 2017 115350 179.946
"271" 2017 114000 197.22
"272" 2017 111100 206.460833333333
"273" 2017 113450 233.896083333333
"274" 2017 123150 275.4455
"275" 2017 130200 319.207
"276" 2017 135750 381.23125
"277" 2017 131750 400.080833333333
"278" 2017 127650 395.92775
"279" 2017 128150 434.214916666667
"280" 2017 127000 476.885
"281" 2017 123750 503.04375
"282" 2017 120600 552.348
"283" 2017 114800 575.913333333333
"284" 2017 108400 586.082666666667
"285" 2017 102400 612.693333333333
"286" 2017 95450 617.5615
"287" 2017 89650 638.457416666667
"288" 2017 87950 689.674583333333
"289" 2017 87250 736.099166666667
"290" 2017 82550 746.939916666667
"291" 2017 76400 749.993333333333
"292" 2017 70850 781.947833333333
"293" 2017 59600 720.067333333333
"294" 2017 49450 648.124666666667
"295" 2017 45750 678.7775
"296" 2017 42200 728.934666666667
"297" 2017 38050 755.2925
"298" 2017 38400 831.104
"299" 2017 40300 925.691
"300" 2017 41300 1020.59183333333
"301" 2017 41450 1158.66566666667
"302" 2017 40250 1281.29166666667
"303" 2017 37900 1344.1235
"304" 2017 34500 1360.3925
"305" 2017 34050 1499.27825
"306" 2017 32950 1623.39158333333
"307" 2017 29500 1617.9275
"308" 2017 27450 1662.372
"309" 2017 28342.7 1848.74708316667
"310" 2017 24065.3 1658.25960533333
"311" 2017 20336.22 1526.9789724
"312" 2017 17276.96 1445.59203813333
"313" 2017 14245.74 1336.012983
"314" 2017 11508.55 1222.438181
"315" 2017 9232.08 1100.6331908
"316" 2017 7146.28 952.968348466667
"317" 2017 5495.2 803.288336
"318" 2017 4208.6 667.540074666667
"319" 2017 3092.68 537.0902722
"320" 2017 2193.27 416.12546165
"321" 2017 1529.83 316.33059825
"322" 2017 1085.09 243.886636883333
"323" 2017 746.88 181.9499264
"324" 2017 498.86 131.315749233333
"325" 2017 294.76 83.5639687333333
"326" 2017 175.91 53.5244288833333
"327" 2017 106.8 34.751652
"328" 2017 64.02 22.1942402
"329" 2017 34.56 12.7164096
"330" 2017 16.53 6.43074855
"331" 2017 8.29 3.39678605
"332" 2017 3.71 2.63406908333333
"333" 2017 2.17 2.17
"334" 2018 49900 85.329
"335" 2018 53100 7.6995
"336" 2018 55550 6.48083333333333
"337" 2018 55900 5.49683333333333
"338" 2018 56100 4.114
"339" 2018 61850 4.3295
"340" 2018 66350 5.63975
"341" 2018 62800 3.768
"342" 2018 56800 3.21866666666667
"343" 2018 55800 3.813
"344" 2018 54650 3.91658333333333
"345" 2018 56150 5.24066666666667
"346" 2018 54650 5.73825
"347" 2018 51350 5.81966666666667
"348" 2018 52050 7.4605
"349" 2018 52550 7.70733333333333
"350" 2018 56350 9.86125
"351" 2018 60600 13.13
"352" 2018 64050 14.945
"353" 2018 70300 16.169
"354" 2018 75900 18.5955
"355" 2018 83300 21.658
"356" 2018 88900 21.7805
"357" 2018 91200 22.496
"358" 2018 91250 24.3333333333333
"359" 2018 92300 26.4593333333333
"360" 2018 96750 29.67
"361" 2018 101450 31.7876666666667
"362" 2018 105400 33.0253333333333
"363" 2018 105550 33.9519166666667
"364" 2018 105050 34.8415833333333
"365" 2018 108550 41.0680833333333
"366" 2018 113750 42.2770833333333
"367" 2018 116150 47.04075
"368" 2018 119200 54.4346666666667
"369" 2018 120500 53.6225
"370" 2018 120400 60.6013333333333
"371" 2018 120550 70.52175
"372" 2018 117700 73.7586666666667
"373" 2018 113800 81.367
"374" 2018 112400 90.1073333333333
"375" 2018 111200 100.265333333333
"376" 2018 112950 116.3385
"377" 2018 116350 126.627583333333
"378" 2018 118800 134.64
"379" 2018 116150 141.703
"380" 2018 115750 156.84125
"381" 2018 116600 181.896
"382" 2018 116150 200.9395
"383" 2018 115000 213.708333333333
"384" 2018 112500 231.9375
"385" 2018 114150 255.3155
"386" 2018 122700 300.8195
"387" 2018 129000 362.275
"388" 2018 134750 409.190833333333
"389" 2018 132600 411.281
"390" 2018 128100 434.0455
"391" 2018 127700 479.5135
"392" 2018 126750 515.23875
"393" 2018 123750 566.775
"394" 2018 121400 609.023333333333
"395" 2018 115250 623.118333333333
"396" 2018 108550 649.490833333333
"397" 2018 102500 663.175
"398" 2018 95650 681.187416666667
"399" 2018 90050 706.142083333333
"400" 2018 87900 741.583
"401" 2018 86550 783.13325
"402" 2018 82250 807.420833333333
"403" 2018 76300 842.097666666667
"404" 2018 70250 848.737083333333
"405" 2018 59050 773.948666666667
"406" 2018 48800 724.029333333333
"407" 2018 44400 766.936
"408" 2018 41350 820.7975
"409" 2018 37700 815.953666666667
"410" 2018 37400 859.078
"411" 2018 38800 958.812666666667
"412" 2018 39950 1116.73566666667
"413" 2018 39900 1270.15
"414" 2018 38950 1381.36175
"415" 2018 36200 1427.42633333333
"416" 2018 33150 1459.64975
"417" 2018 32250 1588.90375
"418" 2018 31050 1702.93725
"419" 2018 28050 1698.708
"420" 2018 25850 1686.15241666667
"421" 2018 26601.78 1833.0399872
"422" 2018 22388.65 1681.08909966667
"423" 2018 18738.9 1567.9149945
"424" 2018 15740.32 1476.17967733333
"425" 2018 12842.72 1364.1537184
"426" 2018 10248.23 1221.77690021667
"427" 2018 8097.25 1079.78178291667
"428" 2018 6162.84 900.8839512
"429" 2018 4641.77 736.246612266667
"430" 2018 3511.58 609.8385407
"431" 2018 2519.82 478.0812489
"432" 2018 1742.7 360.3467925
"433" 2018 1195.76 268.761010533333
"434" 2018 819.55 199.653307333333
"435" 2018 540.3 142.2240695
"436" 2018 348.25 98.7282945833333
"437" 2018 197.77 60.1758075166667
"438" 2018 113.1 36.801609
"439" 2018 65.46 22.6934546
"440" 2018 37.31 13.7282766833333
"441" 2018 18.88 7.3449808
"442" 2018 8.12 3.3271294
"443" 2018 3.83 2.71926808333333
"444" 2018 1.75 1.75
"445" 2019 47550 81.3105
"446" 2019 50450 7.31525
"447" 2019 53450 6.23583333333333
"448" 2019 56300 5.53616666666667
"449" 2019 56900 4.17266666666667
"450" 2019 57850 4.0495
"451" 2019 63650 5.41025
"452" 2019 67800 4.068
"453" 2019 62800 3.55866666666667
"454" 2019 55700 3.80616666666667
"455" 2019 55300 3.96316666666667
"456" 2019 57950 5.40866666666667
"457" 2019 58600 6.153
"458" 2019 54150 6.137
"459" 2019 51650 7.40316666666667
"460" 2019 52150 7.64866666666667
"461" 2019 52700 9.2225
"462" 2019 56400 12.22
"463" 2019 61150 14.2683333333333
"464" 2019 66100 15.203
"465" 2019 67850 16.62325
"466" 2019 75800 19.708
"467" 2019 84850 20.78825
"468" 2019 90050 22.2123333333333
"469" 2019 91650 24.44
"470" 2019 92700 26.574
"471" 2019 94350 28.934
"472" 2019 98400 30.832
"473" 2019 102550 32.1323333333333
"474" 2019 106000 34.0966666666667
"475" 2019 107150 35.5380833333333
"476" 2019 107350 40.6140833333333
"477" 2019 110150 40.9390833333333
"478" 2019 115100 46.6155
"479" 2019 116800 53.3386666666667
"480" 2019 119800 53.311
"481" 2019 122050 61.4318333333333
"482" 2019 122400 71.604
"483" 2019 122250 76.61
"484" 2019 118850 84.97775
"485" 2019 115050 92.23175
"486" 2019 113550 102.38425
"487" 2019 112400 115.772
"488" 2019 113550 123.58025
"489" 2019 116900 132.486666666667
"490" 2019 119700 146.034
"491" 2019 117350 159.00925
"492" 2019 117100 182.676
"493" 2019 117200 202.756
"494" 2019 117150 217.70375
"495" 2019 116100 239.3595
"496" 2019 113950 254.868166666667
"497" 2019 114900 281.6965
"498" 2019 122150 343.037916666667
"499" 2019 128150 389.148833333333
"500" 2019 133800 415.003
"501" 2019 133400 452.003666666667
"502" 2019 128750 483.45625
"503" 2019 127200 517.068
"504" 2019 126250 578.225
"505" 2019 123850 621.314166666667
"506" 2019 122150 660.424333333333
"507" 2019 115500 691.075
"508" 2019 108650 702.9655
"509" 2019 102900 732.8195
"510" 2019 95900 752.015833333333
"511" 2019 90300 761.831
"512" 2019 87700 793.538833333333
"513" 2019 85600 840.306666666667
"514" 2019 81850 903.351166666667
"515" 2019 76050 918.81075
"516" 2019 69200 906.981333333333
"517" 2019 58350 865.7195
"518" 2019 47950 828.256333333333
"519" 2019 42850 850.5725
"520" 2019 40400 874.390666666667
"521" 2019 37150 853.3355
"522" 2019 36200 894.562333333333
"523" 2019 37300 1042.65933333333
"524" 2019 38350 1220.80833333333
"525" 2019 38300 1358.3095
"526" 2019 37300 1470.80116666667
"527" 2019 34600 1523.49566666667
"528" 2019 31550 1554.41591666667
"529" 2019 30400 1667.288
"530" 2019 29000 1756.24
"531" 2019 26450 1725.28941666667
"532" 2019 24300 1674.432
"533" 2019 24909.53 1870.37357593333
"534" 2019 20744.44 1735.72186886667
"535" 2019 17136.13 1607.08339183333
"536" 2019 14262.94 1515.0094868
"537" 2019 11489.01 1369.70062385
"538" 2019 9045.72 1206.2618382
"539" 2019 7043.53 1029.6232154
"540" 2019 5255.75 833.632026666667
"541" 2019 3895.7 676.5467405
"542" 2019 2891.89 548.673469883333
"543" 2019 2024.91 418.70076525
"544" 2019 1366.03 307.031179516667
"545" 2019 914.02 222.667458933333
"546" 2019 603.94 158.976132766667
"547" 2019 386.48 109.566435866667
"548" 2019 240.71 73.2412328833334
"549" 2019 131.59 42.8180701
"550" 2019 72.2 25.0300553333333
"551" 2019 39.82 14.6518353666667
"552" 2019 21.54 8.3798139
"553" 2019 10.08 4.1302296
"554" 2019 3.86 2.74056783333333
"555" 2019 2.01 2.01
"556" 2020 45700 78.147
"557" 2020 48050 6.96725
"558" 2020 50700 5.915
"559" 2020 53600 5.27066666666667
"560" 2020 56050 4.11033333333333
"561" 2020 56600 3.962
"562" 2020 58100 4.9385
"563" 2020 64100 3.846
"564" 2020 66850 3.78816666666667
"565" 2020 60750 4.15125
"566" 2020 53100 3.8055
"567" 2020 56650 5.28733333333333
"568" 2020 61750 6.48375
"569" 2020 58300 6.60733333333333
"570" 2020 53900 7.72566666666667
"571" 2020 51900 7.612
"572" 2020 52250 9.14375
"573" 2020 53050 11.4941666666667
"574" 2020 56200 13.1133333333333
"575" 2020 62650 14.4095
"576" 2020 64600 15.827
"577" 2020 67400 17.524
"578" 2020 76400 18.718
"579" 2020 84550 20.8556666666667
"580" 2020 88850 23.6933333333333
"581" 2020 92500 26.5166666666667
"582" 2020 94150 28.8726666666667
"583" 2020 95700 29.986
"584" 2020 99500 31.1766666666667
"585" 2020 103200 33.196
"586" 2020 106350 35.27275
"587" 2020 108550 41.0680833333333
"588" 2020 109200 40.586
"589" 2020 111050 44.97525
"590" 2020 115800 52.882
"591" 2020 117050 52.08725
"592" 2020 119900 60.3496666666667
"593" 2020 123100 72.0135
"594" 2020 123900 77.644
"595" 2020 123000 87.945
"596" 2020 119400 95.719
"597" 2020 115550 104.187583333333
"598" 2020 114200 117.626
"599" 2020 113150 123.144916666667
"600" 2020 113900 129.086666666667
"601" 2020 117300 143.106
"602" 2020 120300 163.0065
"603" 2020 118650 185.094
"604" 2020 118050 204.2265
"605" 2020 117700 218.725833333333
"606" 2020 117200 241.627333333333
"607" 2020 115950 259.3415
"608" 2020 114200 279.980333333333
"609" 2020 114650 321.975416666667
"610" 2020 120850 366.981166666667
"611" 2020 126350 391.895583333333
"612" 2020 133250 451.495416666667
"613" 2020 133850 502.60675
"614" 2020 128950 524.18175
"615" 2020 126250 578.225
"616" 2020 125350 628.839166666667
"617" 2020 123800 669.345333333333
"618" 2020 122400 732.36
"619" 2020 115300 745.991
"620" 2020 108450 772.34475
"621" 2020 102550 804.162916666667
"622" 2020 95700 807.389
"623" 2020 89600 810.730666666667
"624" 2020 86600 850.123333333333
"625" 2020 83950 926.528166666667
"626" 2020 80400 971.366
"627" 2020 74950 982.344666666667
"628" 2020 67350 999.2495
"629" 2020 57100 986.307333333333
"630" 2020 46650 926.0025
"631" 2020 40800 883.048
"632" 2020 38950 894.6815
"633" 2020 36400 899.504666666667
"634" 2020 34850 974.173666666667
"635" 2020 35550 1131.675
"636" 2020 36400 1290.926
"637" 2020 36450 1437.28425
"638" 2020 35550 1565.32575
"639" 2020 32800 1616.00133333333
"640" 2020 29800 1634.381
"641" 2020 28450 1722.932
"642" 2020 26850 1751.38075
"643" 2020 24850 1712.33066666667
"644" 2020 22750 1708.22166666667
"645" 2020 23168.29 1938.52943811667
"646" 2020 19127.77 1793.86602983333
"647" 2020 15626.66 1659.8638252
"648" 2020 12802.2 1526.256947
"649" 2020 10158.48 1354.6502388
"650" 2020 7860.36 1149.0274248
"651" 2020 6020.25 954.89192
"652" 2020 4415.66 766.8455939
"653" 2020 3205.58 608.189350766667
"654" 2020 2352.12 486.359613
"655" 2020 1631.81 366.768335283333
"656" 2020 1061.1 258.498108
"657" 2020 675.29 177.757712183333
"658" 2020 434.36 123.140336066667
"659" 2020 270.68 82.3602547333333
"660" 2020 163.42 53.1752338
"661" 2020 86.32 29.9251298666667
"662" 2020 45.62 16.7859550333333
"663" 2020 23.98 9.3290593
"664" 2020 12.3 5.0398635
"665" 2020 5.43 3.85525475
"666" 2020 2.38 2.38
"667" 2021 42973.19 73.4841549
"668" 2021 45672.25 6.62247625
"669" 2021 48042.79 5.60499216666667
"670" 2021 50693.37 4.98484805
"671" 2021 53591.33 3.93003086666667
"672" 2021 56044.39 3.9231073
"673" 2021 56597.48 4.8107858
"674" 2021 58097.73 3.4858638
"675" 2021 64094.1 3.631999
"676" 2021 66845.16 4.5677526
"677" 2021 60745.31 4.35341388333333
"678" 2021 53093.58 4.9554008
"679" 2021 56645.57 5.94778485
"680" 2021 61744.84 6.99774853333333
"681" 2021 58292.92 8.35531853333333
"682" 2021 53894.7 7.904556
"683" 2021 51891.74 9.0810545
"684" 2021 52238.68 11.3183806666667
"685" 2021 53040.55 12.3761283333333
"686" 2021 56190.67 12.9238541
"687" 2021 62632.41 15.34494045
"688" 2021 64582.6 16.791476
"689" 2021 67384.61 16.50922945
"690" 2021 76382.85 18.841103
"691" 2021 84531.45 22.54172
"692" 2021 88828.18 25.4640782666667
"693" 2021 92475.09 28.3590276
"694" 2021 94119.2 29.4906826666667
"695" 2021 95670.78 29.9768444
"696" 2021 99466.83 31.99516365
"697" 2021 103168.98 34.2177117
"698" 2021 106320.89 40.2247367166667
"699" 2021 108512.33 40.3304159833333
"700" 2021 109159.96 44.2097838
"701" 2021 111010.43 50.6947630333333
"702" 2021 115753.4 51.510263
"703" 2021 116993.95 58.8869548333333
"704" 2021 119838.34 70.1054289
"705" 2021 123032.98 77.1006674666667
"706" 2021 123827.42 88.5366053
"707" 2021 122922.74 98.5430632333333
"708" 2021 119320.78 107.587569966667
"709" 2021 115457.25 118.9209675
"710" 2021 114099.93 124.17875715
"711" 2021 113042.01 128.114278
"712" 2021 113772.42 138.8023524
"713" 2021 117161.79 158.75422545
"714" 2021 120139.7 187.417932
"715" 2021 118475.88 204.9632724
"716" 2021 117865.95 219.03422375
"717" 2021 117476.91 242.19822945
"718" 2021 116956.64 261.593018133333
"719" 2021 115694.72 283.644888533333
"720" 2021 113913.26 319.906405166667
"721" 2021 114347.28 347.2345736
"722" 2021 120471.51 373.66246685
"723" 2021 125915.76 426.6445668
"724" 2021 132773.32 498.5638166
"725" 2021 133353.87 542.08348155
"726" 2021 128422.32 588.1742256
"727" 2021 125675.76 630.473396
"728" 2021 124766.54 674.571092933333
"729" 2021 123166.02 736.943353
"730" 2021 121746.93 787.7026371
"731" 2021 114585.58 816.040305566667
"732" 2021 107717.59 844.685434916667
"733" 2021 101812.9 858.961499666667
"734" 2021 94927.7 858.937472166667
"735" 2021 88778.34 871.507371
"736" 2021 85684.7 945.673472333333
"737" 2021 83021.49 1003.03796835
"738" 2021 79444.13 1041.24773053333
"739" 2021 73987.87 1097.73336456667
"740" 2021 66369.5 1146.42249666667
"741" 2021 56201.94 1115.608509
"742" 2021 45818.87 991.673076366667
"743" 2021 39903.8 916.590286
"744" 2021 37994.66 938.911373033333
"745" 2021 35400.51 989.5622562
"746" 2021 33796.1 1075.84251666667
"747" 2021 34389.23 1219.61404195
"748" 2021 35116.44 1384.6997566
"749" 2021 35047.07 1543.18090388333
"750" 2021 34031.95 1676.69745658333
"751" 2021 31228.63 1712.73421235
"752" 2021 28179.87 1706.5729272
"753" 2021 26711.9 1742.37271716667
"754" 2021 25011.06 1723.4287744
"755" 2021 23029.22 1729.18736573333
"756" 2021 20947.62 1752.7222781
"757" 2021 21349.99 2002.27322883333
"758" 2021 17443.11 1852.8071442
"759" 2021 14125.4 1684.00664566667
"760" 2021 11431.91 1524.46425168333
"761" 2021 8921.77 1304.1843386
"762" 2021 6770.31 1073.8614368
"763" 2021 5100.31 885.74533615
"764" 2021 3689.1 699.9267945
"765" 2021 2645.69 547.06254975
"766" 2021 1887.79 424.302826716667
"767" 2021 1261.71 307.3693788
"768" 2021 792.1 208.505803166667
"769" 2021 489.68 138.823463866667
"770" 2021 306.09 93.13451445
"771" 2021 185.55 60.3761145
"772" 2021 108.18 37.5034818
"773" 2021 54.79 20.1600718166667
"774" 2021 27.58 10.7295853
"775" 2021 13.51 5.53565495
"776" 2021 6.36 4.515547
"777" 2021 3.06 3.06
