"year" "population" "expected"
"1" 2015 30357 129.01725
"2" 2015 30013 10.954745
"3" 2015 30383 6.532345
"4" 2015 29909 4.48635
"5" 2015 29816 2.53436
"6" 2015 30250 3.17625
"7" 2015 28564 2.99922
"8" 2015 26674 2.40066
"9" 2015 26423 3.43499
"10" 2015 26336 3.9504
"11" 2015 26394 2.50743
"12" 2015 26571 4.118505
"13" 2015 26177 6.936905
"14" 2015 27574 12.27043
"15" 2015 30021 15.31071
"16" 2015 32257 12.741515
"17" 2015 32955 13.017225
"18" 2015 33799 20.448395
"19" 2015 35129 29.85965
"20" 2015 36258 29.0064
"21" 2015 36941 28.44457
"22" 2015 40809 32.23911
"23" 2015 44196 34.47288
"24" 2015 43442 36.05686
"25" 2015 41779 38.85447
"26" 2015 39354 45.84741
"27" 2015 38794 46.16486
"28" 2015 39951 56.530665
"29" 2015 39427 62.491795
"30" 2015 37811 55.96028
"31" 2015 37279 63.933485
"32" 2015 37244 68.52896
"33" 2015 34378 65.14631
"34" 2015 34284 73.53918
"35" 2015 34152 84.35544
"36" 2015 34460 89.2514
"37" 2015 35033 91.611295
"38" 2015 35867 102.041615
"39" 2015 36782 122.48406
"40" 2015 37054 125.42779
"41" 2015 37832 121.25156
"42" 2015 38539 146.255505
"43" 2015 40484 163.15052
"44" 2015 42465 171.5586
"45" 2015 42059 194.31258
"46" 2015 41620 206.8514
"47" 2015 41778 214.94781
"48" 2015 41669 231.26295
"49" 2015 41932 254.10792
"50" 2015 42026 281.5742
"51" 2015 43504 304.09296
"52" 2015 44233 327.545365
"53" 2015 45984 380.5176
"54" 2015 47886 423.31224
"55" 2015 47583 470.12004
"56" 2015 46560 470.7216
"57" 2015 45383 481.0598
"58" 2015 41859 482.843565
"59" 2015 38311 468.351975
"60" 2015 37622 511.47109
"61" 2015 35489 531.802665
"62" 2015 33091 523.003255
"63" 2015 34254 587.28483
"64" 2015 33706 634.85251
"65" 2015 33381 665.95095
"66" 2015 33894 747.3627
"67" 2015 30160 690.664
"68" 2015 27158 650.4341
"69" 2015 25455 646.30245
"70" 2015 27369 711.183465
"71" 2015 23478 649.75365
"72" 2015 26786 795.81206
"73" 2015 28812 936.39
"74" 2015 27658 942.72293
"75" 2015 26322 924.29703
"76" 2015 25612 1011.54594
"77" 2015 25596 1118.41722
"78" 2015 24293 1123.186855
"79" 2015 23850 1229.706
"80" 2015 21561 1266.816555
"81" 2015 19175.41 1250.236732
"82" 2015 18385.46 1327.5221393
"83" 2015 17473.07 1432.52964395
"84" 2015 16030.44 1483.617222
"85" 2015 14225.57 1438.84527765
"86" 2015 12798.07 1458.66002825
"87" 2015 11314.21 1458.8542374
"88" 2015 9375.35 1345.03458775
"89" 2015 7701.5 1248.6827025
"90" 2015 6185.04 1083.000504
"91" 2015 4820.46 921.8647704
"92" 2015 3794.12 804.1447634
"93" 2015 2775.99 645.09843615
"94" 2015 1943.54 498.51801
"95" 2015 1387.93 387.2879872
"96" 2015 908.9 274.742292
"97" 2015 519.97 169.46602255
"98" 2015 327.8 114.63166
"99" 2015 205.37 76.6831043
"100" 2015 120.87 47.95335945
"101" 2015 68.81 28.865795
"102" 2015 35.85 15.82687875
"103" 2015 17.41 8.0517768
"104" 2015 7.41 3.57439875
"105" 2015 2.75 1.3778875
"106" 2015 0.36 0.1866348
"107" 2015 0 0
"108" 2015 0 0
"109" 2015 0 0
"110" 2015 0 0
"111" 2015 0 0
"112" 2016 31462 133.7135
"113" 2016 30438 11.10987
"114" 2016 29823 6.411945
"115" 2016 30104 4.5156
"116" 2016 29663 2.521355
"117" 2016 29590 3.10695
"118" 2016 29914 3.14097
"119" 2016 28325 2.54925
"120" 2016 26456 3.43928
"121" 2016 26230 3.9345
"122" 2016 26085 2.478075
"123" 2016 26062 4.03961
"124" 2016 26283 6.964995
"125" 2016 25969 11.556205
"126" 2016 27343 13.94493
"127" 2016 29757 11.754015
"128" 2016 31978 12.63131
"129" 2016 32719 19.794995
"130" 2016 33409 28.39765
"131" 2016 34279 27.4232
"132" 2016 35424 27.27648
"133" 2016 36070 28.4953
"134" 2016 39605 30.8919
"135" 2016 42701 35.44183
"136" 2016 42063 39.11859
"137" 2016 40770 47.49705
"138" 2016 38422 45.72218
"139" 2016 38070 53.86905
"140" 2016 39687 62.903895
"141" 2016 38944 57.63712
"142" 2016 37537 64.375955
"143" 2016 36906 67.90704
"144" 2016 36717 69.578715
"145" 2016 33934 72.78843
"146" 2016 33791 83.46377
"147" 2016 33451 86.63809
"148" 2016 33874 88.58051
"149" 2016 34536 98.25492
"150" 2016 35391 117.85203
"151" 2016 36255 122.723175
"152" 2016 36576 117.22608
"153" 2016 37448 142.11516
"154" 2016 38105 153.56315
"155" 2016 40009 161.63636
"156" 2016 41948 193.79976
"157" 2016 41413 205.82261
"158" 2016 41110 211.51095
"159" 2016 41324 229.3482
"160" 2016 41215 249.7629
"161" 2016 41554 278.4118
"162" 2016 41565 290.53935
"163" 2016 43048 318.77044
"164" 2016 43752 362.0478
"165" 2016 45481 402.05204
"166" 2016 47348 467.79824
"167" 2016 46881 473.96691
"168" 2016 45933 486.8898
"169" 2016 44791 516.664185
"170" 2016 41361 505.638225
"171" 2016 37776 513.56472
"172" 2016 37058 555.31413
"173" 2016 35006 553.26983
"174" 2016 32574 558.48123
"175" 2016 33671 634.193285
"176" 2016 33047 659.28765
"177" 2016 32648 719.8884
"178" 2016 33108 758.1732
"179" 2016 29442 705.1359
"180" 2016 26472 672.12408
"181" 2016 24812 644.73982
"182" 2016 26620 736.7085
"183" 2016 22816 677.86336
"184" 2016 25979 844.3175
"185" 2016 27855 949.437675
"186" 2016 26736 938.83464
"187" 2016 25358 1001.51421
"188" 2016 24596 1074.72222
"189" 2016 24438 1129.89093
"190" 2016 23172 1194.74832
"191" 2016 22602 1327.98051
"192" 2016 19682.54 1283.301608
"193" 2016 17910.5 1293.2276525
"194" 2016 17059.59 1398.63048615
"195" 2016 16051.43 1485.5598465
"196" 2016 14557.45 1472.41328025
"197" 2016 12774.27 1455.94742325
"198" 2016 11345.56 1462.8965064
"199" 2016 9876.07 1416.87038255
"200" 2016 8032.32 1302.3202032
"201" 2016 6459.03 1130.976153
"202" 2016 5099.55 975.237942
"203" 2016 3898.54 826.2760603
"204" 2016 3002.33 697.69645705
"205" 2016 2136.67 548.055855
"206" 2016 1454.09 405.7492736
"207" 2016 998.49 301.8235572
"208" 2016 623.78 203.2992587
"209" 2016 347.52 121.527744
"210" 2016 213.04 79.5470056
"211" 2016 129.9 51.5358765
"212" 2016 74.37 31.198215
"213" 2016 41.2 18.18877
"214" 2016 20.87 9.6519576
"215" 2016 9.72 4.688685
"216" 2016 3.68 1.843864
"217" 2016 1.19 0.6169317
"218" 2016 0 0
"219" 2016 0 0
"220" 2016 0 0
"221" 2016 0 0
"222" 2016 0 0
"223" 2017 30409 129.23825
"224" 2017 31158 11.37267
"225" 2017 30030 6.45645
"226" 2017 29400 4.41
"227" 2017 29674 2.52229
"228" 2017 29298 3.07629
"229" 2017 29258 3.07209
"230" 2017 29534 2.65806
"231" 2017 27966 3.63558
"232" 2017 26198 3.9297
"233" 2017 25935 2.463825
"234" 2017 25742 3.99001
"235" 2017 25766 6.82799
"236" 2017 26027 11.582015
"237" 2017 25727 13.12077
"238" 2017 27075 10.694625
"239" 2017 29472 11.64144
"240" 2017 31719 19.189995
"241" 2017 32306 27.4601
"242" 2017 32479 25.9832
"243" 2017 33474 25.77498
"244" 2017 34528 27.27712
"245" 2017 35080 27.3624
"246" 2017 38241 31.74003
"247" 2017 41233 38.34669
"248" 2017 40718 47.43647
"249" 2017 39394 46.87886
"250" 2017 37360 52.8644
"251" 2017 37133 58.855805
"252" 2017 38776 57.38848
"253" 2017 38025 65.212875
"254" 2017 36726 67.57584
"255" 2017 36047 68.309065
"256" 2017 35880 76.9626
"257" 2017 33120 81.8064
"258" 2017 32836 85.04524
"259" 2017 32704 85.52096
"260" 2017 33259 94.621855
"261" 2017 33991 113.19003
"262" 2017 34850 117.96725
"263" 2017 35699 114.415295
"264" 2017 36053 136.821135
"265" 2017 36925 148.80775
"266" 2017 37592 151.87168
"267" 2017 39487 182.42994
"268" 2017 41312 205.32064
"269" 2017 40971 210.795795
"270" 2017 40613 225.40215
"271" 2017 40840 247.4904
"272" 2017 40751 273.0317
"273" 2017 41033 286.82067
"274" 2017 41041 303.908605
"275" 2017 42512 351.7868
"276" 2017 43187 381.77308
"277" 2017 44816 442.78208
"278" 2017 46657 471.70227
"279" 2017 46281 490.5786
"280" 2017 45308 522.62778
"281" 2017 44190 540.22275
"282" 2017 40700 553.3165
"283" 2017 37233 557.936505
"284" 2017 36464 576.31352
"285" 2017 34431 590.319495
"286" 2017 32039 603.454565
"287" 2017 33024 658.8288
"288" 2017 32366 713.6703
"289" 2017 31941 731.4489
"290" 2017 32363 775.09385
"291" 2017 28731 729.48009
"292" 2017 25822 670.98467
"293" 2017 24192 669.5136
"294" 2017 25834 767.52814
"295" 2017 22118 718.835
"296" 2017 25104 855.66984
"297" 2017 26912 945.01488
"298" 2017 25736 1016.44332
"299" 2017 24386 1065.54627
"300" 2017 23574 1089.94389
"301" 2017 23264 1199.49184
"302" 2017 21958 1290.14229
"303" 2017 21194.17 1381.859884
"304" 2017 18407.45 1329.10992725
"305" 2017 16655.57 1365.50690645
"306" 2017 15764.38 1458.993369
"307" 2017 14683.55 1485.16766475
"308" 2017 13150.83 1498.86584925
"309" 2017 11377.68 1467.0380592
"310" 2017 9909.62 1421.6836333
"311" 2017 8487.9 1376.1856665
"312" 2017 6797.12 1190.175712
"313" 2017 5370.44 1027.0429456
"314" 2017 4169.9 883.7894555
"315" 2017 3110.65 722.86840025
"316" 2017 2323.24 595.91106
"317" 2017 1613.1 450.119424
"318" 2017 1062.53 321.1815684
"319" 2017 697.72 227.3974138
"320" 2017 423.36 148.048992
"321" 2017 229.22 85.5884558
"322" 2017 135.75 53.85677625
"323" 2017 79.87 33.505465
"324" 2017 43.93 19.39399675
"325" 2017 23.29 10.7711592
"326" 2017 11.22 5.4122475
"327" 2017 4.78 2.395019
"328" 2017 1.53 0.7931979
"329" 2017 0.33 0.1763784
"330" 2017 0 0
"331" 2017 0 0
"332" 2017 0 0
"333" 2017 0 0
"334" 2018 28760 122.23
"335" 2018 30422 11.10403
"336" 2018 30861 6.635115
"337" 2018 29710 4.4565
"338" 2018 29046 2.46891
"339" 2018 29320 3.0786
"340" 2018 28993 3.044265
"341" 2018 28996 2.60964
"342" 2018 29248 3.80224
"343" 2018 27687 4.15305
"344" 2018 25924 2.46278
"345" 2018 25630 3.97265
"346" 2018 25498 6.75697
"347" 2018 25533 11.362185
"348" 2018 25809 13.16259
"349" 2018 25486 10.06697
"350" 2018 26855 10.607725
"351" 2018 29237 17.688385
"352" 2018 31212 26.5302
"353" 2018 30910 24.728
"354" 2018 31285 24.08945
"355" 2018 32106 25.36374
"356" 2018 33001 25.74078
"357" 2018 33130 27.4979
"358" 2018 36276 33.73668
"359" 2018 39178 45.64237
"360" 2018 39040 46.4576
"361" 2018 38011 53.785565
"362" 2018 36272 57.49112
"363" 2018 36242 53.63816
"364" 2018 37966 65.11169
"365" 2018 37361 68.74424
"366" 2018 36115 68.437925
"367" 2018 35538 76.22901
"368" 2018 35410 87.4627
"369" 2018 32750 84.8225
"370" 2018 32502 84.99273
"371" 2018 32417 92.226365
"372" 2018 32935 109.67355
"373" 2018 33616 113.79016
"374" 2018 34536 110.68788
"375" 2018 35448 134.52516
"376" 2018 35724 143.96772
"377" 2018 36612 147.91248
"378" 2018 37358 172.59396
"379" 2018 39139 194.52083
"380" 2018 40941 210.641445
"381" 2018 40644 225.5742
"382" 2018 40301 244.22406
"383" 2018 40458 271.0686
"384" 2018 40435 282.64065
"385" 2018 40639 300.931795
"386" 2018 40672 336.5608
"387" 2018 42111 372.26124
"388" 2018 42728 422.15264
"389" 2018 44354 448.41894
"390" 2018 46130 488.978
"391" 2018 45753 527.760855
"392" 2018 44776 547.3866
"393" 2018 43680 593.8296
"394" 2018 40199 602.382015
"395" 2018 36716 580.29638
"396" 2018 36016 617.49432
"397" 2018 33924 638.95854
"398" 2018 31522 628.8639
"399" 2018 32428 715.0374
"400" 2018 31709 726.1361
"401" 2018 31286 749.2997
"402" 2018 31640 803.3396
"403" 2018 28074 729.50289
"404" 2018 25162 696.35835
"405" 2018 23530 699.0763
"406" 2018 25076 814.97
"407" 2018 21435 730.611975
"408" 2018 24281 852.627315
"409" 2018 25928 1024.02636
"410" 2018 24724 1080.31518
"411" 2018 23362 1080.14207
"412" 2018 22531 1161.69836
"413" 2018 22108 1298.95554
"414" 2018 20778.39 1354.751028
"415" 2018 19876.33 1435.17040765
"416" 2018 17090.26 1401.1449661
"417" 2018 15335.19 1419.2718345
"418" 2018 14371.26 1453.5810927
"419" 2018 13231.76 1508.089846
"420" 2018 11671.48 1504.9206312
"421" 2018 9943.58 1426.5557047
"422" 2018 8554.77 1387.02763395
"423" 2018 7195.55 1259.940805
"424" 2018 5638.11 1078.2321564
"425" 2018 4377.27 927.74049015
"426" 2018 3328.92 773.5910742
"427" 2018 2402.59 616.264335
"428" 2018 1732.3 483.380992
"429" 2018 1158.31 350.1339468
"430" 2018 739.44 240.9945876
"431" 2018 466.61 163.173517
"432" 2018 273.35 102.0661565
"433" 2018 142.88 56.6854968
"434" 2018 80.96 33.96272
"435" 2018 45.35 20.02089125
"436" 2018 23.44 10.8405312
"437" 2018 11.54 5.5666075
"438" 2018 5.04 2.525292
"439" 2018 1.94 1.0057542
"440" 2018 0.34 0.1817232
"441" 2018 0 0
"442" 2018 0 0
"443" 2018 0 0
"444" 2018 0 0
"445" 2019 28166 119.7055
"446" 2019 28894 10.54631
"447" 2019 30380 6.5317
"448" 2019 30724 4.6086
"449" 2019 29537 2.510645
"450" 2019 28822 3.02631
"451" 2019 29119 3.057495
"452" 2019 28815 2.59335
"453" 2019 28818 3.74634
"454" 2019 29114 4.3671
"455" 2019 27510 2.61345
"456" 2019 25745 3.990475
"457" 2019 25456 6.74584
"458" 2019 25365 11.287425
"459" 2019 25392 12.94992
"460" 2019 25667 10.138465
"461" 2019 25333 10.006535
"462" 2019 26718 16.16439
"463" 2019 28932 24.5922
"464" 2019 30169 24.1352
"465" 2019 30373 23.38721
"466" 2019 30828 24.35412
"467" 2019 31541 24.60198
"468" 2019 32303 26.81149
"469" 2019 32564 30.28452
"470" 2019 35777 41.680205
"471" 2019 38749 46.11131
"472" 2019 38826 54.93879
"473" 2019 38044 60.29974
"474" 2019 36317 53.74916
"475" 2019 36300 62.2545
"476" 2019 38015 69.9476
"477" 2019 37588 71.22926
"478" 2019 36193 77.633985
"479" 2019 35750 88.3025
"480" 2019 35545 92.06155
"481" 2019 32873 85.962895
"482" 2019 32574 92.67303
"483" 2019 32550 108.3915
"484" 2019 33082 111.98257
"485" 2019 33640 107.8162
"486" 2019 34577 131.219715
"487" 2019 35482 142.99246
"488" 2019 35774 144.52696
"489" 2019 36631 169.23522
"490" 2019 37308 185.42076
"491" 2019 39141 201.380445
"492" 2019 40954 227.2947
"493" 2019 40581 245.92086
"494" 2019 40166 269.1122
"495" 2019 40308 281.75292
"496" 2019 40211 297.762455
"497" 2019 40397 334.285175
"498" 2019 40415 357.2686
"499" 2019 41864 413.61632
"500" 2019 42375 428.41125
"501" 2019 44008 466.4848
"502" 2019 45775 528.014625
"503" 2019 45320 554.037
"504" 2019 44371 603.223745
"505" 2019 43164 646.81254
"506" 2019 39685 627.221425
"507" 2019 36316 622.63782
"508" 2019 35489 668.435315
"509" 2019 33391 666.15045
"510" 2019 30989 683.30745
"511" 2019 31756 727.2124
"512" 2019 31088 744.5576
"513" 2019 30577 776.35003
"514" 2019 30941 804.001885
"515" 2019 27372 757.5201
"516" 2019 24485 727.44935
"517" 2019 22864 743.08
"518" 2019 24313 828.708605
"519" 2019 20729 727.898835
"520" 2019 23388 923.70906
"521" 2019 24924 1089.05418
"522" 2019 23689 1095.260915
"523" 2019 22343 1152.00508
"524" 2019 21376 1255.94688
"525" 2019 20821.05 1357.53246
"526" 2019 19512.28 1408.8841774
"527" 2019 18552.86 1521.0562271
"528" 2019 15809.72 1463.189586
"529" 2019 14064.44 1422.5477838
"530" 2019 12975.96 1478.935041
"531" 2019 11807.35 1522.439709
"532" 2019 10278.49 1474.60356785
"533" 2019 8595.54 1393.6378779
"534" 2019 7319.65 1281.670715
"535" 2019 6022.97 1151.8327828
"536" 2019 4590.38 972.9080891
"537" 2019 3487.98 810.5542323
"538" 2019 2572.76 659.91294
"539" 2019 1797.81 501.6609024
"540" 2019 1263.77 382.0123956
"541" 2019 823.74 268.4692221
"542" 2019 504.32 176.360704
"543" 2019 305.08 113.9138212
"544" 2019 172.82 68.5637427
"545" 2019 87.45 36.685275
"546" 2019 47.21 20.84203475
"547" 2019 24.95 11.538876
"548" 2019 11.83 5.70649625
"549" 2019 5.14 2.575397
"550" 2019 1.8 0.933174
"551" 2019 0.69 0.3687912
"552" 2019 0 0
"553" 2019 0 0
"554" 2019 0 0
"555" 2019 0 0
"556" 2020 27351 116.24175
"557" 2020 28300 10.3295
"558" 2020 28916 6.21694
"559" 2020 30365 4.55475
"560" 2020 30658 2.60593
"561" 2020 29404 3.08742
"562" 2020 28683 3.011715
"563" 2020 28989 2.60901
"564" 2020 28698 3.73074
"565" 2020 28738 4.3107
"566" 2020 29000 2.755
"567" 2020 27350 4.23925
"568" 2020 25635 6.793275
"569" 2020 25367 11.288315
"570" 2020 25290 12.8979
"571" 2020 25288 9.98876
"572" 2020 25547 10.091065
"573" 2020 25242 15.27141
"574" 2020 26539 22.55815
"575" 2020 28310 22.648
"576" 2020 30021 23.11617
"577" 2020 30161 23.82719
"578" 2020 30554 23.83212
"579" 2020 31342 26.01386
"580" 2020 32282 30.02226
"581" 2020 32620 38.0023
"582" 2020 35902 42.72338
"583" 2020 39017 55.209055
"584" 2020 39248 62.20808
"585" 2020 38589 57.11172
"586" 2020 36871 63.233765
"587" 2020 36937 67.96408
"588" 2020 38625 73.194375
"589" 2020 38256 82.05912
"590" 2020 36757 90.78979
"591" 2020 36300 94.017
"592" 2020 36071 94.325665
"593" 2020 33343 94.860835
"594" 2020 33132 110.32956
"595" 2020 32947 111.525595
"596" 2020 33485 107.319425
"597" 2020 33993 129.003435
"598" 2020 34922 140.73566
"599" 2020 35789 144.58756
"600" 2020 36063 166.61106
"601" 2020 36800 182.896
"602" 2020 37503 192.952935
"603" 2020 39305 218.14275
"604" 2020 41141 249.31446
"605" 2020 40721 272.8307
"606" 2020 40250 281.3475
"607" 2020 40320 298.5696
"608" 2020 40149 332.232975
"609" 2020 40333 356.54372
"610" 2020 40256 397.72928
"611" 2020 41574 420.31314
"612" 2020 42146 446.7476
"613" 2020 43687 503.929545
"614" 2020 45423 555.296175
"615" 2020 44901 610.429095
"616" 2020 43909 657.976365
"617" 2020 42655 674.162275
"618" 2020 39265 673.198425
"619" 2020 35912 676.40252
"620" 2020 34967 697.59165
"621" 2020 32774 722.6667
"622" 2020 30390 695.931
"623" 2020 31080 744.366
"624" 2020 30424 772.46536
"625" 2020 29872 776.22392
"626" 2020 30223 836.421525
"627" 2020 26677 792.57367
"628" 2020 23867 775.6775
"629" 2020 22196 756.55066
"630" 2020 23517 825.799455
"631" 2020 20007 790.176465
"632" 2020 22474 982.00143
"633" 2020 23942 1106.95837
"634" 2020 22677 1169.22612
"635" 2020 21310 1252.06905
"636" 2020 20351.67 1326.928884
"637" 2020 19665.99 1419.98280795
"638" 2020 18275.46 1498.3135881
"639" 2020 17265.59 1597.9303545
"640" 2020 14516.71 1468.29263295
"641" 2020 12773.29 1455.83572775
"642" 2020 11663.83 1503.9342402
"643" 2020 10462.16 1500.9537844
"644" 2020 8981.81 1456.26576435
"645" 2020 7405.06 1296.626006
"646" 2020 6164.03 1178.8090972
"647" 2020 4986.28 1056.8171146
"648" 2020 3720.82 864.6627557
"649" 2020 2733.49 701.140185
"650" 2020 1971.6 550.155264
"651" 2020 1346.64 407.0623392
"652" 2020 918.59 299.38225985
"653" 2020 581.12 203.217664
"654" 2020 339 126.57921
"655" 2020 195.01 77.36729235
"656" 2020 106.39 44.630605
"657" 2020 51.91 22.91696725
"658" 2020 26.26 12.1447248
"659" 2020 12.67 6.11169125
"660" 2020 5.03 2.5202815
"661" 2020 1.49 0.7724607
"662" 2020 0.31 0.1656888
"663" 2020 0 0
"664" 2020 0 0
"665" 2020 0 0
"666" 2020 0 0
"667" 2021 25100 106.675
"668" 2021 27410 10.00465
"669" 2021 28309 6.086435
"670" 2021 28948 4.3422
"671" 2021 30385 2.582725
"672" 2021 30685 3.221925
"673" 2021 29306 3.07713
"674" 2021 28662 2.57958
"675" 2021 28961 3.76493
"676" 2021 28677 4.30155
"677" 2021 28732 2.72954
"678" 2021 28923 4.483065
"679" 2021 27298 7.23397
"680" 2021 25627 11.404015
"681" 2021 25345 12.92595
"682" 2021 25228 9.96506
"683" 2021 25208 9.95716
"684" 2021 25514 15.43597
"685" 2021 25162 21.3877
"686" 2021 26166 20.9328
"687" 2021 28393 21.86261
"688" 2021 30147 23.81613
"689" 2021 30329 23.65662
"690" 2021 30839 25.59637
"691" 2021 31834 29.60562
"692" 2021 32936 38.37044
"693" 2021 33236 39.55084
"694" 2021 36575 51.753625
"695" 2021 39864 63.18444
"696" 2021 40122 59.38056
"697" 2021 39440 67.6396
"698" 2021 37776 69.50784
"699" 2021 37865 71.754175
"700" 2021 39378 84.46581
"701" 2021 39130 96.6511
"702" 2021 37595 97.37105
"703" 2021 36968 96.67132
"704" 2021 36801 104.698845
"705" 2021 33944 113.03352
"706" 2021 33677 113.996645
"707" 2021 33477 107.293785
"708" 2021 33972 128.92374
"709" 2021 34407 138.66021
"710" 2021 35321 142.69684
"711" 2021 36144 166.98528
"712" 2021 36347 180.64459
"713" 2021 37073 190.740585
"714" 2021 37745 209.48475
"715" 2021 39501 239.37606
"716" 2021 41203 276.0601
"717" 2021 40712 284.57688
"718" 2021 40241 297.984605
"719" 2021 40267 333.209425
"720" 2021 40058 354.11272
"721" 2021 40224 397.41312
"722" 2021 40010 404.5011
"723" 2021 41339 438.1934
"724" 2021 41793 482.082255
"725" 2021 43359 530.063775
"726" 2021 44959 611.217605
"727" 2021 44425 665.708625
"728" 2021 43376 685.55768
"729" 2021 42095 721.718775
"730" 2021 38800 730.798
"731" 2021 35289 704.01555
"732" 2021 34241 755.01405
"733" 2021 32091 734.8839
"734" 2021 29746 712.4167
"735" 2021 30382 771.39898
"736" 2021 29608 769.36388
"737" 2021 29077 804.705975
"738" 2021 29333 871.48343
"739" 2021 25787 838.0775
"740" 2021 22998 783.88683
"741" 2021 21411 751.847265
"742" 2021 22572 891.48114
"743" 2021 19129 835.841655
"744" 2021 21429 990.769815
"745" 2021 22703 1170.56668
"746" 2021 21401 1257.415755
"747" 2021 20104 1310.7808
"748" 2021 19088 1378.24904
"749" 2021 18283 1498.931755
"750" 2021 16796 1554.4698
"751" 2021 15777 1595.764665
"752" 2021 13081.72 1490.989037
"753" 2021 11326.09 1460.3860446
"754" 2021 10184.69 1461.14655085
"755" 2021 8978.61 1455.74693235
"756" 2021 7585.6 1328.23856
"757" 2021 6148.1 1175.762644
"758" 2021 5009.64 1061.7681498
"759" 2021 3971.05 922.81245425
"760" 2021 2873.23 736.983495
"761" 2021 2055.72 573.6281088
"762" 2021 1448.99 438.0006972
"763" 2021 967.5 315.3227625
"764" 2021 642.14 224.556358
"765" 2021 383.95 143.3630905
"766" 2021 210.41 83.47701135
"767" 2021 116.93 49.052135
"768" 2021 60.32 26.629772
"769" 2021 27.11 12.5378328
"770" 2021 12.96 6.25158
"771" 2021 5.67 2.8409535
"772" 2021 1.52 0.7880136
"773" 2021 0 0
"774" 2021 0 0
"775" 2021 0 0
"776" 2021 0 0
"777" 2021 0 0
