"year" "population" "expected"
"1" 2015 30357 110.80305
"2" 2015 30013 6.90299
"3" 2015 30383 4.86128
"4" 2015 29909 4.48635
"5" 2015 29816 3.57792
"6" 2015 30250 3.3275
"7" 2015 28564 3.42768
"8" 2015 26674 3.60099
"9" 2015 26423 3.43499
"10" 2015 26336 3.02864
"11" 2015 26394 3.16728
"12" 2015 26571 4.25136
"13" 2015 26177 4.580975
"14" 2015 27574 7.03137
"15" 2015 30021 9.60672
"16" 2015 32257 11.128665
"17" 2015 32955 12.358125
"18" 2015 33799 16.56151
"19" 2015 35129 23.53643
"20" 2015 36258 24.29286
"21" 2015 36941 24.38106
"22" 2015 40809 27.546075
"23" 2015 44196 31.82112
"24" 2015 43442 34.10197
"25" 2015 41779 33.4232
"26" 2015 39354 36.40245
"27" 2015 38794 38.40606
"28" 2015 39951 44.145855
"29" 2015 39427 52.240775
"30" 2015 37811 52.55729
"31" 2015 37279 52.749785
"32" 2015 37244 57.35576
"33" 2015 34378 61.19284
"34" 2015 34284 67.36806
"35" 2015 34152 71.54844
"36" 2015 34460 74.6059
"37" 2015 35033 81.802055
"38" 2015 35867 95.40622
"39" 2015 36782 107.77126
"40" 2015 37054 111.71781
"41" 2015 37832 118.03584
"42" 2015 38539 132.381465
"43" 2015 40484 147.15934
"44" 2015 42465 163.9149
"45" 2015 42059 177.06839
"46" 2015 41620 188.1224
"47" 2015 41778 204.50331
"48" 2015 41669 219.17894
"49" 2015 41932 232.30328
"50" 2015 42026 247.32301
"51" 2015 43504 274.0752
"52" 2015 44233 303.88071
"53" 2015 45984 340.74144
"54" 2015 47886 385.72173
"55" 2015 47583 418.492485
"56" 2015 46560 428.8176
"57" 2015 45383 438.626695
"58" 2015 41859 431.1477
"59" 2015 38311 435.59607
"60" 2015 37622 468.58201
"61" 2015 35489 484.06996
"62" 2015 33091 488.75407
"63" 2015 34254 545.83749
"64" 2015 33706 584.12498
"65" 2015 33381 625.059225
"66" 2015 33894 690.75972
"67" 2015 30160 646.3288
"68" 2015 27158 610.10447
"69" 2015 25455 601.2471
"70" 2015 27369 686.41452
"71" 2015 23478 626.8626
"72" 2015 26786 767.68676
"73" 2015 28812 896.34132
"74" 2015 27658 917.96902
"75" 2015 26322 940.48506
"76" 2015 25612 996.43486
"77" 2015 25596 1072.21644
"78" 2015 24293 1100.95876
"79" 2015 23850 1181.7675
"80" 2015 21561 1190.38281
"81" 2015 19175.41 1186.1908626
"82" 2015 18385.46 1262.2537563
"83" 2015 17473.07 1333.195241
"84" 2015 16030.44 1378.61784
"85" 2015 14225.57 1379.09788365
"86" 2015 12798.07 1398.25313785
"87" 2015 11314.21 1395.6078035
"88" 2015 9375.35 1284.56358025
"89" 2015 7701.5 1158.4981375
"90" 2015 6185.04 1032.0357744
"91" 2015 4820.46 886.6513101
"92" 2015 3794.12 765.843122
"93" 2015 2775.99 630.91312725
"94" 2015 1943.54 481.706389
"95" 2015 1387.93 370.66752545
"96" 2015 908.9 265.626025
"97" 2015 519.97 164.19872645
"98" 2015 327.8 111.317602
"99" 2015 205.37 74.63453855
"100" 2015 120.87 46.7778987
"101" 2015 68.81 28.22138935
"102" 2015 35.85 15.50745525
"103" 2015 17.41 7.905881
"104" 2015 7.41 3.5166378
"105" 2015 2.75 1.35817
"106" 2015 0.36 0.1842858
"107" 2015 0 0
"108" 2015 0 0
"109" 2015 0 0
"110" 2015 0 0
"111" 2015 0 0
"112" 2016 31462 114.8363
"113" 2016 30438 7.00074
"114" 2016 29823 4.77168
"115" 2016 30104 4.5156
"116" 2016 29663 3.55956
"117" 2016 29590 3.2549
"118" 2016 29914 3.58968
"119" 2016 28325 3.823875
"120" 2016 26456 3.43928
"121" 2016 26230 3.01645
"122" 2016 26085 3.1302
"123" 2016 26062 4.16992
"124" 2016 26283 4.599525
"125" 2016 25969 6.622095
"126" 2016 27343 8.74976
"127" 2016 29757 10.266165
"128" 2016 31978 11.99175
"129" 2016 32719 16.03231
"130" 2016 33409 22.38403
"131" 2016 34279 22.96693
"132" 2016 35424 23.37984
"133" 2016 36070 24.34725
"134" 2016 39605 28.5156
"135" 2016 42701 33.520285
"136" 2016 42063 33.6504
"137" 2016 40770 37.71225
"138" 2016 38422 38.03778
"139" 2016 38070 42.06735
"140" 2016 39687 52.585275
"141" 2016 38944 54.13216
"142" 2016 37537 53.114855
"143" 2016 36906 56.83524
"144" 2016 36717 65.35626
"145" 2016 33934 66.68031
"146" 2016 33791 70.792145
"147" 2016 33451 72.421415
"148" 2016 33874 79.09579
"149" 2016 34536 91.86576
"150" 2016 35391 103.69563
"151" 2016 36255 109.308825
"152" 2016 36576 114.11712
"153" 2016 37448 128.63388
"154" 2016 38105 138.511675
"155" 2016 40009 154.43474
"156" 2016 41948 176.60108
"157" 2016 41413 187.18676
"158" 2016 41110 201.23345
"159" 2016 41324 217.36424
"160" 2016 41215 228.3311
"161" 2016 41554 244.54529
"162" 2016 41565 261.8595
"163" 2016 43048 295.73976
"164" 2016 43752 324.20232
"165" 2016 45481 366.349455
"166" 2016 47348 416.42566
"167" 2016 46881 431.77401
"168" 2016 45933 443.942445
"169" 2016 44791 461.3473
"170" 2016 41361 470.27457
"171" 2016 37776 470.50008
"172" 2016 37058 505.47112
"173" 2016 35006 517.03862
"174" 2016 32574 519.06669
"175" 2016 33671 583.51843
"176" 2016 33047 618.805075
"177" 2016 32648 665.36624
"178" 2016 33108 709.50444
"179" 2016 29442 661.41453
"180" 2016 26472 625.26864
"181" 2016 24812 622.28496
"182" 2016 26620 710.754
"183" 2016 22816 653.90656
"184" 2016 25979 808.20669
"185" 2016 27855 924.50745
"186" 2016 26736 955.27728
"187" 2016 25358 986.55299
"188" 2016 24596 1030.32644
"189" 2016 24438 1107.53016
"190" 2016 23172 1148.1726
"191" 2016 22602 1247.85642
"192" 2016 19682.54 1217.5619244
"193" 2016 17910.5 1229.6453775
"194" 2016 17059.59 1301.646717
"195" 2016 16051.43 1380.42298
"196" 2016 14557.45 1411.27199025
"197" 2016 12774.27 1395.65286885
"198" 2016 11345.56 1399.474826
"199" 2016 9876.07 1353.16973105
"200" 2016 8032.32 1208.261736
"201" 2016 6459.03 1077.7537458
"202" 2016 5099.55 937.98572925
"203" 2016 3898.54 786.920299
"204" 2016 3002.33 682.35455075
"205" 2016 2136.67 529.5736595
"206" 2016 1454.09 388.33654585
"207" 2016 998.49 291.8087025
"208" 2016 623.78 196.9803673
"209" 2016 347.52 118.0143168
"210" 2016 213.04 77.4219316
"211" 2016 129.9 50.272599
"212" 2016 74.37 30.50173995
"213" 2016 41.2 17.821678
"214" 2016 20.87 9.477067
"215" 2016 9.72 4.6129176
"216" 2016 3.68 1.8174784
"217" 2016 1.19 0.60916695
"218" 2016 0 0
"219" 2016 0 0
"220" 2016 0 0
"221" 2016 0 0
"222" 2016 0 0
"223" 2017 30409 110.99285
"224" 2017 31158 7.16634
"225" 2017 30030 4.8048
"226" 2017 29400 4.41
"227" 2017 29674 3.56088
"228" 2017 29298 3.22278
"229" 2017 29258 3.51096
"230" 2017 29534 3.98709
"231" 2017 27966 3.63558
"232" 2017 26198 3.01277
"233" 2017 25935 3.1122
"234" 2017 25742 4.11872
"235" 2017 25766 4.50905
"236" 2017 26027 6.636885
"237" 2017 25727 8.23264
"238" 2017 27075 9.340875
"239" 2017 29472 11.052
"240" 2017 31719 15.54231
"241" 2017 32306 21.64502
"242" 2017 32479 21.76093
"243" 2017 33474 22.09284
"244" 2017 34528 23.3064
"245" 2017 35080 25.2576
"246" 2017 38241 30.019185
"247" 2017 41233 32.9864
"248" 2017 40718 37.66415
"249" 2017 39394 39.00006
"250" 2017 37360 41.2828
"251" 2017 37133 49.201225
"252" 2017 38776 53.89864
"253" 2017 38025 53.805375
"254" 2017 36726 56.55804
"255" 2017 36047 64.16366
"256" 2017 35880 70.5042
"257" 2017 33120 69.3864
"258" 2017 32836 71.08994
"259" 2017 32704 76.36384
"260" 2017 33259 88.46894
"261" 2017 33991 99.59363
"262" 2017 34850 105.07275
"263" 2017 35699 111.38088
"264" 2017 36053 123.842055
"265" 2017 36925 134.222375
"266" 2017 37592 145.10512
"267" 2017 39487 166.24027
"268" 2017 41312 186.73024
"269" 2017 40971 200.553045
"270" 2017 40613 213.62438
"271" 2017 40840 226.2536
"272" 2017 40751 239.819635
"273" 2017 41033 258.5079
"274" 2017 41041 281.95167
"275" 2017 42512 315.01392
"276" 2017 43187 347.871285
"277" 2017 44816 394.15672
"278" 2017 46657 429.71097
"279" 2017 46281 447.305865
"280" 2017 45308 466.6724
"281" 2017 44190 502.4403
"282" 2017 40700 506.9185
"283" 2017 37233 507.85812
"284" 2017 36464 538.57328
"285" 2017 34431 548.657985
"286" 2017 32039 555.23587
"287" 2017 33024 618.3744
"288" 2017 32366 659.61908
"289" 2017 31941 684.49563
"290" 2017 32363 727.034795
"291" 2017 28731 678.62622
"292" 2017 25822 647.61576
"293" 2017 24192 645.9264
"294" 2017 25834 740.40244
"295" 2017 22118 688.09098
"296" 2017 25104 833.20176
"297" 2017 26912 961.56576
"298" 2017 25736 1001.25908
"299" 2017 24386 1021.52954
"300" 2017 23574 1068.37368
"301" 2017 23264 1152.7312
"302" 2017 21958 1212.30118
"303" 2017 21194.17 1311.0713562
"304" 2017 18407.45 1263.76347975
"305" 2017 16655.57 1270.819991
"306" 2017 15764.38 1355.73668
"307" 2017 14683.55 1423.49675475
"308" 2017 13150.83 1436.79393165
"309" 2017 11377.68 1403.436828
"310" 2017 9909.62 1357.7665843
"311" 2017 8487.9 1276.7923575
"312" 2017 6797.12 1134.1674432
"313" 2017 5370.44 987.8118814
"314" 2017 4169.9 841.694315
"315" 2017 3110.65 706.97297875
"316" 2017 2323.24 575.815034
"317" 2017 1613.1 430.8025515
"318" 2017 1062.53 310.5243925
"319" 2017 697.72 220.3295102
"320" 2017 423.36 143.7688224
"321" 2017 229.22 83.3019863
"322" 2017 135.75 52.5366075
"323" 2017 79.87 32.75748245
"324" 2017 43.93 19.00258045
"325" 2017 23.29 10.575989
"326" 2017 11.22 5.3247876
"327" 2017 4.78 2.3607464
"328" 2017 1.53 0.78321465
"329" 2017 0.33 0.17443965
"330" 2017 0 0
"331" 2017 0 0
"332" 2017 0 0
"333" 2017 0 0
"334" 2018 28760 104.974
"335" 2018 30422 6.99706
"336" 2018 30861 4.93776
"337" 2018 29710 4.4565
"338" 2018 29046 3.48552
"339" 2018 29320 3.2252
"340" 2018 28993 3.47916
"341" 2018 28996 3.91446
"342" 2018 29248 3.80224
"343" 2018 27687 3.184005
"344" 2018 25924 3.11088
"345" 2018 25630 4.1008
"346" 2018 25498 4.46215
"347" 2018 25533 6.510915
"348" 2018 25809 8.25888
"349" 2018 25486 8.79267
"350" 2018 26855 10.070625
"351" 2018 29237 14.32613
"352" 2018 31212 20.91204
"353" 2018 30910 20.7097
"354" 2018 31285 20.6481
"355" 2018 32106 21.67155
"356" 2018 33001 23.76072
"357" 2018 33130 26.00705
"358" 2018 36276 29.0208
"359" 2018 39178 36.23965
"360" 2018 39040 38.6496
"361" 2018 38011 42.002155
"362" 2018 36272 48.0604
"363" 2018 36242 50.37638
"364" 2018 37966 53.72189
"365" 2018 37361 57.53594
"366" 2018 36115 64.2847
"367" 2018 35538 69.83217
"368" 2018 35410 74.18395
"369" 2018 32750 70.90375
"370" 2018 32502 75.89217
"371" 2018 32417 86.22922
"372" 2018 32935 96.49955
"373" 2018 33616 101.35224
"374" 2018 34536 107.75232
"375" 2018 35448 121.76388
"376" 2018 35724 129.85674
"377" 2018 36612 141.32232
"378" 2018 37358 157.27718
"379" 2018 39139 176.90828
"380" 2018 40941 200.406195
"381" 2018 40644 213.78744
"382" 2018 40301 223.26754
"383" 2018 40458 238.09533
"384" 2018 40435 254.7405
"385" 2018 40639 279.18993
"386" 2018 40672 301.37952
"387" 2018 42111 339.204105
"388" 2018 42728 375.79276
"389" 2018 44354 408.50034
"390" 2018 46130 445.84645
"391" 2018 45753 471.2559
"392" 2018 44776 509.10312
"393" 2018 43680 544.0344
"394" 2018 40199 548.31436
"395" 2018 36716 542.29532
"396" 2018 36016 573.91496
"397" 2018 33924 587.90292
"398" 2018 31522 590.24945
"399" 2018 32428 660.88264
"400" 2018 31709 679.52387
"401" 2018 31286 702.83999
"402" 2018 31640 747.3368
"403" 2018 28074 704.09592
"404" 2018 25162 671.8254
"405" 2018 23530 674.3698
"406" 2018 25076 780.11436
"407" 2018 21435 711.42765
"408" 2018 24281 867.56013
"409" 2018 25928 1008.72884
"410" 2018 24724 1035.68836
"411" 2018 23362 1058.76584
"412" 2018 22531 1116.41105
"413" 2018 22108 1220.58268
"414" 2018 20778.39 1285.3512054
"415" 2018 19876.33 1364.60943615
"416" 2018 17090.26 1303.986838
"417" 2018 15335.19 1318.82634
"418" 2018 14371.26 1393.2218007
"419" 2018 13231.76 1445.6359388
"420" 2018 11671.48 1439.677058
"421" 2018 9943.58 1362.4196137
"422" 2018 8554.77 1286.85127725
"423" 2018 7195.55 1200.649473
"424" 2018 5638.11 1037.04576285
"425" 2018 4377.27 883.5519495
"426" 2018 3328.92 756.580293
"427" 2018 2402.59 595.4819315
"428" 2018 1732.3 462.6366995
"429" 2018 1158.31 338.5160975
"430" 2018 739.44 233.5040604
"431" 2018 466.61 158.4560899
"432" 2018 273.35 99.33949025
"433" 2018 142.88 55.2959888
"434" 2018 80.96 33.2045296
"435" 2018 45.35 19.61682275
"436" 2018 23.44 10.644104
"437" 2018 11.54 5.4766532
"438" 2018 5.04 2.4891552
"439" 2018 1.94 0.9930957
"440" 2018 0.34 0.1797257
"441" 2018 0 0
"442" 2018 0 0
"443" 2018 0 0
"444" 2018 0 0
"445" 2019 28166 102.8059
"446" 2019 28894 6.64562
"447" 2019 30380 4.8608
"448" 2019 30724 4.6086
"449" 2019 29537 3.54444
"450" 2019 28822 3.17042
"451" 2019 29119 3.49428
"452" 2019 28815 3.890025
"453" 2019 28818 3.74634
"454" 2019 29114 3.34811
"455" 2019 27510 3.3012
"456" 2019 25745 4.1192
"457" 2019 25456 4.4548
"458" 2019 25365 6.468075
"459" 2019 25392 8.12544
"460" 2019 25667 8.855115
"461" 2019 25333 9.499875
"462" 2019 26718 13.09182
"463" 2019 28932 19.38444
"464" 2019 30169 20.21323
"465" 2019 30373 20.04618
"466" 2019 30828 20.8089
"467" 2019 31541 22.70952
"468" 2019 32303 25.357855
"469" 2019 32564 26.0512
"470" 2019 35777 33.093725
"471" 2019 38749 38.36151
"472" 2019 38826 42.90273
"473" 2019 38044 50.4083
"474" 2019 36317 50.48063
"475" 2019 36300 51.3645
"476" 2019 38015 58.5431
"477" 2019 37588 66.90664
"478" 2019 36193 71.119245
"479" 2019 35750 74.89625
"480" 2019 35545 76.954925
"481" 2019 32873 76.758455
"482" 2019 32574 86.64684
"483" 2019 32550 95.3715
"484" 2019 33082 99.74223
"485" 2019 33640 104.9568
"486" 2019 34577 118.771995
"487" 2019 35482 128.97707
"488" 2019 35774 138.08764
"489" 2019 36631 154.21651
"490" 2019 37308 168.63216
"491" 2019 39141 191.595195
"492" 2019 40954 215.41804
"493" 2019 40581 224.81874
"494" 2019 40166 236.37691
"495" 2019 40308 253.9404
"496" 2019 40211 276.24957
"497" 2019 40397 299.34177
"498" 2019 40415 325.542825
"499" 2019 41864 368.19388
"500" 2019 42375 390.27375
"501" 2019 44008 425.33732
"502" 2019 45775 471.4825
"503" 2019 45320 515.2884
"504" 2019 44371 552.640805
"505" 2019 43164 588.75696
"506" 2019 39685 586.14745
"507" 2019 36316 578.69546
"508" 2019 35489 615.02437
"509" 2019 33391 625.246475
"510" 2019 30989 631.55582
"511" 2019 31756 680.53108
"512" 2019 31088 698.39192
"513" 2019 30577 722.22874
"514" 2019 30941 776.00028
"515" 2019 27372 730.8324
"516" 2019 24485 701.7401
"517" 2019 22864 711.29904
"518" 2019 24313 806.94847
"519" 2019 20729 740.64717
"520" 2019 23388 909.91014
"521" 2019 24924 1044.06636
"522" 2019 23689 1073.58548
"523" 2019 22343 1107.09565
"524" 2019 21376 1180.16896
"525" 2019 20821.05 1287.990153
"526" 2019 19512.28 1339.6155834
"527" 2019 18552.86 1415.583218
"528" 2019 15809.72 1359.63592
"529" 2019 14064.44 1363.4771358
"530" 2019 12975.96 1417.6885098
"531" 2019 11807.35 1456.4366225
"532" 2019 10278.49 1408.30730735
"533" 2019 8595.54 1292.9841045
"534" 2019 7319.65 1221.356799
"535" 2019 6022.97 1107.83498695
"536" 2019 4590.38 926.568203
"537" 2019 3487.98 792.7306545
"538" 2019 2572.76 637.658566
"539" 2019 1797.81 480.13212765
"540" 2019 1263.77 369.3367825
"541" 2019 823.74 260.1247359
"542" 2019 504.32 171.2620288
"543" 2019 305.08 110.8706482
"544" 2019 172.82 66.8830682
"545" 2019 87.45 35.86630575
"546" 2019 47.21 20.42139365
"547" 2019 24.95 11.329795
"548" 2019 11.83 5.6142814
"549" 2019 5.14 2.5385432
"550" 2019 1.8 0.921429
"551" 2019 0.69 0.36473745
"552" 2019 0 0
"553" 2019 0 0
"554" 2019 0 0
"555" 2019 0 0
"556" 2020 27351 99.83115
"557" 2020 28300 6.509
"558" 2020 28916 4.62656
"559" 2020 30365 4.55475
"560" 2020 30658 3.67896
"561" 2020 29404 3.23444
"562" 2020 28683 3.44196
"563" 2020 28989 3.913515
"564" 2020 28698 3.73074
"565" 2020 28738 3.30487
"566" 2020 29000 3.48
"567" 2020 27350 4.376
"568" 2020 25635 4.486125
"569" 2020 25367 6.468585
"570" 2020 25290 8.0928
"571" 2020 25288 8.72436
"572" 2020 25547 9.580125
"573" 2020 25242 12.36858
"574" 2020 26539 17.78113
"575" 2020 28310 18.9677
"576" 2020 30021 19.81386
"577" 2020 30161 20.358675
"578" 2020 30554 21.99888
"579" 2020 31342 24.60347
"580" 2020 32282 25.8256
"581" 2020 32620 30.1735
"582" 2020 35902 35.54298
"583" 2020 39017 43.113785
"584" 2020 39248 52.0036
"585" 2020 38589 53.63871
"586" 2020 36871 52.172465
"587" 2020 36937 56.88298
"588" 2020 38625 68.7525
"589" 2020 38256 75.17304
"590" 2020 36757 77.005915
"591" 2020 36300 78.5895
"592" 2020 36071 84.225785
"593" 2020 33343 88.69238
"594" 2020 33132 97.07676
"595" 2020 32947 99.335205
"596" 2020 33485 104.4732
"597" 2020 33993 116.765955
"598" 2020 34922 126.94147
"599" 2020 35789 138.14554
"600" 2020 36063 151.82523
"601" 2020 36800 166.336
"602" 2020 37503 183.577185
"603" 2020 39305 206.7443
"604" 2020 41141 227.92114
"605" 2020 40721 239.643085
"606" 2020 40250 253.575
"607" 2020 40320 276.9984
"608" 2020 40149 297.50409
"609" 2020 40333 324.882315
"610" 2020 40256 354.05152
"611" 2020 41574 382.89654
"612" 2020 42146 407.34109
"613" 2020 43687 449.9761
"614" 2020 45423 516.45951
"615" 2020 44901 559.241955
"616" 2020 43909 598.91876
"617" 2020 42655 630.01435
"618" 2020 39265 625.687775
"619" 2020 35912 622.35496
"620" 2020 34967 654.757075
"621" 2020 32774 667.93412
"622" 2020 30390 651.2577
"623" 2020 31080 698.2122
"624" 2020 30424 718.61488
"625" 2020 29872 749.18976
"626" 2020 30223 806.9541
"627" 2020 26677 764.56282
"628" 2020 23867 742.50237
"629" 2020 22196 736.68524
"630" 2020 23517 840.26241
"631" 2020 20007 778.372335
"632" 2020 22474 941.43586
"633" 2020 23942 1085.05144
"634" 2020 22677 1123.64535
"635" 2020 21310 1176.5251
"636" 2020 20351.67 1258.9543062
"637" 2020 19665.99 1350.16854345
"638" 2020 18275.46 1394.417598
"639" 2020 17265.59 1484.84074
"640" 2020 14516.71 1407.32245095
"641" 2020 12773.29 1395.54579895
"642" 2020 11663.83 1438.7334305
"643" 2020 10462.16 1433.4728524
"644" 2020 8981.81 1351.08876925
"645" 2020 7405.06 1235.6083116
"646" 2020 6164.03 1133.78085805
"647" 2020 4986.28 1006.480618
"648" 2020 3720.82 845.6493655
"649" 2020 2733.49 677.4954965
"650" 2020 1971.6 526.545354
"651" 2020 1346.64 393.55554
"652" 2020 918.59 290.07694315
"653" 2020 581.12 197.3425408
"654" 2020 339 123.197685
"655" 2020 195.01 75.4708201
"656" 2020 106.39 43.63426265
"657" 2020 51.91 22.45444915
"658" 2020 26.26 11.924666
"659" 2020 12.67 6.0129286
"660" 2020 5.03 2.4842164
"661" 2020 1.49 0.76273845
"662" 2020 0.31 0.16386755
"663" 2020 0 0
"664" 2020 0 0
"665" 2020 0 0
"666" 2020 0 0
"667" 2021 25100 91.615
"668" 2021 27410 6.3043
"669" 2021 28309 4.52944
"670" 2021 28948 4.3422
"671" 2021 30385 3.6462
"672" 2021 30685 3.37535
"673" 2021 29306 3.51672
"674" 2021 28662 3.86937
"675" 2021 28961 3.76493
"676" 2021 28677 3.297855
"677" 2021 28732 3.44784
"678" 2021 28923 4.62768
"679" 2021 27298 4.77715
"680" 2021 25627 6.534885
"681" 2021 25345 8.1104
"682" 2021 25228 8.70366
"683" 2021 25208 9.453
"684" 2021 25514 12.50186
"685" 2021 25162 16.85854
"686" 2021 26166 17.53122
"687" 2021 28393 18.73938
"688" 2021 30147 20.349225
"689" 2021 30329 21.83688
"690" 2021 30839 24.208615
"691" 2021 31834 25.4672
"692" 2021 32936 30.4658
"693" 2021 33236 32.90364
"694" 2021 36575 40.415375
"695" 2021 39864 52.8198
"696" 2021 40122 55.76958
"697" 2021 39440 55.8076
"698" 2021 37776 58.17504
"699" 2021 37865 67.3997
"700" 2021 39378 77.37777
"701" 2021 39130 81.97735
"702" 2021 37595 81.393175
"703" 2021 36968 86.32028
"704" 2021 36801 97.89066
"705" 2021 33944 99.45592
"706" 2021 33677 101.536155
"707" 2021 33477 104.44824
"708" 2021 33972 116.69382
"709" 2021 34407 125.069445
"710" 2021 35321 136.33906
"711" 2021 36144 152.16624
"712" 2021 36347 164.28844
"713" 2021 37073 181.472335
"714" 2021 37745 198.5387
"715" 2021 39501 218.83554
"716" 2021 41203 242.479655
"717" 2021 40712 256.4856
"718" 2021 40241 276.45567
"719" 2021 40267 298.37847
"720" 2021 40058 322.66719
"721" 2021 40224 353.77008
"722" 2021 40010 368.4921
"723" 2021 41339 399.541435
"724" 2021 41793 430.4679
"725" 2021 43359 492.99183
"726" 2021 44959 559.964345
"727" 2021 44425 605.957
"728" 2021 43376 640.66352
"729" 2021 42095 670.783825
"730" 2021 38800 672.404
"731" 2021 35289 660.786525
"732" 2021 34241 697.83158
"733" 2021 32091 687.71013
"734" 2021 29746 668.24389
"735" 2021 30382 717.62284
"736" 2021 29608 742.56864
"737" 2021 29077 776.3559
"738" 2021 29333 840.68378
"739" 2021 25787 802.23357
"740" 2021 22998 763.30362
"741" 2021 21411 765.01503
"742" 2021 22572 878.16366
"743" 2021 19129 801.31381
"744" 2021 21429 971.16228
"745" 2021 22703 1124.93365
"746" 2021 21401 1181.54921
"747" 2021 20104 1243.63344
"748" 2021 19088 1310.48664
"749" 2021 18283 1394.9929
"750" 2021 16796 1444.456
"751" 2021 15777 1529.501265
"752" 2021 13081.72 1429.2433186
"753" 2021 11326.09 1397.0732015
"754" 2021 10184.69 1395.45530035
"755" 2021 8978.61 1350.60740925
"756" 2021 7585.6 1265.733216
"757" 2021 6148.1 1130.8507735
"758" 2021 5009.64 1011.195834
"759" 2021 3971.05 902.52038875
"760" 2021 2873.23 712.1300555
"761" 2021 2055.72 549.0108618
"762" 2021 1448.99 423.4673275
"763" 2021 967.5 305.5219875
"764" 2021 642.14 218.0643226
"765" 2021 383.95 139.53318925
"766" 2021 210.41 81.4307741
"767" 2021 116.93 47.95708555
"768" 2021 60.32 26.0923208
"769" 2021 27.11 12.310651
"770" 2021 12.96 6.1505568
"771" 2021 5.67 2.8002996
"772" 2021 1.52 0.7780956
"773" 2021 0 0
"774" 2021 0 0
"775" 2021 0 0
"776" 2021 0 0
"777" 2021 0 0
