"year" "population" "expected"
"1" 2015 30357 98.05311
"2" 2015 30013 3.60156
"3" 2015 30383 1.51915
"4" 2015 29909 2.542265
"5" 2015 29816 2.53436
"6" 2015 30250 2.57125
"7" 2015 28564 2.99922
"8" 2015 26674 3.73436
"9" 2015 26423 5.416715
"10" 2015 26336 5.00384
"11" 2015 26394 3.82713
"12" 2015 26571 3.055665
"13" 2015 26177 3.66478
"14" 2015 27574 3.30888
"15" 2015 30021 7.054935
"16" 2015 32257 13.386655
"17" 2015 32955 11.699025
"18" 2015 33799 15.040555
"19" 2015 35129 22.13127
"20" 2015 36258 24.83673
"21" 2015 36941 26.59752
"22" 2015 40809 27.137985
"23" 2015 44196 31.60014
"24" 2015 43442 34.53639
"25" 2015 41779 30.289775
"26" 2015 39354 31.67997
"27" 2015 38794 27.54374
"28" 2015 39951 32.160555
"29" 2015 39427 46.12959
"30" 2015 37811 47.074695
"31" 2015 37279 45.85317
"32" 2015 37244 47.85854
"33" 2015 34378 48.81676
"34" 2015 34284 56.5686
"35" 2015 34152 67.4502
"36" 2015 34460 64.7848
"37" 2015 35033 59.20577
"38" 2015 35867 75.141365
"39" 2015 36782 98.20794
"40" 2015 37054 98.74891
"41" 2015 37832 110.84776
"42" 2015 38539 123.132105
"43" 2015 40484 119.22538
"44" 2015 42465 132.278475
"45" 2015 42059 139.21529
"46" 2015 41620 169.8096
"47" 2015 41778 193.84992
"48" 2015 41669 193.552505
"49" 2015 41932 216.78844
"50" 2015 42026 208.23883
"51" 2015 43504 239.48952
"52" 2015 44233 293.26479
"53" 2015 45984 313.8408
"54" 2015 47886 354.83526
"55" 2015 47583 383.51898
"56" 2015 46560 402.9768
"57" 2015 45383 410.26232
"58" 2015 41859 395.776845
"59" 2015 38311 418.35612
"60" 2015 37622 452.02833
"61" 2015 35489 446.09673
"62" 2015 33091 445.40486
"63" 2015 34254 512.26857
"64" 2015 33706 558.50842
"65" 2015 33381 613.709685
"66" 2015 33894 700.92792
"67" 2015 30160 640.2968
"68" 2015 27158 577.78645
"69" 2015 25455 576.8103
"70" 2015 27369 663.42456
"71" 2015 23478 574.62405
"72" 2015 26786 693.48954
"73" 2015 28812 855.28422
"74" 2015 27658 885.33258
"75" 2015 26322 917.58492
"76" 2015 25612 976.32944
"77" 2015 25596 1033.69446
"78" 2015 24293 1058.68894
"79" 2015 23850 1067.64525
"80" 2015 21561 1044.953865
"81" 2015 19175.41 1072.00129605
"82" 2015 18385.46 1159.4790349
"83" 2015 17473.07 1244.4320454
"84" 2015 16030.44 1296.1412262
"85" 2015 14225.57 1287.414085
"86" 2015 12798.07 1297.40434625
"87" 2015 11314.21 1301.53014735
"88" 2015 9375.35 1193.15391775
"89" 2015 7701.5 1061.72879
"90" 2015 6185.04 978.0403752
"91" 2015 4820.46 842.6405103
"92" 2015 3794.12 720.123976
"93" 2015 2775.99 604.2497433
"94" 2015 1943.54 458.1118134
"95" 2015 1387.93 351.25038475
"96" 2015 908.9 253.2240845
"97" 2015 519.97 157.0101412
"98" 2015 327.8 106.771016
"99" 2015 205.37 71.8055668
"100" 2015 120.87 45.1425276
"101" 2015 68.81 27.31653785
"102" 2015 35.85 15.0537735
"103" 2015 17.41 7.69600345
"104" 2015 7.41 3.4323861
"105" 2015 2.75 1.32895125
"106" 2015 0.36 0.1807434
"107" 2015 0 0
"108" 2015 0 0
"109" 2015 0 0
"110" 2015 0 0
"111" 2015 0 0
"112" 2016 31462 101.62226
"113" 2016 30438 3.65256
"114" 2016 29823 1.49115
"115" 2016 30104 2.55884
"116" 2016 29663 2.521355
"117" 2016 29590 2.51515
"118" 2016 29914 3.14097
"119" 2016 28325 3.9655
"120" 2016 26456 5.42348
"121" 2016 26230 4.9837
"122" 2016 26085 3.782325
"123" 2016 26062 2.99713
"124" 2016 26283 3.67962
"125" 2016 25969 3.11628
"126" 2016 27343 6.425605
"127" 2016 29757 12.349155
"128" 2016 31978 11.35219
"129" 2016 32719 14.559955
"130" 2016 33409 21.04767
"131" 2016 34279 23.481115
"132" 2016 35424 25.50528
"133" 2016 36070 23.98655
"134" 2016 39605 28.317575
"135" 2016 42701 33.947295
"136" 2016 42063 30.495675
"137" 2016 40770 32.81985
"138" 2016 38422 27.27962
"139" 2016 38070 30.64635
"140" 2016 39687 46.43379
"141" 2016 38944 48.48528
"142" 2016 37537 46.17051
"143" 2016 36906 47.42421
"144" 2016 36717 52.13814
"145" 2016 33934 55.9911
"146" 2016 33791 66.737225
"147" 2016 33451 62.88788
"148" 2016 33874 57.24706
"149" 2016 34536 72.35292
"150" 2016 35391 94.49397
"151" 2016 36255 96.619575
"152" 2016 36576 107.16768
"153" 2016 37448 119.64636
"154" 2016 38105 112.219225
"155" 2016 40009 124.628035
"156" 2016 41948 138.84788
"157" 2016 41413 168.96504
"158" 2016 41110 190.7504
"159" 2016 41324 191.94998
"160" 2016 41215 213.08155
"161" 2016 41554 205.90007
"162" 2016 41565 228.815325
"163" 2016 43048 285.40824
"164" 2016 43752 298.6074
"165" 2016 45481 337.01421
"166" 2016 47348 381.62488
"167" 2016 46881 405.755055
"168" 2016 45933 415.23432
"169" 2016 44791 423.498905
"170" 2016 41361 451.66212
"171" 2016 37776 453.87864
"172" 2016 37058 465.81906
"173" 2016 35006 471.18076
"174" 2016 32574 487.14417
"175" 2016 33671 557.92847
"176" 2016 33047 607.569095
"177" 2016 32648 675.16064
"178" 2016 33108 702.88284
"179" 2016 29442 626.37855
"180" 2016 26472 599.85552
"181" 2016 24812 601.44288
"182" 2016 26620 651.5245
"183" 2016 22816 590.70624
"184" 2016 25979 771.186615
"185" 2016 27855 891.63855
"186" 2016 26736 932.01696
"187" 2016 25358 966.64696
"188" 2016 24596 993.30946
"189" 2016 24438 1065.00804
"190" 2016 23172 1037.29458
"191" 2016 22602 1095.40593
"192" 2016 19682.54 1100.3523987
"193" 2016 17910.5 1129.5256825
"194" 2016 17059.59 1214.9839998
"195" 2016 16051.43 1297.83837265
"196" 2016 14557.45 1317.449225
"197" 2016 12774.27 1294.99162125
"198" 2016 11345.56 1305.1364946
"199" 2016 9876.07 1256.87804855
"200" 2016 8032.32 1107.3356352
"201" 2016 6459.03 1021.3664139
"202" 2016 5099.55 891.42683775
"203" 2016 3898.54 739.942892
"204" 2016 3002.33 653.5171711
"205" 2016 2136.67 503.6344857
"206" 2016 1454.09 367.99382675
"207" 2016 998.49 278.18430645
"208" 2016 623.78 188.3566088
"209" 2016 347.52 113.1942144
"210" 2016 213.04 74.4873056
"211" 2016 129.9 48.515052
"212" 2016 74.37 29.52377445
"213" 2016 41.2 17.300292
"214" 2016 20.87 9.22547915
"215" 2016 9.72 4.5024012
"216" 2016 3.68 1.7783784
"217" 2016 1.19 0.59745735
"218" 2016 0 0
"219" 2016 0 0
"220" 2016 0 0
"221" 2016 0 0
"222" 2016 0 0
"223" 2017 30409 98.22107
"224" 2017 31158 3.73896
"225" 2017 30030 1.5015
"226" 2017 29400 2.499
"227" 2017 29674 2.52229
"228" 2017 29298 2.49033
"229" 2017 29258 3.07209
"230" 2017 29534 4.13476
"231" 2017 27966 5.73303
"232" 2017 26198 4.97762
"233" 2017 25935 3.760575
"234" 2017 25742 2.96033
"235" 2017 25766 3.60724
"236" 2017 26027 3.12324
"237" 2017 25727 6.045845
"238" 2017 27075 11.236125
"239" 2017 29472 10.46256
"240" 2017 31719 14.114955
"241" 2017 32306 20.35278
"242" 2017 32479 22.248115
"243" 2017 33474 24.10128
"244" 2017 34528 22.96112
"245" 2017 35080 25.0822
"246" 2017 38241 30.401595
"247" 2017 41233 29.893925
"248" 2017 40718 32.77799
"249" 2017 39394 27.96974
"250" 2017 37360 30.0748
"251" 2017 37133 43.44561
"252" 2017 38776 48.27612
"253" 2017 38025 46.77075
"254" 2017 36726 47.19291
"255" 2017 36047 51.18674
"256" 2017 35880 59.202
"257" 2017 33120 65.412
"258" 2017 32836 61.73168
"259" 2017 32704 55.26976
"260" 2017 33259 69.677605
"261" 2017 33991 90.75597
"262" 2017 34850 92.87525
"263" 2017 35699 104.59807
"264" 2017 36053 115.189335
"265" 2017 36925 108.744125
"266" 2017 37592 117.09908
"267" 2017 39487 130.70197
"268" 2017 41312 168.55296
"269" 2017 40971 190.10544
"270" 2017 40613 188.647385
"271" 2017 40840 211.1428
"272" 2017 40751 201.921205
"273" 2017 41033 225.886665
"274" 2017 41041 272.10183
"275" 2017 42512 290.1444
"276" 2017 43187 320.01567
"277" 2017 44816 361.21696
"278" 2017 46657 403.816335
"279" 2017 46281 418.38024
"280" 2017 45308 428.38714
"281" 2017 44190 482.5548
"282" 2017 40700 489.0105
"283" 2017 37233 468.01881
"284" 2017 36464 490.80544
"285" 2017 34431 514.915605
"286" 2017 32039 530.88623
"287" 2017 33024 607.14624
"288" 2017 32366 669.32888
"289" 2017 31941 678.10743
"290" 2017 32363 688.522825
"291" 2017 28731 651.04446
"292" 2017 25822 625.92528
"293" 2017 24192 592.0992
"294" 2017 25834 668.84226
"295" 2017 22118 656.57283
"296" 2017 25104 803.57904
"297" 2017 26912 938.15232
"298" 2017 25736 981.05632
"299" 2017 24386 984.82861
"300" 2017 23574 1027.35492
"301" 2017 23264 1041.41296
"302" 2017 21958 1064.19447
"303" 2017 21194.17 1184.86007385
"304" 2017 18407.45 1160.86583425
"305" 2017 16655.57 1186.2096954
"306" 2017 15764.38 1274.6289449
"307" 2017 14683.55 1328.861275
"308" 2017 13150.83 1333.16539125
"309" 2017 11377.68 1308.8314188
"310" 2017 9909.62 1261.1477893
"311" 2017 8487.9 1170.141894
"312" 2017 6797.12 1074.8285856
"313" 2017 5370.44 938.7797642
"314" 2017 4169.9 791.44702
"315" 2017 3110.65 677.0951855
"316" 2017 2323.24 547.6109004
"317" 2017 1613.1 408.2352825
"318" 2017 1062.53 296.02617065
"319" 2017 697.72 210.6835312
"320" 2017 423.36 137.8968192
"321" 2017 229.22 80.1444808
"322" 2017 135.75 50.69991
"323" 2017 79.87 31.70719195
"324" 2017 43.93 18.4466463
"325" 2017 23.29 10.29522805
"326" 2017 11.22 5.1972162
"327" 2017 4.78 2.3099589
"328" 2017 1.53 0.76815945
"329" 2017 0.33 0.17145645
"330" 2017 0 0
"331" 2017 0 0
"332" 2017 0 0
"333" 2017 0 0
"334" 2018 28760 92.8948
"335" 2018 30422 3.65064
"336" 2018 30861 1.54305
"337" 2018 29710 2.52535
"338" 2018 29046 2.46891
"339" 2018 29320 2.4922
"340" 2018 28993 3.044265
"341" 2018 28996 4.05944
"342" 2018 29248 5.99584
"343" 2018 27687 5.26053
"344" 2018 25924 3.75898
"345" 2018 25630 2.94745
"346" 2018 25498 3.56972
"347" 2018 25533 3.06396
"348" 2018 25809 6.065115
"349" 2018 25486 10.57669
"350" 2018 26855 9.533525
"351" 2018 29237 13.010465
"352" 2018 31212 19.66356
"353" 2018 30910 21.17335
"354" 2018 31285 22.5252
"355" 2018 32106 21.35049
"356" 2018 33001 23.595715
"357" 2018 33130 26.33835
"358" 2018 36276 26.3001
"359" 2018 39178 31.53829
"360" 2018 39040 27.7184
"361" 2018 38011 30.598855
"362" 2018 36272 42.43824
"363" 2018 36242 45.12129
"364" 2018 37966 46.69818
"365" 2018 37361 48.008885
"366" 2018 36115 51.2833
"367" 2018 35538 58.6377
"368" 2018 35410 69.93475
"369" 2018 32750 61.57
"370" 2018 32502 54.92838
"371" 2018 32417 67.913615
"372" 2018 32935 87.93645
"373" 2018 33616 89.58664
"374" 2018 34536 101.19048
"375" 2018 35448 113.25636
"376" 2018 35724 105.20718
"377" 2018 36612 114.04638
"378" 2018 37358 123.65498
"379" 2018 39139 159.68712
"380" 2018 40941 189.96624
"381" 2018 40644 188.79138
"382" 2018 40301 208.35617
"383" 2018 40458 200.46939
"384" 2018 40435 222.594675
"385" 2018 40639 269.43657
"386" 2018 40672 277.5864
"387" 2018 42111 312.04251
"388" 2018 42728 344.38768
"389" 2018 44354 383.88387
"390" 2018 46130 417.0152
"391" 2018 45753 432.594615
"392" 2018 44776 488.95392
"393" 2018 43680 524.8152
"394" 2018 40199 505.30143
"395" 2018 36716 494.19736
"396" 2018 36016 538.61928
"397" 2018 33924 562.12068
"398" 2018 31522 579.53197
"399" 2018 32428 670.61104
"400" 2018 31709 673.18207
"401" 2018 31286 665.60965
"402" 2018 31640 716.9624
"403" 2018 28074 680.51376
"404" 2018 25162 615.83995
"405" 2018 23530 609.1917
"406" 2018 25076 744.38106
"407" 2018 21435 686.13435
"408" 2018 24281 846.43566
"409" 2018 25928 988.37536
"410" 2018 24724 998.47874
"411" 2018 23362 1018.11596
"412" 2018 22531 1008.600215
"413" 2018 22108 1071.46422
"414" 2018 20778.39 1161.61589295
"415" 2018 19876.33 1253.50075145
"416" 2018 17090.26 1217.1683172
"417" 2018 15335.19 1239.92678745
"418" 2018 14371.26 1300.59903
"419" 2018 13231.76 1341.36967
"420" 2018 11671.48 1342.6287018
"421" 2018 9943.58 1265.4697087
"422" 2018 8554.77 1179.3605922
"423" 2018 7195.55 1137.8323215
"424" 2018 5638.11 985.56981855
"425" 2018 4377.27 830.805846
"426" 2018 3328.92 724.6060164
"427" 2018 2402.59 566.3144889
"428" 2018 1732.3 438.4018225
"429" 2018 1158.31 322.71095755
"430" 2018 739.44 223.2813024
"431" 2018 466.61 151.9842092
"432" 2018 273.35 95.574094
"433" 2018 142.88 53.3628224
"434" 2018 80.96 32.1399056
"435" 2018 45.35 19.0429185
"436" 2018 23.44 10.3615348
"437" 2018 11.54 5.3454434
"438" 2018 5.04 2.4356052
"439" 2018 1.94 0.9740061
"440" 2018 0.34 0.1766521
"441" 2018 0 0
"442" 2018 0 0
"443" 2018 0 0
"444" 2018 0 0
"445" 2019 28166 90.97618
"446" 2019 28894 3.46728
"447" 2019 30380 1.519
"448" 2019 30724 2.61154
"449" 2019 29537 2.510645
"450" 2019 28822 2.44987
"451" 2019 29119 3.057495
"452" 2019 28815 4.0341
"453" 2019 28818 5.90769
"454" 2019 29114 5.53166
"455" 2019 27510 3.98895
"456" 2019 25745 2.960675
"457" 2019 25456 3.56384
"458" 2019 25365 3.0438
"459" 2019 25392 5.96712
"460" 2019 25667 10.651805
"461" 2019 25333 8.993215
"462" 2019 26718 11.88951
"463" 2019 28932 18.22716
"464" 2019 30169 20.665765
"465" 2019 30373 21.86856
"466" 2019 30828 20.50062
"467" 2019 31541 22.551815
"468" 2019 32303 25.680885
"469" 2019 32564 23.6089
"470" 2019 35777 28.800485
"471" 2019 38749 27.51179
"472" 2019 38826 31.25493
"473" 2019 38044 44.51148
"474" 2019 36317 45.214665
"475" 2019 36300 44.649
"476" 2019 38015 48.849275
"477" 2019 37588 53.37496
"478" 2019 36193 59.71845
"479" 2019 35750 70.60625
"480" 2019 35545 66.8246
"481" 2019 32873 55.55537
"482" 2019 32574 68.24253
"483" 2019 32550 86.9085
"484" 2019 33082 88.16353
"485" 2019 33640 98.5652
"486" 2019 34577 110.473515
"487" 2019 35482 104.49449
"488" 2019 35774 111.43601
"489" 2019 36631 121.24861
"490" 2019 37308 152.21664
"491" 2019 39141 181.61424
"492" 2019 40954 190.23133
"493" 2019 40581 209.80377
"494" 2019 40166 199.02253
"495" 2019 40308 221.89554
"496" 2019 40211 266.59893
"497" 2019 40397 275.709525
"498" 2019 40415 299.47515
"499" 2019 41864 337.42384
"500" 2019 42375 366.755625
"501" 2019 44008 397.83232
"502" 2019 45775 432.802625
"503" 2019 45320 494.8944
"504" 2019 44371 533.117565
"505" 2019 43164 542.57148
"506" 2019 39685 534.1601
"507" 2019 36316 543.10578
"508" 2019 35489 588.05273
"509" 2019 33391 613.893535
"510" 2019 30989 640.85252
"511" 2019 31756 674.17988
"512" 2019 31088 661.3972
"513" 2019 30577 692.87482
"514" 2019 30941 750.00984
"515" 2019 27372 669.9297
"516" 2019 24485 633.91665
"517" 2019 22864 678.71784
"518" 2019 24313 778.25913
"519" 2019 20729 722.61294
"520" 2019 23388 891.55056
"521" 2019 24924 1006.55574
"522" 2019 23689 1032.36662
"523" 2019 22343 1000.184395
"524" 2019 21376 1035.98784
"525" 2019 20821.05 1164.00080025
"526" 2019 19512.28 1230.5419382
"527" 2019 18552.86 1321.3346892
"528" 2019 15809.72 1278.2949106
"529" 2019 14064.44 1272.83182
"530" 2019 12975.96 1315.437945
"531" 2019 11807.35 1358.25850725
"532" 2019 10278.49 1308.09202985
"533" 2019 8595.54 1184.9811444
"534" 2019 7319.65 1157.4562545
"535" 2019 6022.97 1052.84527085
"536" 2019 4590.38 871.254124
"537" 2019 3487.98 759.2286066
"538" 2019 2572.76 606.4252596
"539" 2019 1797.81 454.98076575
"540" 2019 1263.77 352.09264085
"541" 2019 823.74 248.7365304
"542" 2019 504.32 164.2671104
"543" 2019 305.08 106.6681712
"544" 2019 172.82 64.5448136
"545" 2019 87.45 34.71633825
"546" 2019 47.21 19.8239511
"547" 2019 24.95 11.02902275
"548" 2019 11.83 5.4797743
"549" 2019 5.14 2.4839307
"550" 2019 1.8 0.903717
"551" 2019 0.69 0.35849985
"552" 2019 0 0
"553" 2019 0 0
"554" 2019 0 0
"555" 2019 0 0
"556" 2020 27351 88.34373
"557" 2020 28300 3.396
"558" 2020 28916 1.4458
"559" 2020 30365 2.581025
"560" 2020 30658 2.60593
"561" 2020 29404 2.49934
"562" 2020 28683 3.011715
"563" 2020 28989 4.05846
"564" 2020 28698 5.88309
"565" 2020 28738 5.46022
"566" 2020 29000 4.205
"567" 2020 27350 3.14525
"568" 2020 25635 3.5889
"569" 2020 25367 3.04404
"570" 2020 25290 5.94315
"571" 2020 25288 10.49452
"572" 2020 25547 9.069185
"573" 2020 25242 11.23269
"574" 2020 26539 16.71957
"575" 2020 28310 19.39235
"576" 2020 30021 21.61512
"577" 2020 30161 20.057065
"578" 2020 30554 21.84611
"579" 2020 31342 24.91689
"580" 2020 32282 23.40445
"581" 2020 32620 26.2591
"582" 2020 35902 25.49042
"583" 2020 39017 31.408685
"584" 2020 39248 45.92016
"585" 2020 38589 48.043305
"586" 2020 36871 45.35133
"587" 2020 36937 47.464045
"588" 2020 38625 54.8475
"589" 2020 38256 63.1224
"590" 2020 36757 72.595075
"591" 2020 36300 68.244
"592" 2020 36071 60.95999
"593" 2020 33343 69.853585
"594" 2020 33132 88.46244
"595" 2020 32947 87.803755
"596" 2020 33485 98.11105
"597" 2020 33993 108.607635
"598" 2020 34922 102.84529
"599" 2020 35789 111.482735
"600" 2020 36063 119.36853
"601" 2020 36800 150.144
"602" 2020 37503 174.01392
"603" 2020 39305 182.571725
"604" 2020 41141 212.69897
"605" 2020 40721 201.772555
"606" 2020 40250 221.57625
"607" 2020 40320 267.3216
"608" 2020 40149 274.016925
"609" 2020 40333 298.86753
"610" 2020 40256 324.46336
"611" 2020 41574 359.82297
"612" 2020 42146 380.99984
"613" 2020 43687 413.060585
"614" 2020 45423 496.01916
"615" 2020 44901 539.485515
"616" 2020 43909 551.93613
"617" 2020 42655 574.1363
"618" 2020 39265 587.208075
"619" 2020 35912 595.06184
"620" 2020 34967 642.868295
"621" 2020 32774 677.76632
"622" 2020 30390 645.1797
"623" 2020 31080 661.227
"624" 2020 30424 689.40784
"625" 2020 29872 724.09728
"626" 2020 30223 739.707925
"627" 2020 26677 690.66753
"628" 2020 23867 708.491895
"629" 2020 22196 710.49396
"630" 2020 23517 819.80262
"631" 2020 20007 762.66684
"632" 2020 22474 907.61249
"633" 2020 23942 1043.39236
"634" 2020 22677 1015.135905
"635" 2020 21310 1032.78915
"636" 2020 20351.67 1137.76011135
"637" 2020 19665.99 1240.23565935
"638" 2020 18275.46 1301.5782612
"639" 2020 17265.59 1396.00927945
"640" 2020 14516.71 1313.762255
"641" 2020 12773.29 1294.89227375
"642" 2020 11663.83 1341.74868405
"643" 2020 10462.16 1331.4667924
"644" 2020 8981.81 1238.2323266
"645" 2020 7405.06 1170.9621378
"646" 2020 6164.03 1077.50326415
"647" 2020 4986.28 946.395944
"648" 2020 3720.82 809.9108894
"649" 2020 2733.49 644.3109279
"650" 2020 1971.6 498.96267
"651" 2020 1346.64 375.1806372
"652" 2020 918.59 277.3774364
"653" 2020 581.12 189.2824064
"654" 2020 339 118.52796
"655" 2020 195.01 72.8323348
"656" 2020 106.39 42.23523415
"657" 2020 51.91 21.7975281
"658" 2020 26.26 11.6081017
"659" 2020 12.67 5.8688707
"660" 2020 5.03 2.43077265
"661" 2020 1.49 0.74807685
"662" 2020 0.31 0.16106515
"663" 2020 0 0
"664" 2020 0 0
"665" 2020 0 0
"666" 2020 0 0
"667" 2021 25100 81.073
"668" 2021 27410 3.2892
"669" 2021 28309 1.41545
"670" 2021 28948 2.46058
"671" 2021 30385 2.582725
"672" 2021 30685 2.608225
"673" 2021 29306 3.07713
"674" 2021 28662 4.01268
"675" 2021 28961 5.937005
"676" 2021 28677 5.44863
"677" 2021 28732 4.16614
"678" 2021 28923 3.326145
"679" 2021 27298 3.82172
"680" 2021 25627 3.07524
"681" 2021 25345 5.956075
"682" 2021 25228 10.46962
"683" 2021 25208 8.94884
"684" 2021 25514 11.35373
"685" 2021 25162 15.85206
"686" 2021 26166 17.92371
"687" 2021 28393 20.44296
"688" 2021 30147 20.047755
"689" 2021 30329 21.685235
"690" 2021 30839 24.517005
"691" 2021 31834 23.07965
"692" 2021 32936 26.51348
"693" 2021 33236 23.59756
"694" 2021 36575 29.442875
"695" 2021 39864 46.64088
"696" 2021 40122 49.95189
"697" 2021 39440 48.5112
"698" 2021 37776 48.54216
"699" 2021 37865 53.7683
"700" 2021 39378 64.9737
"701" 2021 39130 77.28175
"702" 2021 37595 70.6786
"703" 2021 36968 62.47592
"704" 2021 36801 77.098095
"705" 2021 33944 90.63048
"706" 2021 33677 89.749205
"707" 2021 33477 98.08761
"708" 2021 33972 108.54054
"709" 2021 34407 101.328615
"710" 2021 35321 110.024915
"711" 2021 36144 119.63664
"712" 2021 36347 148.29576
"713" 2021 37073 172.01872
"714" 2021 37745 175.325525
"715" 2021 39501 204.22017
"716" 2021 41203 204.160865
"717" 2021 40712 224.11956
"718" 2021 40241 266.79783
"719" 2021 40267 274.822275
"720" 2021 40058 296.82978
"721" 2021 40224 324.20544
"722" 2021 40010 346.28655
"723" 2021 41339 373.70456
"724" 2021 41793 395.152815
"725" 2021 43359 473.48028
"726" 2021 44959 540.182385
"727" 2021 44425 558.42225
"728" 2021 43376 583.84096
"729" 2021 42095 629.530725
"730" 2021 38800 642.916
"731" 2021 35289 648.788265
"732" 2021 34241 708.10388
"733" 2021 32091 681.29193
"734" 2021 29746 632.84615
"735" 2021 30382 688.45612
"736" 2021 29608 717.69792
"737" 2021 29077 711.659575
"738" 2021 29333 759.43137
"739" 2021 25787 765.487095
"740" 2021 22998 736.16598
"741" 2021 21411 746.38746
"742" 2021 22572 860.44464
"743" 2021 19129 772.524665
"744" 2021 21429 933.87582
"745" 2021 22703 1016.299795
"746" 2021 21401 1037.199465
"747" 2021 20104 1123.91412
"748" 2021 19088 1203.78472
"749" 2021 18283 1302.11526
"750" 2021 16796 1358.04058
"751" 2021 15777 1427.8185
"752" 2021 13081.72 1326.159365
"753" 2021 11326.09 1302.89676315
"754" 2021 10184.69 1296.15457285
"755" 2021 8978.61 1237.7911746
"756" 2021 7585.6 1199.510928
"757" 2021 6148.1 1074.7186205
"758" 2021 5009.64 950.829672
"759" 2021 3971.05 864.3784535
"760" 2021 2873.23 677.2490433
"761" 2021 2055.72 520.251339
"762" 2021 1448.99 403.69585895
"763" 2021 967.5 292.1463
"764" 2021 642.14 209.1578408
"765" 2021 383.95 134.244278
"766" 2021 210.41 78.5839268
"767" 2021 116.93 46.41945605
"768" 2021 60.32 25.3289712
"769" 2021 27.11 11.98383995
"770" 2021 12.96 6.0032016
"771" 2021 5.67 2.74005585
"772" 2021 1.52 0.7631388
"773" 2021 0 0
"774" 2021 0 0
"775" 2021 0 0
"776" 2021 0 0
"777" 2021 0 0
