"year" "population" "expected"
"1" 2015 80482 240.64118
"2" 2015 81057 19.858965
"3" 2015 81485 15.074725
"4" 2015 80979 9.71748
"5" 2015 82000 6.97
"6" 2015 79662 5.97465
"7" 2015 81042 5.26773
"8" 2015 79793 4.388615
"9" 2015 81543 6.115725
"10" 2015 81858 9.41367
"11" 2015 83271 8.3271
"12" 2015 81933 5.73531
"13" 2015 84098 7.98931
"14" 2015 81807 8.99877
"15" 2015 85003 12.325435
"16" 2015 85197 18.74334
"17" 2015 88480 20.3504
"18" 2015 91663 28.41553
"19" 2015 96777 31.93641
"20" 2015 98801 29.146295
"21" 2015 103838 39.97763
"22" 2015 107931 44.25171
"23" 2015 110512 33.70616
"24" 2015 113603 34.648915
"25" 2015 113235 47.5587
"26" 2015 113707 44.34573
"27" 2015 114775 44.188375
"28" 2015 113366 48.74738
"29" 2015 113890 43.84765
"30" 2015 114289 46.287045
"31" 2015 116038 56.85862
"32" 2015 115839 61.39467
"33" 2015 119247 68.567025
"34" 2015 118756 68.2847
"35" 2015 115600 63.002
"36" 2015 109745 65.298275
"37" 2015 107687 66.227505
"38" 2015 107423 67.139375
"39" 2015 108292 80.67754
"40" 2015 112434 97.25541
"41" 2015 115321 114.16779
"42" 2015 115601 116.179005
"43" 2015 122462 118.78814
"44" 2015 126825 133.800375
"45" 2015 130013 173.567355
"46" 2015 138252 221.2032
"47" 2015 142010 231.4763
"48" 2015 141866 253.23081
"49" 2015 142172 267.99422
"50" 2015 143017 283.888745
"51" 2015 144074 314.80169
"52" 2015 142782 354.81327
"53" 2015 139295 386.543625
"54" 2015 135483 405.09417
"55" 2015 129956 444.44952
"56" 2015 125147 483.693155
"57" 2015 119131 517.624195
"58" 2015 116517 539.47371
"59" 2015 114119 572.306785
"60" 2015 105922 606.93306
"61" 2015 100189 649.725665
"62" 2015 96625 689.9025
"63" 2015 94904 740.72572
"64" 2015 90146 753.16983
"65" 2015 92031 859.109385
"66" 2015 92227 973.91712
"67" 2015 94494 1112.19438
"68" 2015 95175 1233.468
"69" 2015 78833 1091.04872
"70" 2015 64131 955.872555
"71" 2015 82085 1367.5361
"72" 2015 80565 1501.7316
"73" 2015 79237 1609.30347
"74" 2015 90045 1960.729875
"75" 2015 94944 2277.70656
"76" 2015 90006 2329.80531
"77" 2015 60489 1647.11547
"78" 2015 53256 1581.96948
"79" 2015 50668 1655.5769
"80" 2015 47959 1744.74842
"81" 2015 45862 1869.56443
"82" 2015 44878 2137.76353
"83" 2015 43755 2439.122475
"84" 2015 41148 2672.76834
"85" 2015 39328 2974.57328
"86" 2015 34548.01 2946.945253
"87" 2015 32037.72 3096.445638
"88" 2015 27397.6 3033.462272
"89" 2015 25256.46 3151.2485142
"90" 2015 22023.81 3087.9584001
"91" 2015 18537.08 2978.3526436
"92" 2015 15785.34 2862.1978488
"93" 2015 12462.75 2510.3717325
"94" 2015 9520.39 2141.27851685
"95" 2015 6791.94 1677.3714621
"96" 2015 3924.46 1056.8767003
"97" 2015 1942 572.6958
"98" 2015 1276.81 409.9581548
"99" 2015 864.66 300.4952898
"100" 2015 654.13 244.58901895
"101" 2015 601.07 240.367893
"102" 2015 389.64 165.6632388
"103" 2015 230.77 103.71611495
"104" 2015 118.19 55.83827455
"105" 2015 65.2 32.210104
"106" 2015 31 15.934775
"107" 2015 13 6.921005
"108" 2015 7 3.843525
"109" 2015 2 1.12823
"110" 2015 0 0
"111" 2015 0 0
"112" 2016 83341 249.18959
"113" 2016 84416 20.68192
"114" 2016 82654 15.29099
"115" 2016 83148 9.97776
"116" 2016 82564 7.01794
"117" 2016 83472 6.2604
"118" 2016 80986 5.26409
"119" 2016 82414 4.53277
"120" 2016 81306 6.09795
"121" 2016 82923 9.536145
"122" 2016 83201 8.3201
"123" 2016 84450 5.9115
"124" 2016 83154 7.89963
"125" 2016 85385 9.39235
"126" 2016 83433 12.097785
"127" 2016 87035 19.1477
"128" 2016 87623 20.15329
"129" 2016 91282 28.29742
"130" 2016 95140 31.3962
"131" 2016 101658 29.98911
"132" 2016 103504 39.84904
"133" 2016 107992 44.27672
"134" 2016 112076 34.18318
"135" 2016 115154 35.12197
"136" 2016 118047 49.57974
"137" 2016 117768 45.92952
"138" 2016 117782 45.34607
"139" 2016 118477 50.94511
"140" 2016 116769 44.956065
"141" 2016 116991 47.381355
"142" 2016 117390 57.5211
"143" 2016 118488 62.79864
"144" 2016 118276 68.0087
"145" 2016 121375 69.790625
"146" 2016 120758 65.81311
"147" 2016 117580 69.9601
"148" 2016 111381 68.499315
"149" 2016 109346 68.34125
"150" 2016 108895 81.126775
"151" 2016 109613 94.815245
"152" 2016 113809 112.67091
"153" 2016 116475 117.057375
"154" 2016 116648 113.14856
"155" 2016 123367 130.152185
"156" 2016 127704 170.48484
"157" 2016 130905 209.448
"158" 2016 138933 226.46079
"159" 2016 142596 254.53386
"160" 2016 142349 268.327865
"161" 2016 142560 282.9816
"162" 2016 143399 313.326815
"163" 2016 144244 358.44634
"164" 2016 142891 396.522525
"165" 2016 139467 417.00633
"166" 2016 135365 462.9483
"167" 2016 129753 501.495345
"168" 2016 124833 542.399385
"169" 2016 118940 550.6922
"170" 2016 116101 582.246515
"171" 2016 113622 651.05406
"172" 2016 105421 683.655185
"173" 2016 99545 710.7513
"174" 2016 95910 748.57755
"175" 2016 94165 786.748575
"176" 2016 89255 833.195425
"177" 2016 91053 961.51968
"178" 2016 91172 1073.09444
"179" 2016 93253 1208.55888
"180" 2016 93844 1298.80096
"181" 2016 77626 1157.01553
"182" 2016 63120 1051.5792
"183" 2016 80722 1504.65808
"184" 2016 78991 1604.30721
"185" 2016 77648 1690.7852
"186" 2016 88070 2112.7993
"187" 2016 92729 2400.290165
"188" 2016 87666 2387.14518
"189" 2016 58689 1743.356745
"190" 2016 51483 1682.207025
"191" 2016 48786 1774.83468
"192" 2016 45998 1875.10847
"193" 2016 43636 2078.60086
"194" 2016 42499 2369.106755
"195" 2016 41016 2664.19428
"196" 2016 38263 2894.022005
"197" 2016 36225 3089.9925
"198" 2016 31255.01 3020.7967165
"199" 2016 28669.72 3174.3113984
"200" 2016 24094.6 3006.283242
"201" 2016 21835.46 3061.5498466
"202" 2016 18693.81 3003.5344527
"203" 2016 15538.08 2817.3646656
"204" 2016 12864.34 2591.2640062
"205" 2016 9877.75 2221.65414125
"206" 2016 7352.39 1815.78299635
"207" 2016 5124.94 1380.1719667
"208" 2016 2852.46 841.190454
"209" 2016 1366 438.59528
"210" 2016 848.81 294.9869393
"211" 2016 559.66 209.2652689
"212" 2016 394.13 157.612587
"213" 2016 385.07 163.7202119
"214" 2016 250.64 112.6463884
"215" 2016 127.77 60.36429765
"216" 2016 66.19 32.6991838
"217" 2016 32.2 16.551605
"218" 2016 18 9.58293
"219" 2016 6 3.29445
"220" 2016 5 2.820575
"221" 2016 1 0.785615
"222" 2016 0 0
"223" 2017 86851 259.68449
"224" 2017 85944 21.05628
"225" 2017 85379 15.795115
"226" 2017 83478 10.01736
"227" 2017 83999 7.139915
"228" 2017 83365 6.252375
"229" 2017 84122 5.46793
"230" 2017 81842 4.50131
"231" 2017 83175 6.238125
"232" 2017 82135 9.445525
"233" 2017 83721 8.3721
"234" 2017 84089 5.88623
"235" 2017 85285 8.102075
"236" 2017 83991 9.23901
"237" 2017 86364 12.52278
"238" 2017 84605 18.6131
"239" 2017 88143 20.27289
"240" 2017 88849 27.54319
"241" 2017 93624 30.89592
"242" 2017 98764 29.13538
"243" 2017 104700 40.3095
"244" 2017 105960 43.4436
"245" 2017 110280 33.6354
"246" 2017 114592 34.95056
"247" 2017 117475 49.3395
"248" 2017 120284 46.91076
"249" 2017 119916 46.16766
"250" 2017 119653 51.45079
"251" 2017 120209 46.280465
"252" 2017 118442 47.96901
"253" 2017 118491 58.06059
"254" 2017 118853 62.99209
"255" 2017 119523 68.725725
"256" 2017 119393 68.650975
"257" 2017 122426 66.72217
"258" 2017 121730 72.42935
"259" 2017 118567 72.918705
"260" 2017 112194 70.12125
"261" 2017 110209 82.105705
"262" 2017 109665 94.860225
"263" 2017 110328 109.22472
"264" 2017 114512 115.08456
"265" 2017 117007 113.49679
"266" 2017 117155 123.598525
"267" 2017 123790 165.25965
"268" 2017 128042 204.8672
"269" 2017 131293 214.00759
"270" 2017 139254 248.56839
"271" 2017 142898 269.36273
"272" 2017 142566 282.99351
"273" 2017 142702 311.80387
"274" 2017 143415 356.386275
"275" 2017 144165 400.057875
"276" 2017 142745 426.80755
"277" 2017 139223 476.14266
"278" 2017 135161 522.397265
"279" 2017 129417 562.316865
"280" 2017 124428 576.10164
"281" 2017 118419 593.871285
"282" 2017 115561 662.16453
"283" 2017 112977 732.655845
"284" 2017 104803 748.29342
"285" 2017 98824 771.32132
"286" 2017 95053 794.167815
"287" 2017 93323 871.170205
"288" 2017 88443 933.95808
"289" 2017 90042 1059.79434
"290" 2017 90024 1166.71104
"291" 2017 92072 1274.27648
"292" 2017 92333 1376.223365
"293" 2017 76380 1272.4908
"294" 2017 62044 1156.50016
"295" 2017 79203 1608.61293
"296" 2017 77373 1684.797075
"297" 2017 75922 1821.36878
"298" 2017 86040 2227.1454
"299" 2017 90344 2460.06712
"300" 2017 85174 2530.09367
"301" 2017 56914 1859.66495
"302" 2017 49709 1808.41342
"303" 2017 46930 1913.10145
"304" 2017 43966 2094.32041
"305" 2017 41384 2306.95108
"306" 2017 39992 2597.68036
"307" 2017 38289 2895.988515
"308" 2017 35377 3017.6581
"309" 2017 33161 3205.01065
"310" 2017 28057.01 3106.4721472
"311" 2017 25477.72 3178.8551244
"312" 2017 21117.6 2960.898696
"313" 2017 18852.46 3029.0247482
"314" 2017 15732.81 2852.6731092
"315" 2017 12783.08 2574.8958044
"316" 2017 10290.34 2314.4518211
"317" 2017 7786.75 1923.05471375
"318" 2017 5623.39 1514.40704395
"319" 2017 3773.94 1112.934906
"320" 2017 2065.46 663.1778968
"321" 2017 949 329.80597
"322" 2017 565.81 211.56484615
"323" 2017 394.66 157.824534
"324" 2017 233.13 99.1198821
"325" 2017 230.07 103.40151045
"326" 2017 145.64 68.8068898
"327" 2017 79.77 39.4079754
"328" 2017 40.19 20.65866475
"329" 2017 19.2 10.221792
"330" 2017 7 3.843525
"331" 2017 4 2.25646
"332" 2017 2 1.57123
"333" 2017 0 0
"334" 2018 86460 258.5154
"335" 2018 89110 21.83195
"336" 2018 86505 16.003425
"337" 2018 85894 10.30728
"338" 2018 84039 7.143315
"339" 2018 84464 6.3348
"340" 2018 83745 5.443425
"341" 2018 84559 4.650745
"342" 2018 82320 6.174
"343" 2018 83815 9.638725
"344" 2018 82680 8.268
"345" 2018 84353 5.90471
"346" 2018 84652 8.04194
"347" 2018 85868 9.44548
"348" 2018 84538 12.25801
"349" 2018 86985 19.1367
"350" 2018 84858 19.51734
"351" 2018 88724 27.50444
"352" 2018 89938 29.67954
"353" 2018 95992 28.31764
"354" 2018 101064 38.90964
"355" 2018 106554 43.68714
"356" 2018 107437 32.768285
"357" 2018 111994 34.15817
"358" 2018 116286 48.84012
"359" 2018 119130 46.4607
"360" 2018 121611 46.820235
"361" 2018 121090 52.0687
"362" 2018 120790 46.50415
"363" 2018 121205 49.088025
"364" 2018 119370 58.4913
"365" 2018 119452 63.30956
"366" 2018 119631 68.787825
"367" 2018 120304 69.1748
"368" 2018 120056 65.43052
"369" 2018 123152 73.27544
"370" 2018 122311 75.221265
"371" 2018 119213 74.508125
"372" 2018 112789 84.027805
"373" 2018 110800 95.842
"374" 2018 110273 109.17027
"375" 2018 110881 111.435405
"376" 2018 115010 111.5597
"377" 2018 117501 123.963555
"378" 2018 117578 156.96663
"379" 2018 124211 198.7376
"380" 2018 128388 209.27244
"381" 2018 131619 234.939915
"382" 2018 139435 262.834975
"383" 2018 143083 284.019755
"384" 2018 142722 311.84757
"385" 2018 142745 354.721325
"386" 2018 143380 397.8795
"387" 2018 144014 430.60186
"388" 2018 142529 487.44918
"389" 2018 139006 537.25819
"390" 2018 134820 585.7929
"391" 2018 128944 597.01072
"392" 2018 123950 621.60925
"393" 2018 117892 675.52116
"394" 2018 114995 745.742575
"395" 2018 112321 801.97194
"396" 2018 103999 811.712195
"397" 2018 98009 818.865195
"398" 2018 94232 879.65572
"399" 2018 92366 975.38496
"400" 2018 87480 1029.6396
"401" 2018 88967 1153.01232
"402" 2018 88744 1228.21696
"403" 2018 90634 1350.89977
"404" 2018 90926 1514.82716
"405" 2018 75006 1398.11184
"406" 2018 60845 1235.76195
"407" 2018 77572 1689.1303
"408" 2018 75702 1816.09098
"409" 2018 74159 1919.605715
"410" 2018 83916 2285.03268
"411" 2018 87808 2608.33664
"412" 2018 82534 2696.79845
"413" 2018 54967 1999.69946
"414" 2018 47747 1946.406455
"415" 2018 44801 2134.095635
"416" 2018 41671 2322.949895
"417" 2018 38996 2532.98518
"418" 2018 37298 2821.03423
"419" 2018 35251 3006.9103
"420" 2018 32183 3110.48695
"421" 2018 29746 3293.47712
"422" 2018 24803.01 3094.6715577
"423" 2018 22209.72 3114.0248412
"424" 2018 18039.6 2898.422532
"425" 2018 15798.46 2864.5767672
"426" 2018 12936.81 2605.8616383
"427" 2018 10210.08 2296.4001432
"428" 2018 8013.34 1979.0145131
"429" 2018 5809.75 1564.59472375
"430" 2018 4052.39 1195.049811
"431" 2018 2627.94 843.7789752
"432" 2018 1431.46 497.4752938
"433" 2018 615 229.957725
"434" 2018 371.81 148.686819
"435" 2018 238.66 101.4710722
"436" 2018 125.13 56.23780155
"437" 2018 140.07 66.17537115
"438" 2018 81.64 40.3317928
"439" 2018 44.77 23.01289925
"440" 2018 20.19 10.74885315
"441" 2018 12.2 6.698715
"442" 2018 5 2.820575
"443" 2018 1 0.785615
"444" 2018 1 1
"445" 2019 84177 251.68923
"446" 2019 88581 21.702345
"447" 2019 89401 16.539185
"448" 2019 86764 10.41168
"449" 2019 86210 7.32785
"450" 2019 84192 6.3144
"451" 2019 84648 5.50212
"452" 2019 83868 4.61274
"453" 2019 84864 6.3648
"454" 2019 82714 9.51211
"455" 2019 84228 8.4228
"456" 2019 83045 5.81315
"457" 2019 84728 8.04916
"458" 2019 85025 9.35275
"459" 2019 86247 12.505815
"460" 2019 84970 18.6934
"461" 2019 87085 20.02955
"462" 2019 85211 26.41541
"463" 2019 89622 29.57526
"464" 2019 92116 27.17422
"465" 2019 97811 37.657235
"466" 2019 102587 42.06067
"467" 2019 107938 32.92109
"468" 2019 108962 33.23341
"469" 2019 113465 47.6553
"470" 2019 117472 45.81408
"471" 2019 120281 46.308185
"472" 2019 122465 52.65995
"473" 2019 121965 46.956525
"474" 2019 121525 49.217625
"475" 2019 121985 59.77265
"476" 2019 120121 63.66413
"477" 2019 120044 69.0253
"478" 2019 120242 69.13915
"479" 2019 120774 65.82183
"480" 2019 120574 71.74153
"481" 2019 123651 76.045365
"482" 2019 122864 76.79
"483" 2019 119677 89.159365
"484" 2019 113192 97.91108
"485" 2019 111312 110.19888
"486" 2019 110673 111.226365
"487" 2019 111268 107.92996
"488" 2019 115472 121.82296
"489" 2019 117931 157.437885
"490" 2019 117982 188.7712
"491" 2019 124549 203.01487
"492" 2019 128679 229.692015
"493" 2019 131680 248.2168
"494" 2019 139670 277.24495
"495" 2019 143207 312.907295
"496" 2019 142712 354.63932
"497" 2019 142669 395.906475
"498" 2019 143177 428.09923
"499" 2019 143818 491.85756
"500" 2019 142278 549.90447
"501" 2019 138562 602.05189
"502" 2019 134318 621.89234
"503" 2019 128414 643.99621
"504" 2019 123313 706.58349
"505" 2019 117265 760.463525
"506" 2019 114279 815.95206
"507" 2019 111442 869.80481
"508" 2019 103119 861.559245
"509" 2019 97136 906.76456
"510" 2019 93237 984.58272
"511" 2019 91301 1074.61277
"512" 2019 86345 1119.0312
"513" 2019 87662 1213.24208
"514" 2019 87500 1304.1875
"515" 2019 89143 1485.12238
"516" 2019 89345 1665.3908
"517" 2019 73579 1494.38949
"518" 2019 59519 1296.026225
"519" 2019 75839 1819.37761
"520" 2019 73809 1910.545965
"521" 2019 72314 1969.11022
"522" 2019 81569 2423.007145
"523" 2019 85112 2781.0346
"524" 2019 79768 2901.95984
"525" 2019 52813 2152.921945
"526" 2019 45637 2173.918495
"527" 2019 42497 2368.995265
"528" 2019 39175 2544.612125
"529" 2019 36457 2757.425195
"530" 2019 34513 2943.9589
"531" 2019 32132 3105.5578
"532" 2019 29041 3215.41952
"533" 2019 26439 3298.79403
"534" 2019 21629.01 3032.6034921
"535" 2019 18991.72 3051.3996524
"536" 2019 15053.6 2729.518752
"537" 2019 12907.46 2599.9496678
"538" 2019 10337.81 2325.12853615
"539" 2019 7864.08 1942.1525172
"540" 2019 6042.34 1627.2323737
"541" 2019 4295.75 1266.816675
"542" 2019 2870.39 921.6248212
"543" 2019 1784.94 620.3201982
"544" 2019 955.46 357.2608259
"545" 2019 403 161.1597
"546" 2019 226.81 96.4328077
"547" 2019 152.66 68.6107471
"548" 2019 97.13 45.88858285
"549" 2019 84.07 41.5322614
"550" 2019 40.64 20.889976
"551" 2019 21.77 11.59002145
"552" 2019 8.19 4.49692425
"553" 2019 5.2 2.933398
"554" 2019 2 1.57123
"555" 2019 0 0
"556" 2020 83381 249.30919
"557" 2020 86659 21.231455
"558" 2020 88978 16.46093
"559" 2020 89726 10.76712
"560" 2020 87091 7.402735
"561" 2020 86533 6.489975
"562" 2020 84428 5.48782
"563" 2020 84870 4.66785
"564" 2020 84143 6.310725
"565" 2020 85253 9.804095
"566" 2020 83137 8.3137
"567" 2020 84691 5.92837
"568" 2020 83511 7.933545
"569" 2020 85193 9.37123
"570" 2020 85466 12.39257
"571" 2020 86765 19.0883
"572" 2020 85232 19.60336
"573" 2020 87564 27.14484
"574" 2020 86318 28.48494
"575" 2020 91976 27.13292
"576" 2020 94201 36.267385
"577" 2020 99325 40.72325
"578" 2020 103938 31.70109
"579" 2020 109780 33.4829
"580" 2020 110526 46.42092
"581" 2020 115102 44.88978
"582" 2020 118670 45.68795
"583" 2020 121343 52.17749
"584" 2020 123413 47.514005
"585" 2020 122874 49.76397
"586" 2020 122417 59.98433
"587" 2020 122794 65.08082
"588" 2020 120865 69.497375
"589" 2020 120741 69.426075
"590" 2020 120811 65.841995
"591" 2020 121384 72.22348
"592" 2020 121143 74.502945
"593" 2020 124126 77.57875
"594" 2020 123399 91.932255
"595" 2020 120252 104.01798
"596" 2020 113723 112.58577
"597" 2020 111806 112.36503
"598" 2020 111150 107.8155
"599" 2020 111771 117.918405
"600" 2020 115991 154.847985
"601" 2020 118418 189.4688
"602" 2020 118274 192.78662
"603" 2020 124924 222.98934
"604" 2020 128908 242.99158
"605" 2020 131929 261.879065
"606" 2020 139774 305.40619
"607" 2020 143366 356.26451
"608" 2020 142692 395.9703
"609" 2020 142587 426.33513
"610" 2020 142985 489.0087
"611" 2020 143532 554.75118
"612" 2020 141971 616.863995
"613" 2020 138198 639.85674
"614" 2020 133853 671.272795
"615" 2020 127931 733.04463
"616" 2020 122731 795.910535
"617" 2020 116561 832.24554
"618" 2020 113495 885.828475
"619" 2020 110559 923.720445
"620" 2020 102289 954.867815
"621" 2020 96157 1015.41792
"622" 2020 92307 1086.45339
"623" 2020 90206 1169.06976
"624" 2020 85278 1180.24752
"625" 2020 86433 1288.283865
"626" 2020 86206 1436.19196
"627" 2020 87561 1632.13704
"628" 2020 87662 1780.41522
"629" 2020 72043 1568.736325
"630" 2020 58182 1395.78618
"631" 2020 73953 1914.273405
"632" 2020 71837 1956.12151
"633" 2020 70408 2091.46964
"634" 2020 79093 2584.363775
"635" 2020 82254 2992.40052
"636" 2020 76907 3135.113855
"637" 2020 50659 2413.141465
"638" 2020 43442 2421.67429
"639" 2020 40101 2604.760455
"640" 2020 36613 2769.224255
"641" 2020 33674 2872.3922
"642" 2020 31524 3046.7946
"643" 2020 29066 3218.18752
"644" 2020 25800 3219.066
"645" 2020 23152 3246.14192
"646" 2020 18611.01 2990.2309767
"647" 2020 15889.72 2881.1240304
"648" 2020 12384.6 2494.629978
"649" 2020 10306.46 2318.0774509
"650" 2020 8015.81 1979.62451665
"651" 2020 5970.08 1607.7723944
"652" 2020 4470.34 1318.303266
"653" 2020 3049.75 979.21373
"654" 2020 1991.39 692.0677667
"655" 2020 1193.94 446.4320751
"656" 2020 594.46 237.724554
"657" 2020 252 107.14284
"658" 2020 144.81 65.08268235
"659" 2020 86.66 40.9420837
"660" 2020 57.13 28.2233626
"661" 2020 42.07 21.62503175
"662" 2020 22.64 12.0531964
"663" 2020 10.77 5.91353775
"664" 2020 6.19 3.49187185
"665" 2020 1.2 0.942738
"666" 2020 0 0
"667" 2021 81970 245.0903
"668" 2021 85449 20.935005
"669" 2021 87087 16.111095
"670" 2021 89259 10.71108
"671" 2021 89990 7.64915
"672" 2021 87296 6.5472
"673" 2021 86694 5.63511
"674" 2021 84656 4.65608
"675" 2021 85180 6.3885
"676" 2021 84474 9.71451
"677" 2021 85657 8.5657
"678" 2021 83535 5.84745
"679" 2021 84964 8.07158
"680" 2021 83778 9.21558
"681" 2021 85499 12.397355
"682" 2021 85794 18.87468
"683" 2021 86944 19.99712
"684" 2021 85660 26.5546
"685" 2021 88602 29.23866
"686" 2021 88249 26.033455
"687" 2021 93786 36.10761
"688" 2021 95476 39.14516
"689" 2021 100549 30.667445
"690" 2021 105518 32.18299
"691" 2021 111404 46.78968
"692" 2021 112166 43.74474
"693" 2021 116668 44.91718
"694" 2021 119824 51.52432
"695" 2021 122451 47.143635
"696" 2021 124353 50.362965
"697" 2021 123789 60.65661
"698" 2021 123262 65.32886
"699" 2021 123561 71.047575
"700" 2021 121398 69.80385
"701" 2021 121489 66.211505
"702" 2021 121484 72.28298
"703" 2021 122140 75.1161
"704" 2021 121724 76.0775
"705" 2021 124689 92.893305
"706" 2021 123949 107.215885
"707" 2021 120749 119.54151
"708" 2021 114234 114.80517
"709" 2021 112303 108.93391
"710" 2021 111549 117.684195
"711" 2021 112300 149.9205
"712" 2021 116425 186.28
"713" 2021 118801 193.64563
"714" 2021 118649 211.788465
"715" 2021 125237 236.071745
"716" 2021 129135 256.332975
"717" 2021 132107 288.653795
"718" 2021 139893 347.634105
"719" 2021 143458 398.09595
"720" 2021 142661 426.55639
"721" 2021 142546 487.50732
"722" 2021 142867 552.180955
"723" 2021 143230 622.33435
"724" 2021 141561 655.42743
"725" 2021 137713 690.630695
"726" 2021 133312 763.87776
"727" 2021 127309 825.598865
"728" 2021 121957 870.77298
"729" 2021 115714 903.14777
"730" 2021 112634 941.05707
"731" 2021 109616 1023.26536
"732" 2021 101284 1069.55904
"733" 2021 95097 1119.29169
"734" 2021 91209 1182.06864
"735" 2021 89011 1231.91224
"736" 2021 84057 1252.869585
"737" 2021 85011 1416.28326
"738" 2021 84601 1576.96264
"739" 2021 85779 1742.17149
"740" 2021 85749 1867.184475
"741" 2021 70373 1688.24827
"742" 2021 56676 1467.05826
"743" 2021 71761 1954.05203
"744" 2021 69580 2066.8739
"745" 2021 67919 2219.253325
"746" 2021 76075 2767.6085
"747" 2021 78874 3215.29861
"748" 2021 73319 3492.550565
"749" 2021 47966 2673.86467
"750" 2021 40814 2651.07337
"751" 2021 37272 2819.06772
"752" 2021 33727 2876.9131
"753" 2021 30630 2960.3895
"754" 2021 28205 3122.8576
"755" 2021 25542 3186.87534
"756" 2021 22362 3135.37602
"757" 2021 19472 3128.56624
"758" 2021 15879 2879.18028
"759" 2021 12572 2532.37796
"760" 2021 9901 2226.883415
"761" 2021 7851 1938.922215
"762" 2021 5948 1601.82614
"763" 2021 4131 1218.2319
"764" 2021 2905 932.7374
"765" 2021 1998 694.36494
"766" 2021 1316 492.07214
"767" 2021 591.572 236.5696428
"768" 2021 363.47366824 154.538099525601
"769" 2021 214.16232006369 96.2520423178245
"770" 2021 120.965303241574 57.1494526899654
"771" 2021 65.5039213583449 32.3602472294495
"772" 2021 34.027977067233 17.4912309119844
"773" 2021 16.9762174790719 9.03788354259569
"774" 2021 8.14586819515784 4.47269257925629
"775" 2021 3.76656799475903 2.12477750436349
"776" 2021 1.6819232723797 1.32134415163058
"777" 2021 0.727011334486125 0.727011334486125
