"year" "population" "expected"
"1" 2015 80482 239.83636
"2" 2015 81057 16.2114
"3" 2015 81485 11.000475
"4" 2015 80979 8.502795
"5" 2015 82000 8.2
"6" 2015 79662 5.57634
"7" 2015 81042 4.86252
"8" 2015 79793 5.186545
"9" 2015 81543 5.70801
"10" 2015 81858 6.13935
"11" 2015 83271 6.66168
"12" 2015 81933 7.37397
"13" 2015 84098 8.4098
"14" 2015 81807 8.589735
"15" 2015 85003 11.475405
"16" 2015 85197 18.74334
"17" 2015 88480 23.0048
"18" 2015 91663 27.957215
"19" 2015 96777 32.90418
"20" 2015 98801 34.58035
"21" 2015 103838 41.01601
"22" 2015 107931 41.553435
"23" 2015 110512 37.57408
"24" 2015 113603 37.48899
"25" 2015 113235 40.198425
"26" 2015 113707 43.20866
"27" 2015 114775 43.6145
"28" 2015 113366 45.91323
"29" 2015 113890 47.26435
"30" 2015 114289 45.7156
"31" 2015 116038 51.63691
"32" 2015 115839 55.60272
"33" 2015 119247 60.81597
"34" 2015 118756 66.50336
"35" 2015 115600 70.516
"36" 2015 109745 70.785525
"37" 2015 107687 71.611855
"38" 2015 107423 71.436295
"39" 2015 108292 77.97024
"40" 2015 112434 95.00673
"41" 2015 115321 109.55495
"42" 2015 115601 117.91302
"43" 2015 122462 131.64665
"44" 2015 126825 149.6535
"45" 2015 130013 171.61716
"46" 2015 138252 201.15666
"47" 2015 142010 224.3758
"48" 2015 141866 252.52148
"49" 2015 142172 284.344
"50" 2015 143017 306.05638
"51" 2015 144074 335.69242
"52" 2015 142782 373.37493
"53" 2015 139295 413.70615
"54" 2015 135483 455.22288
"55" 2015 129956 484.73588
"56" 2015 125147 523.740195
"57" 2015 119131 562.29832
"58" 2015 116517 592.488945
"59" 2015 114119 631.648665
"60" 2015 105922 651.94991
"61" 2015 100189 675.27386
"62" 2015 96625 719.373125
"63" 2015 94904 789.60128
"64" 2015 90146 812.66619
"65" 2015 92031 912.94752
"66" 2015 92227 1007.579975
"67" 2015 94494 1131.09318
"68" 2015 95175 1268.68275
"69" 2015 78833 1140.71351
"70" 2015 64131 1006.21539
"71" 2015 82085 1411.862
"72" 2015 80565 1502.134425
"73" 2015 79237 1606.530175
"74" 2015 90045 1974.236625
"75" 2015 94944 2233.08288
"76" 2015 90006 2289.30261
"77" 2015 60489 1692.784665
"78" 2015 53256 1651.73484
"79" 2015 50668 1728.28548
"80" 2015 47959 1848.33986
"81" 2015 45862 2029.62281
"82" 2015 44878 2286.30971
"83" 2015 43755 2576.075625
"84" 2015 41148 2757.9447
"85" 2015 39328 3021.76688
"86" 2015 34548.01 3066.30862755
"87" 2015 32037.72 3229.0817988
"88" 2015 27397.6 3116.613988
"89" 2015 25256.46 3230.5537986
"90" 2015 22023.81 3169.4464971
"91" 2015 18537.08 3015.6121744
"92" 2015 15785.34 2865.7495503
"93" 2015 12462.75 2536.5435075
"94" 2015 9520.39 2133.66220485
"95" 2015 6791.94 1662.7008717
"96" 2015 3924.46 1060.7030488
"97" 2015 1942 573.5697
"98" 2015 1276.81 409.8304738
"99" 2015 864.66 299.9289375
"100" 2015 654.13 243.80406295
"101" 2015 601.07 239.33705795
"102" 2015 389.64 164.8099272
"103" 2015 230.77 103.1149591
"104" 2015 118.19 55.49079595
"105" 2015 65.2 32.001138
"106" 2015 31 15.829685
"107" 2015 13 6.875505
"108" 2015 7 3.818745
"109" 2015 2 1.12121
"110" 2015 0 0
"111" 2015 0 0
"112" 2016 83341 248.35618
"113" 2016 84416 16.8832
"114" 2016 82654 11.15829
"115" 2016 83148 8.73054
"116" 2016 82564 8.2564
"117" 2016 83472 5.84304
"118" 2016 80986 4.85916
"119" 2016 82414 5.35691
"120" 2016 81306 5.69142
"121" 2016 82923 6.219225
"122" 2016 83201 6.65608
"123" 2016 84450 7.6005
"124" 2016 83154 8.3154
"125" 2016 85385 8.965425
"126" 2016 83433 11.263455
"127" 2016 87035 19.1477
"128" 2016 87623 22.78198
"129" 2016 91282 27.84101
"130" 2016 95140 32.3476
"131" 2016 101658 35.5803
"132" 2016 103504 40.88408
"133" 2016 107992 41.57692
"134" 2016 112076 38.10584
"135" 2016 115154 38.00082
"136" 2016 118047 41.906685
"137" 2016 117768 44.75184
"138" 2016 117782 44.75716
"139" 2016 118477 47.983185
"140" 2016 116769 48.459135
"141" 2016 116991 46.7964
"142" 2016 117390 52.23855
"143" 2016 118488 56.87424
"144" 2016 118276 60.32076
"145" 2016 121375 67.97
"146" 2016 120758 73.66238
"147" 2016 117580 75.8391
"148" 2016 111381 74.068365
"149" 2016 109346 72.71509
"150" 2016 108895 78.4044
"151" 2016 109613 92.622985
"152" 2016 113809 108.11855
"153" 2016 116475 118.8045
"154" 2016 116648 125.3966
"155" 2016 123367 145.57306
"156" 2016 127704 168.56928
"157" 2016 130905 190.466775
"158" 2016 138933 219.51414
"159" 2016 142596 253.82088
"160" 2016 142349 284.698
"161" 2016 142560 305.0784
"162" 2016 143399 334.11967
"163" 2016 144244 377.19806
"164" 2016 142891 424.38627
"165" 2016 139467 468.60912
"166" 2016 135365 504.91145
"167" 2016 129753 543.016305
"168" 2016 124833 589.21176
"169" 2016 118940 604.8099
"170" 2016 116101 642.619035
"171" 2016 113622 699.34341
"172" 2016 105421 710.53754
"173" 2016 99545 741.112525
"174" 2016 95910 797.9712
"175" 2016 94165 848.897475
"176" 2016 89255 885.4096
"177" 2016 91053 994.754025
"178" 2016 91172 1091.32884
"179" 2016 93253 1243.06249
"180" 2016 93844 1357.92268
"181" 2016 77626 1217.95194
"182" 2016 63120 1085.664
"183" 2016 80722 1505.06169
"184" 2016 78991 1601.542525
"185" 2016 77648 1702.4324
"186" 2016 88070 2071.4064
"187" 2016 92729 2358.562115
"188" 2016 87666 2453.33301
"189" 2016 58689 1820.239335
"190" 2016 51483 1756.08513
"191" 2016 48786 1880.21244
"192" 2016 45998 2035.64149
"193" 2016 43636 2223.03602
"194" 2016 42499 2502.128625
"195" 2016 41016 2749.0974
"196" 2016 38263 2939.937605
"197" 2016 36225 3215.149875
"198" 2016 31255.01 3150.1924579
"199" 2016 28669.72 3261.3239986
"200" 2016 24094.6 3081.940286
"201" 2016 21835.46 3142.3410486
"202" 2016 18693.81 3041.1090108
"203" 2016 15538.08 2820.8607336
"204" 2016 12864.34 2618.2791202
"205" 2016 9877.75 2213.75194125
"206" 2016 7352.39 1799.90183395
"207" 2016 5124.94 1385.1687832
"208" 2016 2852.46 842.474061
"209" 2016 1366 438.45868
"210" 2016 848.81 294.43096875
"211" 2016 559.66 208.5936769
"212" 2016 394.13 156.93665405
"213" 2016 385.07 162.8769086
"214" 2016 250.64 111.9934712
"215" 2016 127.77 59.98865385
"216" 2016 66.19 32.48704485
"217" 2016 32.2 16.442447
"218" 2016 18 9.51993
"219" 2016 6 3.27321
"220" 2016 5 2.803025
"221" 2016 1 0.783875
"222" 2016 0 0
"223" 2017 86851 258.81598
"224" 2017 85944 17.1888
"225" 2017 85379 11.526165
"226" 2017 83478 8.76519
"227" 2017 83999 8.3999
"228" 2017 83365 5.83555
"229" 2017 84122 5.04732
"230" 2017 81842 5.31973
"231" 2017 83175 5.82225
"232" 2017 82135 6.160125
"233" 2017 83721 6.69768
"234" 2017 84089 7.56801
"235" 2017 85285 8.5285
"236" 2017 83991 8.819055
"237" 2017 86364 11.65914
"238" 2017 84605 18.6131
"239" 2017 88143 22.91718
"240" 2017 88849 27.098945
"241" 2017 93624 31.83216
"242" 2017 98764 34.5674
"243" 2017 104700 41.3565
"244" 2017 105960 40.7946
"245" 2017 110280 37.4952
"246" 2017 114592 37.81536
"247" 2017 117475 41.703625
"248" 2017 120284 45.70792
"249" 2017 119916 45.56808
"250" 2017 119653 48.459465
"251" 2017 120209 49.886735
"252" 2017 118442 47.3768
"253" 2017 118491 52.728495
"254" 2017 118853 57.04944
"255" 2017 119523 60.95673
"256" 2017 119393 66.86008
"257" 2017 122426 74.67986
"258" 2017 121730 78.51585
"259" 2017 118567 78.847055
"260" 2017 112194 74.60901
"261" 2017 110209 79.35048
"262" 2017 109665 92.666925
"263" 2017 110328 104.8116
"264" 2017 114512 116.80224
"265" 2017 117007 125.782525
"266" 2017 117155 138.2429
"267" 2017 123790 163.4028
"268" 2017 128042 186.30111
"269" 2017 131293 207.44294
"270" 2017 139254 247.87212
"271" 2017 142898 285.796
"272" 2017 142566 305.09124
"273" 2017 142702 332.49566
"274" 2017 143415 375.030225
"275" 2017 144165 428.17005
"276" 2017 142745 479.6232
"277" 2017 139223 519.30179
"278" 2017 135161 565.648785
"279" 2017 129417 610.84824
"280" 2017 124428 632.71638
"281" 2017 118419 655.449165
"282" 2017 115561 711.277955
"283" 2017 112977 761.46498
"284" 2017 104803 780.258335
"285" 2017 98824 822.21568
"286" 2017 95053 856.902795
"287" 2017 93323 925.76416
"288" 2017 88443 966.239775
"289" 2017 90042 1077.80274
"290" 2017 90024 1200.01992
"291" 2017 92072 1332.28184
"292" 2017 92333 1448.70477
"293" 2017 76380 1313.736
"294" 2017 62044 1156.81038
"295" 2017 79203 1605.840825
"296" 2017 77373 1696.403025
"297" 2017 75922 1785.68544
"298" 2017 86040 2188.4274
"299" 2017 90344 2528.27684
"300" 2017 85174 2641.67161
"301" 2017 56914 1941.33654
"302" 2017 49709 1915.78486
"303" 2017 46930 2076.88715
"304" 2017 43966 2239.84787
"305" 2017 41384 2436.483
"306" 2017 39992 2680.4638
"307" 2017 38289 2941.935315
"308" 2017 35377 3139.885635
"309" 2017 33161 3342.29719
"310" 2017 28057.01 3191.62517255
"311" 2017 25477.72 3258.8551652
"312" 2017 21117.6 3039.033816
"313" 2017 18852.46 3066.9181928
"314" 2017 15732.81 2856.21299145
"315" 2017 12783.08 2601.7402724
"316" 2017 10290.34 2306.2195491
"317" 2017 7786.75 1906.23533375
"318" 2017 5623.39 1519.8898492
"319" 2017 3773.94 1114.633179
"320" 2017 2065.46 662.9713508
"321" 2017 949 329.184375
"322" 2017 565.81 210.88587415
"323" 2017 394.66 157.1476921
"324" 2017 233.13 98.6093274
"325" 2017 230.07 102.8021781
"326" 2017 145.64 68.3787082
"327" 2017 79.77 39.15231255
"328" 2017 40.19 20.52242065
"329" 2017 19.2 10.154592
"330" 2017 7 3.818745
"331" 2017 4 2.24242
"332" 2017 2 1.56775
"333" 2017 0 0
"334" 2018 86460 257.6508
"335" 2018 89110 17.822
"336" 2018 86505 11.678175
"337" 2018 85894 9.01887
"338" 2018 84039 8.4039
"339" 2018 84464 5.91248
"340" 2018 83745 5.0247
"341" 2018 84559 5.496335
"342" 2018 82320 5.7624
"343" 2018 83815 6.286125
"344" 2018 82680 6.6144
"345" 2018 84353 7.59177
"346" 2018 84652 8.4652
"347" 2018 85868 9.01614
"348" 2018 84538 11.41263
"349" 2018 86985 19.1367
"350" 2018 84858 22.06308
"351" 2018 88724 27.06082
"352" 2018 89938 30.57892
"353" 2018 95992 33.5972
"354" 2018 101064 39.92028
"355" 2018 106554 41.02329
"356" 2018 107437 36.52858
"357" 2018 111994 36.95802
"358" 2018 116286 41.28153
"359" 2018 119130 45.2694
"360" 2018 121611 46.21218
"361" 2018 121090 49.04145
"362" 2018 120790 50.12785
"363" 2018 121205 48.482
"364" 2018 119370 53.11965
"365" 2018 119452 57.33696
"366" 2018 119631 61.01181
"367" 2018 120304 67.37024
"368" 2018 120056 73.23416
"369" 2018 123152 79.43304
"370" 2018 122311 81.336815
"371" 2018 119213 79.276645
"372" 2018 112789 81.20808
"373" 2018 110800 93.626
"374" 2018 110273 104.75935
"375" 2018 110881 113.09862
"376" 2018 115010 123.63575
"377" 2018 117501 138.65118
"378" 2018 117578 155.20296
"379" 2018 124211 180.727005
"380" 2018 128388 202.85304
"381" 2018 131619 234.28182
"382" 2018 139435 278.87
"383" 2018 143083 306.19762
"384" 2018 142722 332.54226
"385" 2018 142745 373.278175
"386" 2018 143380 425.8386
"387" 2018 144014 483.88704
"388" 2018 142529 531.63317
"389" 2018 139006 581.74011
"390" 2018 134820 636.3504
"391" 2018 128944 655.68024
"392" 2018 123950 686.06325
"393" 2018 117892 725.62526
"394" 2018 114995 775.0663
"395" 2018 112321 836.229845
"396" 2018 103999 865.27168
"397" 2018 98009 883.551135
"398" 2018 94232 934.78144
"399" 2018 92366 1009.09855
"400" 2018 87480 1047.1356
"401" 2018 88967 1185.93011
"402" 2018 88744 1284.12568
"403" 2018 90634 1422.04746
"404" 2018 90926 1563.9272
"405" 2018 75006 1398.48687
"406" 2018 60845 1233.632375
"407" 2018 77572 1700.7661
"408" 2018 75702 1780.51104
"409" 2018 74159 1886.234165
"410" 2018 83916 2348.38926
"411" 2018 87808 2723.36512
"412" 2018 82534 2815.23474
"413" 2018 54967 2118.42818
"414" 2018 47747 2113.043485
"415" 2018 44801 2282.386945
"416" 2018 41671 2453.380125
"417" 2018 38996 2613.7069
"418" 2018 37298 2865.79183
"419" 2018 35251 3128.702505
"420" 2018 32183 3243.72457
"421" 2018 29746 3383.75623
"422" 2018 24803.01 3172.5530091
"423" 2018 22209.72 3196.2008052
"424" 2018 18039.6 2934.682128
"425" 2018 15798.46 2868.1314207
"426" 2018 12936.81 2633.0289393
"427" 2018 10210.08 2288.2320792
"428" 2018 8013.34 1961.7056987
"429" 2018 5809.75 1570.25923
"430" 2018 4052.39 1196.8733865
"431" 2018 2627.94 843.5161812
"432" 2018 1431.46 496.5376875
"433" 2018 615 229.219725
"434" 2018 371.81 148.04916485
"435" 2018 238.66 100.9484068
"436" 2018 125.13 55.9118379
"437" 2018 140.07 65.76356535
"438" 2018 81.64 40.0701366
"439" 2018 44.77 22.86112895
"440" 2018 20.19 10.67818815
"441" 2018 12.2 6.655527
"442" 2018 5 2.803025
"443" 2018 1 0.783875
"444" 2018 1 1
"445" 2019 84177 250.84746
"446" 2019 88581 17.7162
"447" 2019 89401 12.069135
"448" 2019 86764 9.11022
"449" 2019 86210 8.621
"450" 2019 84192 5.89344
"451" 2019 84648 5.07888
"452" 2019 83868 5.45142
"453" 2019 84864 5.94048
"454" 2019 82714 6.20355
"455" 2019 84228 6.73824
"456" 2019 83045 7.47405
"457" 2019 84728 8.4728
"458" 2019 85025 8.927625
"459" 2019 86247 11.643345
"460" 2019 84970 18.6934
"461" 2019 87085 22.6421
"462" 2019 85211 25.989355
"463" 2019 89622 30.47148
"464" 2019 92116 32.2406
"465" 2019 97811 38.635345
"466" 2019 102587 39.495995
"467" 2019 107938 36.69892
"468" 2019 108962 35.95746
"469" 2019 113465 40.280075
"470" 2019 117472 44.63936
"471" 2019 120281 45.70678
"472" 2019 122465 49.598325
"473" 2019 121965 50.615475
"474" 2019 121525 48.61
"475" 2019 121985 54.283325
"476" 2019 120121 57.65808
"477" 2019 120044 61.22244
"478" 2019 120242 67.33552
"479" 2019 120774 73.67214
"480" 2019 120574 77.77023
"481" 2019 123651 82.227915
"482" 2019 122864 81.70456
"483" 2019 119677 86.16744
"484" 2019 113192 95.64724
"485" 2019 111312 105.7464
"486" 2019 110673 112.88646
"487" 2019 111268 119.6131
"488" 2019 115472 136.25696
"489" 2019 117931 155.66892
"490" 2019 117982 171.66381
"491" 2019 124549 196.78742
"492" 2019 128679 229.04862
"493" 2019 131680 263.36
"494" 2019 139670 298.8938
"495" 2019 143207 333.67231
"496" 2019 142712 373.19188
"497" 2019 142669 423.72693
"498" 2019 143177 481.07472
"499" 2019 143818 536.44114
"500" 2019 142278 595.43343
"501" 2019 138562 654.01264
"502" 2019 134318 683.00703
"503" 2019 128414 710.77149
"504" 2019 123313 758.991515
"505" 2019 117265 790.3661
"506" 2019 114279 850.807155
"507" 2019 111442 927.19744
"508" 2019 103119 929.617785
"509" 2019 97136 963.58912
"510" 2019 93237 1018.614225
"511" 2019 91301 1092.87297
"512" 2019 86345 1150.97885
"513" 2019 87662 1268.46914
"514" 2019 87500 1372.875
"515" 2019 89143 1533.2596
"516" 2019 89345 1665.837525
"517" 2019 73579 1491.814225
"518" 2019 59519 1304.954075
"519" 2019 75839 1783.73328
"520" 2019 73809 1877.331915
"521" 2019 72314 2023.70729
"522" 2019 81569 2529.862535
"523" 2019 85112 2903.17032
"524" 2019 79768 3074.25872
"525" 2019 52813 2337.239315
"526" 2019 45637 2324.976965
"527" 2019 42497 2502.010875
"528" 2019 39175 2625.704375
"529" 2019 36457 2801.173595
"530" 2019 34513 3063.201315
"531" 2019 32132 3238.58428
"532" 2019 29041 3303.558955
"533" 2019 26439 3381.81249
"534" 2019 21629.01 3112.6308291
"535" 2019 18991.72 3089.5730096
"536" 2019 15053.6 2732.905812
"537" 2019 12907.46 2627.0553338
"538" 2019 10337.81 2316.85828815
"539" 2019 7864.08 1925.1661044
"540" 2019 6042.34 1633.1236552
"541" 2019 4295.75 1268.7497625
"542" 2019 2870.39 921.3377822
"543" 2019 1784.94 619.1510625
"544" 2019 955.46 356.1142739
"545" 2019 403 160.468555
"546" 2019 226.81 95.9360938
"547" 2019 152.66 68.2130678
"548" 2019 97.13 45.60302065
"549" 2019 84.07 41.26281705
"550" 2019 40.64 20.7522064
"551" 2019 21.77 11.51382645
"552" 2019 8.19 4.46793165
"553" 2019 5.2 2.915146
"554" 2019 2 1.56775
"555" 2019 0 0
"556" 2020 83381 248.47538
"557" 2020 86659 17.3318
"558" 2020 88978 12.01203
"559" 2020 89726 9.42123
"560" 2020 87091 8.7091
"561" 2020 86533 6.05731
"562" 2020 84428 5.06568
"563" 2020 84870 5.51655
"564" 2020 84143 5.89001
"565" 2020 85253 6.393975
"566" 2020 83137 6.65096
"567" 2020 84691 7.62219
"568" 2020 83511 8.3511
"569" 2020 85193 8.945265
"570" 2020 85466 11.53791
"571" 2020 86765 19.0883
"572" 2020 85232 22.16032
"573" 2020 87564 26.70702
"574" 2020 86318 29.34812
"575" 2020 91976 32.1916
"576" 2020 94201 37.209395
"577" 2020 99325 38.240125
"578" 2020 103938 35.33892
"579" 2020 109780 36.2274
"580" 2020 110526 39.23673
"581" 2020 115102 43.73876
"582" 2020 118670 45.0946
"583" 2020 121343 49.143915
"584" 2020 123413 51.216395
"585" 2020 122874 49.1496
"586" 2020 122417 54.475565
"587" 2020 122794 58.94112
"588" 2020 120865 61.64115
"589" 2020 120741 67.61496
"590" 2020 120811 73.69471
"591" 2020 121384 78.29268
"592" 2020 121143 80.560095
"593" 2020 124126 82.54379
"594" 2020 123399 88.84728
"595" 2020 120252 101.61294
"596" 2020 113723 108.03685
"597" 2020 111806 114.04212
"598" 2020 111150 119.48625
"599" 2020 111771 131.88978
"600" 2020 115991 153.10812
"601" 2020 118418 172.29819
"602" 2020 118274 186.87292
"603" 2020 124924 222.36472
"604" 2020 128908 257.816
"605" 2020 131929 282.32806
"606" 2020 139774 325.67342
"607" 2020 143366 374.90209
"608" 2020 142692 423.79524
"609" 2020 142587 479.09232
"610" 2020 142985 533.33405
"611" 2020 143532 600.68142
"612" 2020 141971 670.10312
"613" 2020 138198 702.73683
"614" 2020 133853 740.876355
"615" 2020 127931 787.415305
"616" 2020 122731 827.20694
"617" 2020 116561 867.796645
"618" 2020 113495 944.2784
"619" 2020 110559 996.689385
"620" 2020 102289 1014.70688
"621" 2020 96157 1050.515225
"622" 2020 92307 1104.91479
"623" 2020 90206 1202.44598
"624" 2020 85278 1233.97266
"625" 2020 86433 1356.13377
"626" 2020 86206 1482.7432
"627" 2020 87561 1632.574845
"628" 2020 87662 1777.34705
"629" 2020 72043 1579.542775
"630" 2020 58182 1368.44064
"631" 2020 73953 1880.994555
"632" 2020 71837 2010.358445
"633" 2020 70408 2183.70412
"634" 2020 79093 2697.86223
"635" 2020 82254 3170.06916
"636" 2020 76907 3403.519285
"637" 2020 50659 2580.822755
"638" 2020 43442 2557.64775
"639" 2020 40101 2687.769525
"640" 2020 36613 2813.159855
"641" 2020 33674 2988.73587
"642" 2020 31524 3177.30396
"643" 2020 29066 3306.40283
"644" 2020 25800 3300.078
"645" 2020 23152 3331.80432
"646" 2020 18611.01 3027.6391068
"647" 2020 15889.72 2884.6992174
"648" 2020 12384.6 2520.637638
"649" 2020 10306.46 2309.8322829
"650" 2020 8015.81 1962.31036705
"651" 2020 5970.08 1613.5932224
"652" 2020 4470.34 1320.314919
"653" 2020 3049.75 978.908755
"654" 2020 1991.39 690.76340625
"655" 2020 1193.94 444.9993471
"656" 2020 594.46 236.7050551
"657" 2020 252 106.59096
"658" 2020 144.81 64.7054523
"659" 2020 86.66 40.6873033
"660" 2020 57.13 28.04026095
"661" 2020 42.07 21.48241445
"662" 2020 22.64 11.9739564
"663" 2020 10.77 5.87541195
"664" 2020 6.19 3.47014495
"665" 2020 1.2 0.94065
"666" 2020 0 0
"667" 2021 81970 244.2706
"668" 2021 85449 17.0898
"669" 2021 87087 11.756745
"670" 2021 89259 9.372195
"671" 2021 89990 8.999
"672" 2021 87296 6.11072
"673" 2021 86694 5.20164
"674" 2021 84656 5.50264
"675" 2021 85180 5.9626
"676" 2021 84474 6.33555
"677" 2021 85657 6.85256
"678" 2021 83535 7.51815
"679" 2021 84964 8.4964
"680" 2021 83778 8.79669
"681" 2021 85499 11.542365
"682" 2021 85794 18.87468
"683" 2021 86944 22.60544
"684" 2021 85660 26.1263
"685" 2021 88602 30.12468
"686" 2021 88249 30.88715
"687" 2021 93786 37.04547
"688" 2021 95476 36.75826
"689" 2021 100549 34.18666
"690" 2021 105518 34.82094
"691" 2021 111404 39.54842
"692" 2021 112166 42.62308
"693" 2021 116668 44.33384
"694" 2021 119824 48.52872
"695" 2021 122451 50.817165
"696" 2021 124353 49.7412
"697" 2021 123789 55.086105
"698" 2021 123262 59.16576
"699" 2021 123561 63.01611
"700" 2021 121398 67.98288
"701" 2021 121489 74.10829
"702" 2021 121484 78.35718
"703" 2021 122140 81.2231
"704" 2021 121724 80.94646
"705" 2021 124689 89.77608
"706" 2021 123949 104.736905
"707" 2021 120749 114.71155
"708" 2021 114234 116.51868
"709" 2021 112303 120.725725
"710" 2021 111549 131.62782
"711" 2021 112300 148.236
"712" 2021 116425 169.398375
"713" 2021 118801 187.70558
"714" 2021 118649 211.19522
"715" 2021 125237 250.474
"716" 2021 129135 276.3489
"717" 2021 132107 307.80931
"718" 2021 139893 365.820195
"719" 2021 143458 426.07026
"720" 2021 142661 479.34096
"721" 2021 142546 531.69658
"722" 2021 142867 597.898395
"723" 2021 143230 676.0456
"724" 2021 141561 719.837685
"725" 2021 137713 762.241455
"726" 2021 133312 820.53536
"727" 2021 127309 858.06266
"728" 2021 121957 907.969865
"729" 2021 115714 962.74048
"730" 2021 112634 1015.39551
"731" 2021 109616 1087.39072
"732" 2021 101284 1106.5277
"733" 2021 95097 1138.31109
"734" 2021 91209 1215.81597
"735" 2021 89011 1287.98917
"736" 2021 84057 1318.85433
"737" 2021 85011 1462.1892
"738" 2021 84601 1577.385645
"739" 2021 85779 1739.169225
"740" 2021 85749 1880.046825
"741" 2021 70373 1655.17296
"742" 2021 56676 1441.55406
"743" 2021 71761 2008.231585
"744" 2021 69580 2158.0237
"745" 2021 67919 2316.71709
"746" 2021 76075 2931.9305
"747" 2021 78874 3490.56887
"748" 2021 73319 3735.236455
"749" 2021 47966 2823.99825
"750" 2021 40814 2735.55835
"751" 2021 37272 2863.79412
"752" 2021 33727 2993.439885
"753" 2021 30630 3087.1977
"754" 2021 28205 3208.459775
"755" 2021 25542 3267.07722
"756" 2021 22362 3218.11542
"757" 2021 19472 3167.70496
"758" 2021 15879 2882.753055
"759" 2021 12572 2558.77916
"760" 2021 9901 2218.962615
"761" 2021 7851 1921.964055
"762" 2021 5948 1607.62544
"763" 2021 4131 1220.09085
"764" 2021 2905 932.4469
"765" 2021 1998 693.05625
"766" 2021 1316 490.49294
"767" 2021 591.572 235.55509682
"768" 2021 363.47366824 153.742092192155
"769" 2021 214.16232006369 95.6941494740586
"770" 2021 120.965303241574 56.7938146984352
"771" 2021 65.5039213583449 32.1503071614961
"772" 2021 34.027977067233 17.3758760697265
"773" 2021 16.9762174790719 8.97846678141894
"774" 2021 8.14586819515784 4.44385620584543
"775" 2021 3.76656799475903 2.11155685070189
"776" 2021 1.6819232723797 1.31841760513664
"777" 2021 0.727011334486125 0.727011334486125
