"year" "population" "expected"
"1" 2015 80482 253.5183
"2" 2015 81057 14.995545
"3" 2015 81485 9.370775
"4" 2015 80979 6.47832
"5" 2015 82000 8.61
"6" 2015 79662 6.37296
"7" 2015 81042 4.0521
"8" 2015 79793 3.590685
"9" 2015 81543 4.484865
"10" 2015 81858 4.91148
"11" 2015 83271 9.15981
"12" 2015 81933 11.47062
"13" 2015 84098 9.67127
"14" 2015 81807 8.1807
"15" 2015 85003 10.20036
"16" 2015 85197 24.281145
"17" 2015 88480 28.756
"18" 2015 91663 23.83238
"19" 2015 96777 27.09756
"20" 2015 98801 37.54438
"21" 2015 103838 47.24629
"22" 2015 107931 41.01378
"23" 2015 110512 42.54712
"24" 2015 113603 47.71326
"25" 2015 113235 43.0293
"26" 2015 113707 40.365985
"27" 2015 114775 40.745125
"28" 2015 113366 44.77957
"29" 2015 113890 47.8338
"30" 2015 114289 46.287045
"31" 2015 116038 49.89634
"32" 2015 115839 55.023525
"33" 2015 119247 59.6235
"34" 2015 118756 60.56556
"35" 2015 115600 78.608
"36" 2015 109745 79.0164
"37" 2015 107687 74.842465
"38" 2015 107423 82.178595
"39" 2015 108292 82.84338
"40" 2015 112434 93.32022
"41" 2015 115321 105.518715
"42" 2015 115601 123.115065
"43" 2015 122462 150.01595
"44" 2015 126825 164.8725
"45" 2015 130013 173.567355
"46" 2015 138252 208.06926
"47" 2015 142010 236.44665
"48" 2015 141866 258.90545
"49" 2015 142172 302.1155
"50" 2015 143017 330.36927
"51" 2015 144074 365.94796
"52" 2015 142782 401.21742
"53" 2015 139295 433.20745
"54" 2015 135483 491.125875
"55" 2015 129956 551.01344
"56" 2015 125147 558.15562
"57" 2015 119131 566.467905
"58" 2015 116517 619.287855
"59" 2015 114119 667.025555
"60" 2015 105922 699.0852
"61" 2015 100189 721.3608
"62" 2015 96625 747.8775
"63" 2015 94904 819.97056
"64" 2015 90146 889.29029
"65" 2015 92031 1026.605805
"66" 2015 92227 1077.21136
"67" 2015 94494 1174.08795
"68" 2015 95175 1307.7045
"69" 2015 78833 1207.72156
"70" 2015 64131 1055.916915
"71" 2015 82085 1439.360475
"72" 2015 80565 1506.968325
"73" 2015 79237 1595.436995
"74" 2015 90045 1983.69135
"75" 2015 94944 2205.0744
"76" 2015 90006 2315.40435
"77" 2015 60489 1774.74726
"78" 2015 53256 1775.82132
"79" 2015 50668 1855.46216
"80" 2015 47959 1973.03326
"81" 2015 45862 2185.3243
"82" 2015 44878 2439.34369
"83" 2015 43755 2726.37405
"84" 2015 41148 2887.14942
"85" 2015 39328 3156.26864
"86" 2015 34548.01 3218.31987155
"87" 2015 32037.72 3407.211522
"88" 2015 27397.6 3295.520316
"89" 2015 25256.46 3410.0009469
"90" 2015 22023.81 3306.4345953
"91" 2015 18537.08 3092.911798
"92" 2015 15785.34 2899.8458847
"93" 2015 12462.75 2622.59879625
"94" 2015 9520.39 2163.8894431
"95" 2015 6791.94 1660.8670479
"96" 2015 3924.46 1084.4852764
"97" 2015 1942 585.36735
"98" 2015 1276.81 417.5296381
"99" 2015 864.66 305.0390781
"100" 2015 654.13 247.5489572
"101" 2015 601.07 242.6279162
"102" 2015 389.64 166.824366
"103" 2015 230.77 104.22842435
"104" 2015 118.19 56.0161505
"105" 2015 65.2 32.264872
"106" 2015 31 15.942525
"107" 2015 13 6.91769
"108" 2015 7 3.8388
"109" 2015 2 1.12622
"110" 2015 0 0
"111" 2015 0 0
"112" 2016 83341 262.52415
"113" 2016 84416 15.61696
"114" 2016 82654 9.50521
"115" 2016 83148 6.65184
"116" 2016 82564 8.66922
"117" 2016 83472 6.67776
"118" 2016 80986 4.0493
"119" 2016 82414 3.70863
"120" 2016 81306 4.47183
"121" 2016 82923 4.97538
"122" 2016 83201 9.15211
"123" 2016 84450 11.823
"124" 2016 83154 9.56271
"125" 2016 85385 8.5385
"126" 2016 83433 10.01196
"127" 2016 87035 24.804975
"128" 2016 87623 28.477475
"129" 2016 91282 23.73332
"130" 2016 95140 26.6392
"131" 2016 101658 38.63004
"132" 2016 103504 47.09432
"133" 2016 107992 41.03696
"134" 2016 112076 43.14926
"135" 2016 115154 48.36468
"136" 2016 118047 44.85786
"137" 2016 117768 41.80764
"138" 2016 117782 41.81261
"139" 2016 118477 46.798415
"140" 2016 116769 49.04298
"141" 2016 116991 47.381355
"142" 2016 117390 50.4777
"143" 2016 118488 56.2818
"144" 2016 118276 59.138
"145" 2016 121375 61.90125
"146" 2016 120758 82.11544
"147" 2016 117580 84.6576
"148" 2016 111381 77.409795
"149" 2016 109346 83.64969
"150" 2016 108895 83.304675
"151" 2016 109613 90.97879
"152" 2016 113809 104.135235
"153" 2016 116475 124.045875
"154" 2016 116648 142.8938
"155" 2016 123367 160.3771
"156" 2016 127704 170.48484
"157" 2016 130905 197.012025
"158" 2016 138933 231.323445
"159" 2016 142596 260.2377
"160" 2016 142349 302.491625
"161" 2016 142560 329.3136
"162" 2016 143399 364.23346
"163" 2016 144244 405.32564
"164" 2016 142891 444.39101
"165" 2016 139467 505.567875
"166" 2016 135365 573.9476
"167" 2016 129753 578.69838
"168" 2016 124833 593.580915
"169" 2016 118940 632.1661
"170" 2016 116101 678.610345
"171" 2016 113622 749.9052
"172" 2016 105421 759.0312
"173" 2016 99545 770.4783
"174" 2016 95910 828.6624
"175" 2016 94165 928.937725
"176" 2016 89255 995.639525
"177" 2016 91053 1063.49904
"178" 2016 91172 1132.8121
"179" 2016 93253 1281.29622
"180" 2016 93844 1437.69008
"181" 2016 77626 1278.11209
"182" 2016 63120 1106.8092
"183" 2016 80722 1509.90501
"184" 2016 78991 1590.483785
"185" 2016 77648 1710.58544
"186" 2016 88070 2045.42575
"187" 2016 92729 2385.453525
"188" 2016 87666 2572.12044
"189" 2016 58689 1956.984705
"190" 2016 51483 1885.30746
"191" 2016 48786 2007.05604
"192" 2016 45998 2191.8047
"193" 2016 43636 2371.83478
"194" 2016 42499 2648.11269
"195" 2016 41016 2877.88764
"196" 2016 38263 3070.797065
"197" 2016 36225 3374.539875
"198" 2016 31255.01 3323.9703135
"199" 2016 28669.72 3448.5372702
"200" 2016 24094.6 3253.132419
"201" 2016 21835.46 3278.1576098
"202" 2016 18693.81 3119.0621985
"203" 2016 15538.08 2854.4229864
"204" 2016 12864.34 2707.1073879
"205" 2016 9877.75 2245.1137975
"206" 2016 7352.39 1797.91668865
"207" 2016 5124.94 1416.2259196
"208" 2016 2852.46 859.8027555
"209" 2016 1366 446.69566
"210" 2016 848.81 299.44743585
"211" 2016 559.66 211.7977304
"212" 2016 394.13 159.0945158
"213" 2016 385.07 164.8677205
"214" 2016 250.64 113.2028092
"215" 2016 127.77 60.5565915
"216" 2016 66.19 32.7547834
"217" 2016 32.2 16.559655
"218" 2016 18 9.57834
"219" 2016 6 3.2904
"220" 2016 5 2.81555
"221" 2016 1 0.78504
"222" 2016 0 0
"223" 2017 86851 273.58065
"224" 2017 85944 15.89964
"225" 2017 85379 9.818585
"226" 2017 83478 6.67824
"227" 2017 83999 8.819895
"228" 2017 83365 6.6692
"229" 2017 84122 4.2061
"230" 2017 81842 3.68289
"231" 2017 83175 4.574625
"232" 2017 82135 4.9281
"233" 2017 83721 9.20931
"234" 2017 84089 11.77246
"235" 2017 85285 9.807775
"236" 2017 83991 8.3991
"237" 2017 86364 10.36368
"238" 2017 84605 24.112425
"239" 2017 88143 28.646475
"240" 2017 88849 23.10074
"241" 2017 93624 26.21472
"242" 2017 98764 37.53032
"243" 2017 104700 47.6385
"244" 2017 105960 40.2648
"245" 2017 110280 42.4578
"246" 2017 114592 48.12864
"247" 2017 117475 44.6405
"248" 2017 120284 42.70082
"249" 2017 119916 42.57018
"250" 2017 119653 47.262935
"251" 2017 120209 50.48778
"252" 2017 118442 47.96901
"253" 2017 118491 50.95113
"254" 2017 118853 56.455175
"255" 2017 119523 59.7615
"256" 2017 119393 60.89043
"257" 2017 122426 83.24968
"258" 2017 121730 87.6456
"259" 2017 118567 82.404065
"260" 2017 112194 85.82841
"261" 2017 110209 84.309885
"262" 2017 109665 91.02195
"263" 2017 110328 100.95012
"264" 2017 114512 121.95528
"265" 2017 117007 143.333575
"266" 2017 117155 152.3015
"267" 2017 123790 165.25965
"268" 2017 128042 192.70321
"269" 2017 131293 218.602845
"270" 2017 139254 254.13855
"271" 2017 142898 303.65825
"272" 2017 142566 329.32746
"273" 2017 142702 362.46308
"274" 2017 143415 402.99615
"275" 2017 144165 448.35315
"276" 2017 142745 517.450625
"277" 2017 139223 590.30552
"278" 2017 135161 602.81806
"279" 2017 129417 615.377835
"280" 2017 124428 661.33482
"281" 2017 118419 692.159055
"282" 2017 115561 762.7026
"283" 2017 112977 813.4344
"284" 2017 104803 811.17522
"285" 2017 98824 853.83936
"286" 2017 95053 937.697845
"287" 2017 93323 1041.018065
"288" 2017 88443 1033.01424
"289" 2017 90042 1118.77185
"290" 2017 90024 1236.92976
"291" 2017 92072 1410.54304
"292" 2017 92333 1520.262845
"293" 2017 76380 1339.3233
"294" 2017 62044 1160.53302
"295" 2017 79203 1594.752405
"296" 2017 77373 1704.52719
"297" 2017 75922 1763.28845
"298" 2017 86040 2213.379
"299" 2017 90344 2650.69296
"300" 2017 85174 2840.12703
"301" 2017 56914 2084.19068
"302" 2017 49709 2045.02826
"303" 2017 46930 2236.2145
"304" 2017 43966 2389.77193
"305" 2017 41384 2578.63704
"306" 2017 39992 2806.03868
"307" 2017 38289 3072.883695
"308" 2017 35377 3295.544435
"309" 2017 33161 3526.67235
"310" 2017 28057.01 3374.83744785
"311" 2017 25477.72 3439.8743658
"312" 2017 21117.6 3170.385288
"313" 2017 18852.46 3145.532951
"314" 2017 15732.81 2890.19586105
"315" 2017 12783.08 2690.0074398
"316" 2017 10290.34 2338.8913786
"317" 2017 7786.75 1904.13291125
"318" 2017 5623.39 1553.9675926
"319" 2017 3773.94 1137.5598645
"320" 2017 2065.46 675.4260746
"321" 2017 949 334.792965
"322" 2017 565.81 214.1251364
"323" 2017 394.66 159.3084556
"324" 2017 233.13 99.8146095
"325" 2017 230.07 103.91226585
"326" 2017 145.64 69.026078
"327" 2017 79.77 39.4749822
"328" 2017 40.19 20.66871225
"329" 2017 19.2 10.216896
"330" 2017 7 3.8388
"331" 2017 4 2.25244
"332" 2017 2 1.57008
"333" 2017 0 0
"334" 2018 86460 272.349
"335" 2018 89110 16.48535
"336" 2018 86505 9.948075
"337" 2018 85894 6.87152
"338" 2018 84039 8.824095
"339" 2018 84464 6.75712
"340" 2018 83745 4.18725
"341" 2018 84559 3.805155
"342" 2018 82320 4.5276
"343" 2018 83815 5.0289
"344" 2018 82680 9.0948
"345" 2018 84353 11.80942
"346" 2018 84652 9.73498
"347" 2018 85868 8.5868
"348" 2018 84538 10.14456
"349" 2018 86985 24.790725
"350" 2018 84858 27.57885
"351" 2018 88724 23.06824
"352" 2018 89938 25.18264
"353" 2018 95992 36.47696
"354" 2018 101064 45.98412
"355" 2018 106554 40.49052
"356" 2018 107437 41.363245
"357" 2018 111994 47.03748
"358" 2018 116286 44.18868
"359" 2018 119130 42.29115
"360" 2018 121611 43.171905
"361" 2018 121090 47.83055
"362" 2018 120790 50.7318
"363" 2018 121205 49.088025
"364" 2018 119370 51.3291
"365" 2018 119452 56.7397
"366" 2018 119631 59.8155
"367" 2018 120304 61.35504
"368" 2018 120056 81.63808
"369" 2018 123152 88.66944
"370" 2018 122311 85.006145
"371" 2018 119213 91.197945
"372" 2018 112789 86.283585
"373" 2018 110800 91.964
"374" 2018 110273 100.899795
"375" 2018 110881 118.088265
"376" 2018 115010 140.88725
"377" 2018 117501 152.7513
"378" 2018 117578 156.96663
"379" 2018 124211 186.937555
"380" 2018 128388 213.76602
"381" 2018 131619 240.204675
"382" 2018 139435 296.299375
"383" 2018 143083 330.52173
"384" 2018 142722 362.51388
"385" 2018 142745 401.11345
"386" 2018 143380 445.9118
"387" 2018 144014 522.05075
"388" 2018 142529 604.32296
"389" 2018 139006 619.96676
"390" 2018 134820 641.0691
"391" 2018 128944 685.33736
"392" 2018 123950 724.48775
"393" 2018 117892 778.0872
"394" 2018 114995 827.964
"395" 2018 112321 869.36454
"396" 2018 103999 898.55136
"397" 2018 98009 966.858785
"398" 2018 94232 1051.15796
"399" 2018 92366 1078.83488
"400" 2018 87480 1086.939
"401" 2018 88967 1222.40658
"402" 2018 88744 1359.55808
"403" 2018 90634 1492.28881
"404" 2018 90926 1594.38741
"405" 2018 75006 1402.98723
"406" 2018 60845 1225.114075
"407" 2018 77572 1708.91116
"408" 2018 75702 1758.17895
"409" 2018 74159 1907.740275
"410" 2018 83916 2462.09544
"411" 2018 87808 2927.95776
"412" 2018 82534 3022.39508
"413" 2018 54967 2261.34238
"414" 2018 47747 2275.14455
"415" 2018 44801 2435.158355
"416" 2018 41671 2596.52001
"417" 2018 38996 2736.15434
"418" 2018 37298 2993.35099
"419" 2018 35251 3283.806905
"420" 2018 32183 3422.66205
"421" 2018 29746 3577.99761
"422" 2018 24803.01 3348.77839515
"423" 2018 22209.72 3334.3452636
"424" 2018 18039.6 3009.90726
"425" 2018 15798.46 2902.2560943
"426" 2018 12936.81 2722.35761235
"427" 2018 10210.08 2320.6490832
"428" 2018 8013.34 1959.5420969
"429" 2018 5809.75 1605.466315
"430" 2018 4052.39 1221.49165575
"431" 2018 2627.94 859.3626594
"432" 2018 1431.46 504.9976161
"433" 2018 615 232.7406
"434" 2018 371.81 150.0848246
"435" 2018 238.66 102.182279
"436" 2018 125.13 56.51559015
"437" 2018 140.07 66.3861765
"438" 2018 81.64 40.4003704
"439" 2018 44.77 23.02409175
"440" 2018 20.19 10.7437047
"441" 2018 12.2 6.69048
"442" 2018 5 2.81555
"443" 2018 1 0.78504
"444" 2018 1 1
"445" 2019 84177 265.15755
"446" 2019 88581 16.387485
"447" 2019 89401 10.281115
"448" 2019 86764 6.94112
"449" 2019 86210 9.05205
"450" 2019 84192 6.73536
"451" 2019 84648 4.2324
"452" 2019 83868 3.77406
"453" 2019 84864 4.66752
"454" 2019 82714 4.96284
"455" 2019 84228 9.26508
"456" 2019 83045 11.6263
"457" 2019 84728 9.74372
"458" 2019 85025 8.5025
"459" 2019 86247 10.34964
"460" 2019 84970 24.21645
"461" 2019 87085 28.302625
"462" 2019 85211 22.15486
"463" 2019 89622 25.09416
"464" 2019 92116 35.00408
"465" 2019 97811 44.504005
"466" 2019 102587 38.98306
"467" 2019 107938 41.55613
"468" 2019 108962 45.76404
"469" 2019 113465 43.1167
"470" 2019 117472 41.70256
"471" 2019 120281 42.699755
"472" 2019 122465 48.373675
"473" 2019 121965 51.2253
"474" 2019 121525 49.217625
"475" 2019 121985 52.45355
"476" 2019 120121 57.057475
"477" 2019 120044 60.022
"478" 2019 120242 61.32342
"479" 2019 120774 82.12632
"480" 2019 120574 86.81328
"481" 2019 123651 85.937445
"482" 2019 122864 93.99096
"483" 2019 119677 91.552905
"484" 2019 113192 93.94936
"485" 2019 111312 101.85048
"486" 2019 110673 117.866745
"487" 2019 111268 136.3033
"488" 2019 115472 150.1136
"489" 2019 117931 157.437885
"490" 2019 117982 177.56291
"491" 2019 124549 207.374085
"492" 2019 128679 234.839175
"493" 2019 131680 279.82
"494" 2019 139670 322.6377
"495" 2019 143207 363.74578
"496" 2019 142712 401.02072
"497" 2019 142669 443.70059
"498" 2019 143177 519.016625
"499" 2019 143818 609.78832
"500" 2019 142278 634.55988
"501" 2019 138562 658.86231
"502" 2019 134318 713.90017
"503" 2019 128414 750.57983
"504" 2019 123313 813.8658
"505" 2019 117265 844.308
"506" 2019 114279 884.51946
"507" 2019 111442 962.85888
"508" 2019 103119 1017.268935
"509" 2019 97136 1083.55208
"510" 2019 93237 1089.00816
"511" 2019 91301 1134.414925
"512" 2019 86345 1186.3803
"513" 2019 87662 1342.98184
"514" 2019 87500 1440.6875
"515" 2019 89143 1563.122505
"516" 2019 89345 1671.198225
"517" 2019 73579 1481.513165
"518" 2019 59519 1311.20357
"519" 2019 75839 1761.360775
"520" 2019 73809 1898.736525
"521" 2019 72314 2121.69276
"522" 2019 81569 2719.918305
"523" 2019 85112 3116.80144
"524" 2019 79768 3281.65552
"525" 2019 52813 2516.53945
"526" 2019 45637 2480.599135
"527" 2019 42497 2647.98807
"528" 2019 39175 2748.713875
"529" 2019 36457 2925.856535
"530" 2019 34513 3215.058515
"531" 2019 32132 3417.2382
"532" 2019 29041 3493.196685
"533" 2019 26439 3569.661585
"534" 2019 21629.01 3247.1632713
"535" 2019 18991.72 3168.768482
"536" 2019 15053.6 2765.421588
"537" 2019 12907.46 2716.1813451
"538" 2019 10337.81 2349.6808349
"539" 2019 7864.08 1923.0428028
"540" 2019 6042.34 1669.7402356
"541" 2019 4295.75 1294.84644375
"542" 2019 2870.39 938.6462339
"543" 2019 1784.94 629.7000579
"544" 2019 955.46 361.5842824
"545" 2019 403 162.67498
"546" 2019 226.81 97.1087015
"547" 2019 152.66 68.9496523
"548" 2019 97.13 46.0347635
"549" 2019 84.07 41.6028802
"550" 2019 40.64 20.900136
"551" 2019 21.77 11.5844701
"552" 2019 8.19 4.491396
"553" 2019 5.2 2.928172
"554" 2019 2 1.57008
"555" 2019 0 0
"556" 2020 83381 262.65015
"557" 2020 86659 16.031915
"558" 2020 88978 10.23247
"559" 2020 89726 7.17808
"560" 2020 87091 9.144555
"561" 2020 86533 6.92264
"562" 2020 84428 4.2214
"563" 2020 84870 3.81915
"564" 2020 84143 4.627865
"565" 2020 85253 5.11518
"566" 2020 83137 9.14507
"567" 2020 84691 11.85674
"568" 2020 83511 9.603765
"569" 2020 85193 8.5193
"570" 2020 85466 10.25592
"571" 2020 86765 24.728025
"572" 2020 85232 27.7004
"573" 2020 87564 22.76664
"574" 2020 86318 24.16904
"575" 2020 91976 34.95088
"576" 2020 94201 42.861455
"577" 2020 99325 37.7435
"578" 2020 103938 40.01613
"579" 2020 109780 46.1076
"580" 2020 110526 41.99988
"581" 2020 115102 40.86121
"582" 2020 118670 42.12785
"583" 2020 121343 47.930485
"584" 2020 123413 51.83346
"585" 2020 122874 49.76397
"586" 2020 122417 52.63931
"587" 2020 122794 58.32715
"588" 2020 120865 60.4325
"589" 2020 120741 61.57791
"590" 2020 120811 82.15148
"591" 2020 121384 87.39648
"592" 2020 121143 84.194385
"593" 2020 124126 94.95639
"594" 2020 123399 94.400235
"595" 2020 120252 99.80916
"596" 2020 113723 104.056545
"597" 2020 111806 119.07339
"598" 2020 111150 136.15875
"599" 2020 111771 145.3023
"600" 2020 115991 154.847985
"601" 2020 118418 178.21909
"602" 2020 118274 196.92621
"603" 2020 124924 227.9863
"604" 2020 128908 273.9295
"605" 2020 131929 304.75599
"606" 2020 139774 355.02596
"607" 2020 143366 402.85846
"608" 2020 142692 443.77212
"609" 2020 142587 516.877875
"610" 2020 142985 606.2564
"611" 2020 143532 640.15272
"612" 2020 141971 675.072105
"613" 2020 138198 734.52237
"614" 2020 133853 782.370785
"615" 2020 127931 844.3446
"616" 2020 122731 883.6632
"617" 2020 116561 902.18214
"618" 2020 113495 980.5968
"619" 2020 110559 1090.664535
"620" 2020 102289 1141.033795
"621" 2020 96157 1123.11376
"622" 2020 92307 1146.914475
"623" 2020 90206 1239.43044
"624" 2020 85278 1306.45896
"625" 2020 86433 1423.119345
"626" 2020 86206 1511.62221
"627" 2020 87561 1637.828505
"628" 2020 87662 1765.07437
"629" 2020 72043 1587.10729
"630" 2020 58182 1351.27695
"631" 2020 73953 1902.440925
"632" 2020 71837 2107.69758
"633" 2020 70408 2347.75476
"634" 2020 79093 2896.38566
"635" 2020 82254 3383.92956
"636" 2020 76907 3664.61855
"637" 2020 50659 2753.569945
"638" 2020 43442 2706.87102
"639" 2020 40101 2813.686665
"640" 2020 36613 2938.376315
"641" 2020 33674 3136.90147
"642" 2020 31524 3352.5774
"643" 2020 29066 3496.20381
"644" 2020 25800 3483.387
"645" 2020 23152 3475.80976
"646" 2020 18611.01 3105.2470185
"647" 2020 15889.72 2919.0210126
"648" 2020 12384.6 2606.153301
"649" 2020 10306.46 2342.5552934
"650" 2020 8015.81 1960.14609835
"651" 2020 5970.08 1649.7719072
"652" 2020 4470.34 1347.4722345
"653" 2020 3049.75 997.2987475
"654" 2020 1991.39 702.53252115
"655" 2020 1193.94 451.8346536
"656" 2020 594.46 239.9597236
"657" 2020 252 107.8938
"658" 2020 144.81 65.40416055
"659" 2020 86.66 41.072507
"660" 2020 57.13 28.2713518
"661" 2020 42.07 21.63554925
"662" 2020 22.64 12.0474232
"663" 2020 10.77 5.906268
"664" 2020 6.19 3.4856509
"665" 2020 1.2 0.942048
"666" 2020 0 0
"667" 2021 81970 258.2055
"668" 2021 85449 15.808065
"669" 2021 87087 10.015005
"670" 2021 89259 7.14072
"671" 2021 89990 9.44895
"672" 2021 87296 6.98368
"673" 2021 86694 4.3347
"674" 2021 84656 3.80952
"675" 2021 85180 4.6849
"676" 2021 84474 5.06844
"677" 2021 85657 9.42227
"678" 2021 83535 11.6949
"679" 2021 84964 9.77086
"680" 2021 83778 8.3778
"681" 2021 85499 10.25988
"682" 2021 85794 24.45129
"683" 2021 86944 28.2568
"684" 2021 85660 22.2716
"685" 2021 88602 24.80856
"686" 2021 88249 33.53462
"687" 2021 93786 42.67263
"688" 2021 95476 36.28088
"689" 2021 100549 38.711365
"690" 2021 105518 44.31756
"691" 2021 111404 42.33352
"692" 2021 112166 39.81893
"693" 2021 116668 41.41714
"694" 2021 119824 47.33048
"695" 2021 122451 51.42942
"696" 2021 124353 50.362965
"697" 2021 123789 53.22927
"698" 2021 123262 58.54945
"699" 2021 123561 61.7805
"700" 2021 121398 61.91298
"701" 2021 121489 82.61252
"702" 2021 121484 87.46848
"703" 2021 122140 84.8873
"704" 2021 121724 93.11886
"705" 2021 124689 95.387085
"706" 2021 123949 102.87767
"707" 2021 120749 110.485335
"708" 2021 114234 121.65921
"709" 2021 112303 137.571175
"710" 2021 111549 145.0137
"711" 2021 112300 149.9205
"712" 2021 116425 175.219625
"713" 2021 118801 197.803665
"714" 2021 118649 216.534425
"715" 2021 125237 266.128625
"716" 2021 129135 298.30185
"717" 2021 132107 335.55178
"718" 2021 139893 393.09933
"719" 2021 143458 446.15438
"720" 2021 142661 517.146125
"721" 2021 142546 604.39504
"722" 2021 142867 637.18682
"723" 2021 143230 681.05865
"724" 2021 141561 752.396715
"725" 2021 137713 804.932485
"726" 2021 133312 879.8592
"727" 2021 127309 916.6248
"728" 2021 121957 943.94718
"729" 2021 115714 999.76896
"730" 2021 112634 1111.13441
"731" 2021 109616 1222.76648
"732" 2021 101284 1182.99712
"733" 2021 95097 1181.580225
"734" 2021 91209 1253.21166
"735" 2021 89011 1363.64852
"736" 2021 84057 1383.998505
"737" 2021 85011 1490.667885
"738" 2021 84601 1582.461705
"739" 2021 85779 1727.160165
"740" 2021 85749 1889.05047
"741" 2021 70373 1634.412925
"742" 2021 56676 1457.9901
"743" 2021 71761 2105.46774
"744" 2021 69580 2320.1451
"745" 2021 67919 2487.19378
"746" 2021 76075 3129.7255
"747" 2021 78874 3758.3461
"748" 2021 73319 3985.254245
"749" 2021 47966 2988.76146
"750" 2021 40814 2863.71431
"751" 2021 37272 2991.26436
"752" 2021 33727 3141.838685
"753" 2021 30630 3257.5005
"754" 2021 28205 3392.638425
"755" 2021 25542 3448.55313
"756" 2021 22362 3357.20706
"757" 2021 19472 3248.9032
"758" 2021 15879 2917.051695
"759" 2021 12572 2645.58882
"760" 2021 9901 2250.39829
"761" 2021 7851 1919.844285
"762" 2021 5948 1643.67032
"763" 2021 4131 1245.186675
"764" 2021 2905 949.96405
"765" 2021 1998 704.86443
"766" 2021 1316 498.02704
"767" 2021 591.572 238.79395352
"768" 2021 363.47366824 155.621251056956
"769" 2021 214.16232006369 96.7274826683659
"770" 2021 120.965303241574 57.331505471344
"771" 2021 65.5039213583449 32.4152705233906
"772" 2021 34.027977067233 17.4997379062513
"773" 2021 16.9762174790719 9.03355460713853
"774" 2021 8.14586819515784 4.46719411822456
"775" 2021 3.76656799475903 2.12099210352876
"776" 2021 1.6819232723797 1.32037704574896
"777" 2021 0.727011334486125 0.727011334486125
