"year" "population" "expected"
"1" 2015 419823 1158.71148
"2" 2015 438726 83.35794
"3" 2015 487934 63.43142
"4" 2015 474783 49.852215
"5" 2015 472507 47.2507
"6" 2015 447313 44.7313
"7" 2015 468102 42.12918
"8" 2015 495224 37.1418
"9" 2015 449137 31.43959
"10" 2015 435763 30.50341
"11" 2015 473601 33.15207
"12" 2015 493067 36.980025
"13" 2015 494435 44.49915
"14" 2015 558936 55.8936
"15" 2015 638534 76.62408
"16" 2015 619017 102.137805
"17" 2015 638766 127.7532
"18" 2015 670072 154.11656
"19" 2015 683691 177.75966
"20" 2015 705892 201.17922
"21" 2015 711196 202.69086
"22" 2015 707222 212.1666
"23" 2015 721777 249.013065
"24" 2015 698906 255.10069
"25" 2015 636490 241.8662
"26" 2015 627576 254.16828
"27" 2015 622231 264.448175
"28" 2015 613977 270.14988
"29" 2015 623922 287.00412
"30" 2015 648983 311.51184
"31" 2015 658049 338.895235
"32" 2015 744341 420.552665
"33" 2015 817979 490.7874
"34" 2015 836072 522.545
"35" 2015 832746 549.61236
"36" 2015 823136 572.07952
"37" 2015 718053 531.35922
"38" 2015 774836 619.8688
"39" 2015 757930 663.18875
"40" 2015 785306 749.96723
"41" 2015 852835 878.42005
"42" 2015 887616 985.25376
"43" 2015 888508 1066.2096
"44" 2015 935886 1221.33123
"45" 2015 910805 1293.3431
"46" 2015 916561 1443.583575
"47" 2015 918800 1589.524
"48" 2015 854393 1601.986875
"49" 2015 809416 1675.49112
"50" 2015 844370 1933.6073
"51" 2015 825886 2027.55013
"52" 2015 785544 2089.54704
"53" 2015 873138 2519.00313
"54" 2015 907108 2780.28602
"55" 2015 915340 2997.7385
"56" 2015 845543 2993.22222
"57" 2015 772175 2953.569375
"58" 2015 765493 3157.658625
"59" 2015 691225 3055.2145
"60" 2015 715613 3374.115295
"61" 2015 609074 3081.91444
"62" 2015 525623 2872.529695
"63" 2015 580811 3464.537615
"64" 2015 423733 2747.908505
"65" 2015 451307 3152.379395
"66" 2015 456578 3479.12436
"67" 2015 453247 3820.87221
"68" 2015 456941 4270.113645
"69" 2015 363629 3725.379105
"70" 2015 324528 3644.44944
"71" 2015 346567 4323.423325
"72" 2015 348338 4878.47369
"73" 2015 428450 6835.91975
"74" 2015 351136 6425.7888
"75" 2015 309284 6454.75708
"76" 2015 317141 7519.41311
"77" 2015 284185 7614.737075
"78" 2015 261108 7946.82198
"79" 2015 242575 8413.713875
"80" 2015 228891 8978.249475
"81" 2015 200306 8882.56957
"82" 2015 168847 8527.617735
"83" 2015 153283 8790.78005
"84" 2015 124162 8030.79816
"85" 2015 110633.99 8060.7925114
"86" 2015 98678.17 8087.6628132
"87" 2015 83739.4 7729.14662
"88" 2015 68835.7 7143.080589
"89" 2015 54545 6316.311
"90" 2015 43083.95 5571.1855745
"91" 2015 34760.66 4952.0036236
"92" 2015 30725.36 4790.5445044
"93" 2015 25143.49 4311.47994775
"94" 2015 17127.71 3219.6669258
"95" 2015 11897.73 2476.80994275
"96" 2015 8357.93 1923.78653775
"97" 2015 5754.16 1447.8041976
"98" 2015 4156.16 1138.2891008
"99" 2015 2927.89 868.997752
"100" 2015 1817.31 581.82088305
"101" 2015 1130.33 388.50007265
"102" 2015 720.83 264.6959843
"103" 2015 424.07 165.5696501
"104" 2015 236.96 97.8952848
"105" 2015 126.32 54.9612004
"106" 2015 68.1 31.063815
"107" 2015 36.01 17.14598145
"108" 2015 16.92 8.3748078
"109" 2015 7.28 3.7312184
"110" 2015 3.08 2.3423246
"111" 2015 0.9 0.9
"112" 2016 424542 1171.73592
"113" 2016 437935 83.20765
"114" 2016 439860 57.1818
"115" 2016 488547 51.297435
"116" 2016 475292 47.5292
"117" 2016 472816 47.2816
"118" 2016 447539 40.27851
"119" 2016 468193 35.114475
"120" 2016 495348 34.67436
"121" 2016 449186 31.44302
"122" 2016 435768 30.50376
"123" 2016 473556 35.5167
"124" 2016 493078 44.37702
"125" 2016 494339 49.4339
"126" 2016 558824 67.05888
"127" 2016 638404 105.33666
"128" 2016 618830 123.766
"129" 2016 638429 146.83867
"130" 2016 669621 174.10146
"131" 2016 683310 194.74335
"132" 2016 705384 201.03444
"133" 2016 710858 213.2574
"134" 2016 706885 243.875325
"135" 2016 721508 263.35042
"136" 2016 698654 265.48852
"137" 2016 636434 257.75577
"138" 2016 627526 266.69855
"139" 2016 622167 273.75348
"140" 2016 613890 282.3894
"141" 2016 623772 299.41056
"142" 2016 648879 334.172685
"143" 2016 657925 371.727625
"144" 2016 743950 446.37
"145" 2016 817528 510.955
"146" 2016 835553 551.46498
"147" 2016 832233 578.401935
"148" 2016 822531 608.67294
"149" 2016 717423 573.9384
"150" 2016 774128 677.362
"151" 2016 757215 723.140325
"152" 2016 784511 808.04633
"153" 2016 851943 945.65673
"154" 2016 886732 1064.0784
"155" 2016 887428 1158.09354
"156" 2016 934527 1327.02834
"157" 2016 909620 1432.6515
"158" 2016 915117 1583.15241
"159" 2016 917038 1719.44625
"160" 2016 852774 1765.24218
"161" 2016 807747 1849.74063
"162" 2016 842437 2068.182835
"163" 2016 824062 2192.00492
"164" 2016 783739 2261.087015
"165" 2016 870889 2669.274785
"166" 2016 904338 2961.70695
"167" 2016 912328 3229.64112
"168" 2016 842655 3223.155375
"169" 2016 769306 3173.38725
"170" 2016 762483 3370.17486
"171" 2016 688265 3245.169475
"172" 2016 712572 3605.61432
"173" 2016 605990 3311.73535
"174" 2016 522745 3118.173925
"175" 2016 577434 3744.65949
"176" 2016 420988 2940.60118
"177" 2016 448392 3416.74704
"178" 2016 453313 3821.42859
"179" 2016 449648 4201.96056
"180" 2016 452780 4638.7311
"181" 2016 359902 4041.69946
"182" 2016 320780 4001.7305
"183" 2016 341997 4789.667985
"184" 2016 343081 5473.857355
"185" 2016 420808 7700.7864
"186" 2016 344255 7184.60185
"187" 2016 302244 7166.20524
"188" 2016 309167 8284.129765
"189" 2016 275962 8398.90347
"190" 2016 252483 8757.372855
"191" 2016 233487 9158.527575
"192" 2016 219257 9722.951665
"193" 2016 190833 9638.020665
"194" 2016 159789 9163.89915
"195" 2016 144002 9314.04936
"196" 2016 115774 8435.29364
"197" 2016 102203.74 8376.6185304
"198" 2016 90210.29 8326.409767
"199" 2016 75655.69 7850.7909513
"200" 2016 61403.04 7110.472032
"201" 2016 48036.81 6211.6399011
"202" 2016 37339.46 5319.3794716
"203" 2016 29641.87 4621.61216105
"204" 2016 25773.93 4419.58464675
"205" 2016 20721.75 3895.274565
"206" 2016 13838.39 2880.80683825
"207" 2016 9404.72 2164.731426
"208" 2016 6498.39 1635.0599079
"209" 2016 4356.26 1193.0924888
"210" 2016 3071.26 911.549968
"211" 2016 2123.36 679.8043208
"212" 2016 1248.97 429.27723385
"213" 2016 759.57 278.9216997
"214" 2016 475.3 185.571379
"215" 2016 274.33 113.3339529
"216" 2016 150.56 65.5079032
"217" 2016 78.76 35.926374
"218" 2016 41.52 19.7695404
"219" 2016 21.68 10.7308412
"220" 2016 9.79 5.0176687
"221" 2016 3.85 2.92790575
"222" 2016 1.99 1.99
"223" 2017 393654 1086.48504
"224" 2017 441642 83.91198
"225" 2017 439103 57.08339
"226" 2017 440365 46.238325
"227" 2017 488903 48.8903
"228" 2017 475501 47.5501
"229" 2017 473013 42.57117
"230" 2017 447653 33.573975
"231" 2017 468242 32.77694
"232" 2017 495380 34.6766
"233" 2017 449222 31.44554
"234" 2017 435795 32.684625
"235" 2017 473534 42.61806
"236" 2017 492985 49.2985
"237" 2017 494218 59.30616
"238" 2017 558710 92.18715
"239" 2017 638165 127.633
"240" 2017 618486 142.25178
"241" 2017 638001 165.88026
"242" 2017 669152 190.70832
"243" 2017 682735 194.579475
"244" 2017 705002 211.5006
"245" 2017 710493 245.120085
"246" 2017 706558 257.89367
"247" 2017 721290 274.0902
"248" 2017 698530 282.90465
"249" 2017 636478 270.50315
"250" 2017 627552 276.12288
"251" 2017 622206 286.21476
"252" 2017 613982 294.71136
"253" 2017 623869 321.292535
"254" 2017 648812 366.57878
"255" 2017 657851 394.7106
"256" 2017 743667 464.791875
"257" 2017 817065 539.2629
"258" 2017 835049 580.359055
"259" 2017 831567 615.35958
"260" 2017 821868 657.4944
"261" 2017 716871 627.262125
"262" 2017 773430 738.62565
"263" 2017 756432 779.12496
"264" 2017 783776 869.99136
"265" 2017 851066 1021.2792
"266" 2017 885708 1155.84894
"267" 2017 886292 1258.53464
"268" 2017 933189 1469.772675
"269" 2017 908320 1571.3936
"270" 2017 913592 1712.985
"271" 2017 915427 1894.93389
"272" 2017 851215 1949.28235
"273" 2017 806089 1978.948495
"274" 2017 840460 2235.6236
"275" 2017 822131 2371.847935
"276" 2017 781640 2395.7266
"277" 2017 868534 2844.44885
"278" 2017 901547 3191.47638
"279" 2017 909491 3478.803075
"280" 2017 839745 3463.948125
"281" 2017 766369 3387.35098
"282" 2017 759340 3580.2881
"283" 2017 685391 3468.07846
"284" 2017 709081 3875.127665
"285" 2017 602685 3595.016025
"286" 2017 519913 3371.635805
"287" 2017 574066 4009.85101
"288" 2017 418368 3187.96416
"289" 2017 445503 3755.59029
"290" 2017 449701 4202.455845
"291" 2017 445728 4566.48336
"292" 2017 448327 5034.71221
"293" 2017 355874 4439.52815
"294" 2017 316629 4434.389145
"295" 2017 337139 5379.052745
"296" 2017 337603 6178.1349
"297" 2017 412885 8616.90995
"298" 2017 336823 7986.07333
"299" 2017 294862 7900.82729
"300" 2017 300627 9149.582745
"301" 2017 267168 9266.72208
"302" 2017 243402 9547.44345
"303" 2017 224080 9936.8276
"304" 2017 209088 10559.98944
"305" 2017 180900 10374.615
"306" 2017 150442 9730.58856
"307" 2017 134605 9807.3203
"308" 2017 107132 8780.53872
"309" 2017 93658.76 8644.703548
"310" 2017 81765.51 8484.8069727
"311" 2017 67741.3 7844.44254
"312" 2017 54251.65 7015.2808615
"313" 2017 41699.1 5940.453786
"314" 2017 31913.3 4975.7621695
"315" 2017 24941.53 4276.84885675
"316" 2017 21348.12 4013.0195976
"317" 2017 16884 3514.8267
"318" 2017 11037.77 2540.61870975
"319" 2017 7348.88 1849.0516968
"320" 2017 4964.13 1359.5759244
"321" 2017 3276.73 972.533464
"322" 2017 2276.58 728.8584699
"323" 2017 1509.31 518.75739355
"324" 2017 854.08 313.6267168
"325" 2017 505.57 197.3896951
"326" 2017 307.83 127.1738079
"327" 2017 172.47 75.04083465
"328" 2017 91.78 41.865447
"329" 2017 46.34 22.0645593
"330" 2017 23.32 11.5425838
"331" 2017 11.77 6.0324781
"332" 2017 4.83 3.67319085
"333" 2017 2.45 2.45
"334" 2018 345767 954.31692
"335" 2018 409768 77.85592
"336" 2018 442831 57.56803
"337" 2018 439549 46.152645
"338" 2018 440681 44.0681
"339" 2018 489093 48.9093
"340" 2018 475723 42.81507
"341" 2018 473090 35.48175
"342" 2018 447716 31.34012
"343" 2018 468328 32.78296
"344" 2018 495411 34.67877
"345" 2018 449252 33.6939
"346" 2018 435777 39.21993
"347" 2018 473445 47.3445
"348" 2018 492801 59.13612
"349" 2018 494034 81.51561
"350" 2018 558412 111.6824
"351" 2018 637721 146.67583
"352" 2018 618079 160.70054
"353" 2018 637455 181.674675
"354" 2018 668528 190.53048
"355" 2018 682292 204.6876
"356" 2018 704600 243.087
"357" 2018 710057 259.170805
"358" 2018 706363 268.41794
"359" 2018 720986 291.99933
"360" 2018 698429 296.832325
"361" 2018 636601 280.10444
"362" 2018 627485 288.6431
"363" 2018 622296 298.70208
"364" 2018 614086 316.25429
"365" 2018 623964 352.53966
"366" 2018 648789 389.2734
"367" 2018 657643 411.026875
"368" 2018 743345 490.6077
"369" 2018 816635 567.561325
"370" 2018 834447 617.49078
"371" 2018 830978 664.7824
"372" 2018 821183 718.535125
"373" 2018 716169 683.941395
"374" 2018 772639 795.81817
"375" 2018 755802 838.94022
"376" 2018 783054 939.6648
"377" 2018 849956 1109.19258
"378" 2018 884665 1256.2243
"379" 2018 885125 1394.071875
"380" 2018 931878 1612.14894
"381" 2018 906773 1700.199375
"382" 2018 912177 1888.20639
"383" 2018 913900 2092.831
"384" 2018 849592 2085.74836
"385" 2018 804313 2139.47258
"386" 2018 838577 2419.294645
"387" 2018 820172 2513.82718
"388" 2018 779840 2553.976
"389" 2018 866279 3066.62766
"390" 2018 898712 3437.5734
"391" 2018 906590 3739.68375
"392" 2018 836619 3697.85598
"393" 2018 763563 3600.199545
"394" 2018 756329 3827.02474
"395" 2018 682353 3729.059145
"396" 2018 705639 4209.136635
"397" 2018 599585 3888.308725
"398" 2018 516967 3611.014495
"399" 2018 570984 4350.89808
"400" 2018 415769 3504.93267
"401" 2018 442222 4132.56459
"402" 2018 445992 4569.18804
"403" 2018 441600 4959.168
"404" 2018 443601 5533.922475
"405" 2018 351667 4925.096335
"406" 2018 312472 4985.49076
"407" 2018 332040 6076.332
"408" 2018 331654 6921.61898
"409" 2018 404332 9586.71172
"410" 2018 328996 8815.44782
"411" 2018 287016 8735.33196
"412" 2018 291552 10112.48112
"413" 2018 258089 10123.541025
"414" 2018 233967 10375.266615
"415" 2018 214166 10816.45383
"416" 2018 198557 11387.24395
"417" 2018 170491 11027.35788
"418" 2018 140673 10249.43478
"419" 2018 124724 10222.37904
"420" 2018 98515 9092.9345
"421" 2018 85002.61 8820.7208397
"422" 2018 73277.86 8485.576188
"423" 2018 59905.32 7746.3569292
"424" 2018 47184.46 6721.8981716
"425" 2018 35698.86 5565.9877569
"426" 2018 26917.55 4615.68688625
"427" 2018 20698.93 3890.9848614
"428" 2018 17327.14 3607.0773695
"429" 2018 13332.05 3068.70460875
"430" 2018 8580.82 2159.0201202
"431" 2018 5614.39 1537.6691332
"432" 2018 3710.96 1101.412928
"433" 2018 2366.04 757.4995362
"434" 2018 1569.43 539.42093815
"435" 2018 989.99 363.5342279
"436" 2018 539.66 210.6994538
"437" 2018 307.01 126.8350413
"438" 2018 179.12 77.9342164
"439" 2018 95.59 43.6033785
"440" 2018 48.16 22.9311432
"441" 2018 22.69 11.23075585
"442" 2018 10.25 5.2534325
"443" 2018 4.78 3.6351661
"444" 2018 1.88 1.88
"445" 2019 317677 876.78852
"446" 2019 361560 68.6964
"447" 2019 411131 53.44703
"448" 2019 443425 46.559625
"449" 2019 439948 43.9948
"450" 2019 440853 44.0853
"451" 2019 489259 44.03331
"452" 2019 475739 35.680425
"453" 2019 473132 33.11924
"454" 2019 447723 31.34061
"455" 2019 468283 32.77981
"456" 2019 495351 37.151325
"457" 2019 449187 40.42683
"458" 2019 435640 43.564
"459" 2019 473227 56.78724
"460" 2019 492503 81.262995
"461" 2019 493638 98.7276
"462" 2019 557786 128.29078
"463" 2019 636891 165.59166
"464" 2019 617533 175.996905
"465" 2019 637006 181.54671
"466" 2019 667990 200.397
"467" 2019 681859 235.241355
"468" 2019 704274 257.06001
"469" 2019 709852 269.74376
"470" 2019 706228 286.02234
"471" 2019 721111 306.472175
"472" 2019 698451 307.31844
"473" 2019 636791 292.92386
"474" 2019 627551 301.22448
"475" 2019 622410 320.54115
"476" 2019 614204 347.02526
"477" 2019 623904 374.3424
"478" 2019 648542 405.33875
"479" 2019 657398 433.88268
"480" 2019 742951 516.350945
"481" 2019 816096 603.91104
"482" 2019 833747 666.9976
"483" 2019 830299 726.511625
"484" 2019 820295 783.381725
"485" 2019 715503 736.96809
"486" 2019 771965 856.88115
"487" 2019 755036 906.0432
"488" 2019 782147 1020.701835
"489" 2019 848983 1205.55586
"490" 2019 883428 1391.3991
"491" 2019 883755 1528.89615
"492" 2019 930389 1744.479375
"493" 2019 905222 1873.80954
"494" 2019 910528 2085.10912
"495" 2019 912171 2239.379805
"496" 2019 847959 2255.57094
"497" 2019 802518 2315.26443
"498" 2019 836767 2564.690855
"499" 2019 818263 2679.811325
"500" 2019 777636 2752.83144
"501" 2019 863844 3304.2033
"502" 2019 895837 3695.327625
"503" 2019 903623 3994.01366
"504" 2019 833507 3929.985505
"505" 2019 760548 3848.37288
"506" 2019 753243 4116.472995
"507" 2019 679192 4051.38028
"508" 2019 702138 4553.36493
"509" 2019 596257 4164.855145
"510" 2019 514397 3919.70514
"511" 2019 567709 4785.78687
"512" 2019 412666 3856.36377
"513" 2019 438572 4493.17014
"514" 2019 441818 4961.61614
"515" 2019 436998 5451.55005
"516" 2019 438539 6141.738695
"517" 2019 347064 5537.40612
"518" 2019 307831 5633.3073
"519" 2019 326464 6813.30368
"520" 2019 325227 7711.13217
"521" 2019 395034 10584.93603
"522" 2019 320517 9754.934895
"523" 2019 278394 9656.09589
"524" 2019 281555 11043.994875
"525" 2019 248050 10999.77725
"526" 2019 223766 11301.30183
"527" 2019 203321 11660.45935
"528" 2019 186954 12092.18472
"529" 2019 159324 11608.34664
"530" 2019 130286 10678.24056
"531" 2019 114424 10561.3352
"532" 2019 89364 9273.30228
"533" 2019 76144.97 8817.587526
"534" 2019 64720.55 8369.0143205
"535" 2019 52022.7 7411.153842
"536" 2019 40384.24 6296.5087796
"537" 2019 30046.63 5152.24587925
"538" 2019 22192.49 4171.7442702
"539" 2019 16703.15 3477.17825125
"540" 2019 13731.81 3160.71936675
"541" 2019 10388.8 2613.925968
"542" 2019 6523.32 1786.6068816
"543" 2019 4146.56 1230.699008
"544" 2019 2648.89 848.05537795
"545" 2019 1627.87 559.50705835
"546" 2019 1047.37 384.6047377
"547" 2019 641.75 250.5584525
"548" 2019 339.18 140.1254334
"549" 2019 186.8 81.275746
"550" 2019 105.27 48.0189105
"551" 2019 53.78 25.6070781
"552" 2019 25.68 12.7107012
"553" 2019 11.13 5.7044589
"554" 2019 4.19 3.18647405
"555" 2019 2.23 2.23
"556" 2020 295114 814.51464
"557" 2020 330915 62.87385
"558" 2020 362808 47.16504
"559" 2020 411897 43.249185
"560" 2020 443890 44.389
"561" 2020 440234 44.0234
"562" 2020 441047 39.69423
"563" 2020 489343 36.700725
"564" 2020 475853 33.30971
"565" 2020 473174 33.12218
"566" 2020 447785 31.34495
"567" 2020 468307 35.123025
"568" 2020 495361 44.58249
"569" 2020 449156 44.9156
"570" 2020 435560 52.2672
"571" 2020 473053 78.053745
"572" 2020 492218 98.4436
"573" 2020 493207 113.43761
"574" 2020 557253 144.88578
"575" 2020 636507 181.404495
"576" 2020 617117 175.878345
"577" 2020 636540 190.962
"578" 2020 667567 230.310615
"579" 2020 681424 248.71976
"580" 2020 703973 267.50974
"581" 2020 709512 287.35236
"582" 2020 706080 300.084
"583" 2020 720942 317.21448
"584" 2020 698283 321.21018
"585" 2020 636805 305.6664
"586" 2020 627510 323.16765
"587" 2020 622279 351.587635
"588" 2020 614109 368.4654
"589" 2020 623719 389.824375
"590" 2020 648259 427.85094
"591" 2020 656989 456.607355
"592" 2020 742390 549.3686
"593" 2020 815472 652.3776
"594" 2020 832968 728.847
"595" 2020 829435 792.110425
"596" 2020 819476 844.06028
"597" 2020 714741 793.36251
"598" 2020 771029 925.2348
"599" 2020 754115 984.120075
"600" 2020 781263 1109.39346
"601" 2020 847680 1335.096
"602" 2020 881976 1525.81848
"603" 2020 882190 1654.10625
"604" 2020 928787 1922.58909
"605" 2020 903504 2069.02416
"606" 2020 908686 2230.82413
"607" 2020 910232 2421.21712
"608" 2020 846059 2440.880215
"609" 2020 800525 2453.609125
"610" 2020 834530 2733.08575
"611" 2020 816119 2889.06126
"612" 2020 775457 2966.123025
"613" 2020 861026 3551.73225
"614" 2020 892675 3945.6235
"615" 2020 900059 4243.778185
"616" 2020 830158 4200.59948
"617" 2020 757362 4138.98333
"618" 2020 749868 4472.96262
"619" 2020 675767 4382.348995
"620" 2020 698373 4878.135405
"621" 2020 593339 4521.24318
"622" 2020 511483 4311.80169
"623" 2020 563759 5268.327855
"624" 2020 409401 4194.313245
"625" 2020 434535 4879.82805
"626" 2020 437407 5456.652325
"627" 2020 432116 6051.78458
"628" 2020 433040 6909.1532
"629" 2020 342182 6261.9306
"630" 2020 302823 6319.91601
"631" 2020 320512 7599.33952
"632" 2020 318390 8531.26005
"633" 2020 385431 11730.592485
"634" 2020 311897 10818.147445
"635" 2020 269534 10572.47115
"636" 2020 271322 12031.77409
"637" 2020 238060 12023.2203
"638" 2020 213398 12238.3753
"639" 2020 192494 12450.51192
"640" 2020 175641 12797.20326
"641" 2020 148395 12162.4542
"642" 2020 120305 11104.1515
"643" 2020 104494 10843.34238
"644" 2020 80591 9332.4378
"645" 2020 67818.57 8769.6192867
"646" 2020 56774.32 8088.0696272
"647" 2020 44972.9 7011.9497035
"648" 2020 34447.11 5906.81818725
"649" 2020 25217.31 4740.3499338
"650" 2020 18237.68 3796.629034
"651" 2020 13423.8 3089.823165
"652" 2020 10827.3 2724.256953
"653" 2020 8043.76 2203.0249888
"654" 2020 4930.58 1463.396144
"655" 2020 3047.84 975.7812152
"656" 2020 1890.19 649.66775395
"657" 2020 1124.05 412.7624005
"658" 2020 699.84 273.2385312
"659" 2020 418.34 172.8288042
"660" 2020 215.26 93.6585497
"661" 2020 115.19 52.5439185
"662" 2020 62.89 29.94475905
"663" 2020 30.62 15.1558283
"664" 2020 13.67 7.0062851
"665" 2020 5.16 3.9241542
"666" 2020 2.06 2.06
"667" 2021 265080 731.6208
"668" 2021 304619 57.87761
"669" 2021 331534 43.09942
"670" 2021 363146 38.13033
"671" 2021 412272 41.2272
"672" 2021 444146 44.4146
"673" 2021 440425 39.63825
"674" 2021 441184 33.0888
"675" 2021 489435 34.26045
"676" 2021 475936 33.31552
"677" 2021 473243 33.12701
"678" 2021 447769 33.582675
"679" 2021 468359 42.15231
"680" 2021 495337 49.5337
"681" 2021 449091 53.89092
"682" 2021 435436 71.84694
"683" 2021 472844 94.5688
"684" 2021 491851 113.12573
"685" 2021 492757 128.11682
"686" 2021 556899 158.716215
"687" 2021 636214 181.32099
"688" 2021 616774 185.0322
"689" 2021 636276 219.51522
"690" 2021 667400 243.601
"691" 2021 681245 258.8731
"692" 2021 703759 285.022395
"693" 2021 709511 301.542175
"694" 2021 706057 310.66508
"695" 2021 721013 331.66598
"696" 2021 698397 335.23056
"697" 2021 637012 328.06118
"698" 2021 627635 354.613775
"699" 2021 622444 373.4664
"700" 2021 614251 383.906875
"701" 2021 623940 411.8004
"702" 2021 648317 450.580315
"703" 2021 656988 486.17112
"704" 2021 742345 593.876
"705" 2021 815310 713.39625
"706" 2021 832661 795.191255
"707" 2021 829120 853.9936
"708" 2021 819218 909.33198
"709" 2021 714418 857.3016
"710" 2021 770518 1005.52599
"711" 2021 753611 1070.12762
"712" 2021 780541 1229.352075
"713" 2021 846837 1465.02801
"714" 2021 881108 1652.0775
"715" 2021 881189 1824.06123
"716" 2021 927704 2124.44216
"717" 2021 902393 2215.374815
"718" 2021 907452 2413.82232
"719" 2021 908889 2622.144765
"720" 2021 844643 2588.830795
"721" 2021 799179 2617.311225
"722" 2021 832890 2948.4306
"723" 2021 814407 3115.106775
"724" 2021 773571 3190.980375
"725" 2021 858948 3796.55016
"726" 2021 890018 4196.43487
"727" 2021 897132 4539.48792
"728" 2021 827151 4520.380215
"729" 2021 754461 4500.359865
"730" 2021 746633 4841.915005
"731" 2021 672514 4697.51029
"732" 2021 695126 5296.86012
"733" 2021 590120 4974.7116
"734" 2021 508098 4748.17581
"735" 2021 559450 5731.56525
"736" 2021 405873 4557.95379
"737" 2021 430273 5367.655675
"738" 2021 432678 6059.65539
"739" 2021 426796 6809.53018
"740" 2021 427060 7815.198
"741" 2021 337042 7034.06654
"742" 2021 297529 7054.41259
"743" 2021 313932 8411.80794
"744" 2021 311032 9466.25892
"745" 2021 374914 13003.89209
"746" 2021 302154 11851.99065
"747" 2021 260052 11532.00594
"748" 2021 260420 13152.5121
"749" 2021 227056 13021.6616
"750" 2021 202247 13081.33596
"751" 2021 181133 13197.35038
"752" 2021 163654 13413.08184
"753" 2021 137149 12658.8527
"754" 2021 109952 11409.71904
"755" 2021 94374 10928.5092
"756" 2021 71764 9279.80284
"757" 2021 59477.78 8473.2045388
"758" 2021 49082.49 7652.69642835
"759" 2021 38360.38 6577.8461605
"760" 2021 28916.58 5435.7387084
"761" 2021 20848.58 4340.1531415
"762" 2021 14830.79 3413.67708825
"763" 2021 10735.34 2701.1188974
"764" 2021 8466.53 2318.8132364
"765" 2021 6123.92 1817.579456
"766" 2021 3669.42 1174.7831601
"767" 2021 2203.13 757.22679665
"768" 2021 1319.44 484.5115624
"769" 2021 760.46 296.9063978
"770" 2021 456.36 188.5360068
"771" 2021 266.34 115.8832023
"772" 2021 133.3 60.804795
"773" 2021 69.11 32.90638095
"774" 2021 36.35 17.99197775
"775" 2021 16.47 8.4413691
"776" 2021 6.49 4.93561255
"777" 2021 1.66 1.66
