"year" "population" "expected"
"1" 2015 419823 1175.5044
"2" 2015 438726 94.32609
"3" 2015 487934 73.1901
"4" 2015 474783 45.104385
"5" 2015 472507 40.163095
"6" 2015 447313 42.494735
"7" 2015 468102 44.46969
"8" 2015 495224 42.09404
"9" 2015 449137 33.685275
"10" 2015 435763 30.50341
"11" 2015 473601 33.15207
"12" 2015 493067 36.980025
"13" 2015 494435 46.971325
"14" 2015 558936 58.68828
"15" 2015 638534 73.43141
"16" 2015 619017 99.04272
"17" 2015 638766 124.55937
"18" 2015 670072 150.7662
"19" 2015 683691 177.75966
"20" 2015 705892 201.17922
"21" 2015 711196 202.69086
"22" 2015 707222 208.63049
"23" 2015 721777 249.013065
"24" 2015 698906 269.07881
"25" 2015 636490 264.14335
"26" 2015 627576 266.7198
"27" 2015 622231 283.115105
"28" 2015 613977 300.84873
"29" 2015 623922 318.20022
"30" 2015 648983 340.716075
"31" 2015 658049 361.92695
"32" 2015 744341 446.6046
"33" 2015 817979 519.416665
"34" 2015 836072 539.26644
"35" 2015 832746 545.44863
"36" 2015 823136 588.54224
"37" 2015 718053 560.08134
"38" 2015 774836 635.36552
"39" 2015 757930 670.76805
"40" 2015 785306 777.45294
"41" 2015 852835 938.1185
"42" 2015 887616 1056.26304
"43" 2015 888508 1159.50294
"44" 2015 935886 1319.59926
"45" 2015 910805 1352.545425
"46" 2015 916561 1548.98809
"47" 2015 918800 1718.156
"48" 2015 854393 1721.601895
"49" 2015 809416 1877.84512
"50" 2015 844370 2148.92165
"51" 2015 825886 2110.13873
"52" 2015 785544 2238.8004
"53" 2015 873138 2689.26504
"54" 2015 907108 2911.81668
"55" 2015 915340 3226.5735
"56" 2015 845543 3162.33082
"57" 2015 772175 3092.560875
"58" 2015 765493 3322.23962
"59" 2015 691225 3210.740125
"60" 2015 715613 3613.84565
"61" 2015 609074 3334.68015
"62" 2015 525623 3045.985285
"63" 2015 580811 3752.03906
"64" 2015 423733 3006.385635
"65" 2015 451307 3463.781225
"66" 2015 456578 3764.48561
"67" 2015 453247 3977.242425
"68" 2015 456941 4610.53469
"69" 2015 363629 3963.5561
"70" 2015 324528 3882.97752
"71" 2015 346567 4739.303725
"72" 2015 348338 5432.33111
"73" 2015 428450 7767.7985
"74" 2015 351136 7064.85632
"75" 2015 309284 6992.91124
"76" 2015 317141 8150.5237
"77" 2015 284185 8282.571825
"78" 2015 261108 8771.92326
"79" 2015 242575 9164.4835
"80" 2015 228891 9593.966265
"81" 2015 200306 9440.42178
"82" 2015 168847 8997.85663
"83" 2015 153283 9298.14678
"84" 2015 124162 8363.55232
"85" 2015 110633.99 8387.71595185
"86" 2015 98678.17 8565.265156
"87" 2015 83739.4 8136.957498
"88" 2015 68835.7 7488.635803
"89" 2015 54545 6491.40045
"90" 2015 43083.95 5674.5870545
"91" 2015 34760.66 5006.9254664
"92" 2015 30725.36 5046.4867532
"93" 2015 25143.49 4584.4125317
"94" 2015 17127.71 3250.6680809
"95" 2015 11897.73 2501.79517575
"96" 2015 8357.93 1963.5284949
"97" 2015 5754.16 1473.6116052
"98" 2015 4156.16 1155.4956032
"99" 2015 2927.89 879.87486335
"100" 2015 1817.31 587.6817078
"101" 2015 1130.33 391.54066035
"102" 2015 720.83 266.22053975
"103" 2015 424.07 166.2142365
"104" 2015 236.96 98.1156576
"105" 2015 126.32 55.0066756
"106" 2015 68.1 31.051557
"107" 2015 36.01 17.12149465
"108" 2015 16.92 8.3556882
"109" 2015 7.28 3.7201528
"110" 2015 3.08 2.3397066
"111" 2015 0.9 0.9
"112" 2016 424542 1188.7176
"113" 2016 437935 94.156025
"114" 2016 439860 65.979
"115" 2016 488547 46.411965
"116" 2016 475292 40.39982
"117" 2016 472816 44.91752
"118" 2016 447539 42.516205
"119" 2016 468193 39.796405
"120" 2016 495348 37.1511
"121" 2016 449186 31.44302
"122" 2016 435768 30.50376
"123" 2016 473556 35.5167
"124" 2016 493078 46.84241
"125" 2016 494339 51.905595
"126" 2016 558824 64.26476
"127" 2016 638404 102.14464
"128" 2016 618830 120.67185
"129" 2016 638429 143.646525
"130" 2016 669621 174.10146
"131" 2016 683310 194.74335
"132" 2016 705384 201.03444
"133" 2016 710858 209.70311
"134" 2016 706885 243.875325
"135" 2016 721508 277.78058
"136" 2016 698654 289.94141
"137" 2016 636434 270.48445
"138" 2016 627526 285.52433
"139" 2016 622167 304.86183
"140" 2016 613890 313.0839
"141" 2016 623772 327.4803
"142" 2016 648879 356.88345
"143" 2016 657925 394.755
"144" 2016 743950 472.40825
"145" 2016 817528 527.30556
"146" 2016 835553 547.287215
"147" 2016 832233 595.046595
"148" 2016 822531 641.57418
"149" 2016 717423 588.28686
"150" 2016 774128 685.10328
"151" 2016 757215 749.64285
"152" 2016 784511 862.9621
"153" 2016 851943 1013.81217
"154" 2016 886732 1157.18526
"155" 2016 887428 1251.27348
"156" 2016 934527 1387.772595
"157" 2016 909620 1537.2578
"158" 2016 915117 1711.26879
"159" 2016 917038 1847.83157
"160" 2016 852774 1978.43568
"161" 2016 807747 2055.716115
"162" 2016 842437 2152.426535
"163" 2016 824062 2348.5767
"164" 2016 783739 2413.91612
"165" 2016 870889 2795.55369
"166" 2016 904338 3187.79145
"167" 2016 912328 3412.10672
"168" 2016 842655 3374.833275
"169" 2016 769306 3338.78804
"170" 2016 762483 3541.733535
"171" 2016 688265 3475.73825
"172" 2016 712572 3901.3317
"173" 2016 605990 3511.71205
"174" 2016 522745 3376.9327
"175" 2016 577434 4096.89423
"176" 2016 420988 3231.0829
"177" 2016 448392 3696.99204
"178" 2016 453313 3977.821575
"179" 2016 449648 4536.94832
"180" 2016 452780 4935.302
"181" 2016 359902 4306.22743
"182" 2016 320780 4386.6665
"183" 2016 341997 5333.443215
"184" 2016 343081 6220.05853
"185" 2016 420808 8466.65696
"186" 2016 344255 7783.60555
"187" 2016 302244 7767.6708
"188" 2016 309167 9010.672215
"189" 2016 275962 9270.94339
"190" 2016 252483 9538.80774
"191" 2016 233487 9786.607605
"192" 2016 219257 10333.58241
"193" 2016 190833 10169.49057
"194" 2016 159789 9692.80074
"195" 2016 144002 9699.97472
"196" 2016 115774 8777.40581
"197" 2016 102203.74 8871.284632
"198" 2016 90210.29 8765.7338793
"199" 2016 75655.69 8230.5825151
"200" 2016 61403.04 7307.5757904
"201" 2016 48036.81 6326.9282451
"202" 2016 37339.46 5378.3758184
"203" 2016 29641.87 4868.52893815
"204" 2016 25773.93 4699.3606569
"205" 2016 20721.75 3932.7809325
"206" 2016 13838.39 2909.86745725
"207" 2016 9404.72 2209.4508696
"208" 2016 6498.39 1664.20518705
"209" 2016 4356.26 1211.1274052
"210" 2016 3071.26 922.9596989
"211" 2016 2123.36 686.6521568
"212" 2016 1248.97 432.63696315
"213" 2016 759.57 280.52819025
"214" 2016 475.3 186.293835
"215" 2016 274.33 113.5890798
"216" 2016 150.56 65.5621048
"217" 2016 78.76 35.9121972
"218" 2016 41.52 19.7413068
"219" 2016 21.68 10.7063428
"220" 2016 9.79 5.0027879
"221" 2016 3.85 2.92463325
"222" 2016 1.99 1.99
"223" 2017 393654 1102.2312
"224" 2017 441642 94.95303
"225" 2017 439103 65.86545
"226" 2017 440365 41.834675
"227" 2017 488903 41.556755
"228" 2017 475501 45.172595
"229" 2017 473013 44.936235
"230" 2017 447653 38.050505
"231" 2017 468242 35.11815
"232" 2017 495380 34.6766
"233" 2017 449222 31.44554
"234" 2017 435795 32.684625
"235" 2017 473534 44.98573
"236" 2017 492985 51.763425
"237" 2017 494218 56.83507
"238" 2017 558710 89.3936
"239" 2017 638165 124.442175
"240" 2017 618486 139.15935
"241" 2017 638001 165.88026
"242" 2017 669152 190.70832
"243" 2017 682735 194.579475
"244" 2017 705002 207.97559
"245" 2017 710493 245.120085
"246" 2017 706558 272.02483
"247" 2017 721290 299.33535
"248" 2017 698530 296.87525
"249" 2017 636478 289.59749
"250" 2017 627552 307.50048
"251" 2017 622206 317.32506
"252" 2017 613982 322.34055
"253" 2017 623869 343.12795
"254" 2017 648812 389.2872
"255" 2017 657851 417.735385
"256" 2017 743667 479.665215
"257" 2017 817065 535.177575
"258" 2017 835049 597.060035
"259" 2017 831567 648.62226
"260" 2017 821868 673.93176
"261" 2017 716871 634.430835
"262" 2017 773430 765.6957
"263" 2017 756432 832.0752
"264" 2017 783776 932.69344
"265" 2017 851066 1110.64113
"266" 2017 885708 1248.84828
"267" 2017 886292 1316.14362
"268" 2017 933189 1577.08941
"269" 2017 908320 1698.5584
"270" 2017 913592 1840.88788
"271" 2017 915427 2123.79064
"272" 2017 851215 2166.342175
"273" 2017 806089 2059.557395
"274" 2017 840460 2395.311
"275" 2017 822131 2532.16348
"276" 2017 781640 2509.0644
"277" 2017 868534 3061.58235
"278" 2017 901547 3371.78578
"279" 2017 909491 3642.511455
"280" 2017 839745 3644.4933
"281" 2017 766369 3559.784005
"282" 2017 759340 3834.667
"283" 2017 685391 3752.515725
"284" 2017 709081 4109.124395
"285" 2017 602685 3893.3451
"286" 2017 519913 3688.782735
"287" 2017 574066 4405.95655
"288" 2017 418368 3449.44416
"289" 2017 445503 3909.288825
"290" 2017 449701 4537.48309
"291" 2017 445728 4858.4352
"292" 2017 448327 5364.232555
"293" 2017 355874 4866.57695
"294" 2017 316629 4937.829255
"295" 2017 337139 6112.33007
"296" 2017 337603 6792.57236
"297" 2017 412885 9335.32985
"298" 2017 336823 8656.3511
"299" 2017 294862 8593.75299
"300" 2017 300627 10099.564065
"301" 2017 267168 10093.60704
"302" 2017 243402 10202.19483
"303" 2017 224080 10560.8904
"304" 2017 209088 11142.29952
"305" 2017 180900 10973.394
"306" 2017 150442 10133.77312
"307" 2017 134605 10205.078075
"308" 2017 107132 9299.0576
"309" 2017 93658.76 9100.8217092
"310" 2017 81765.51 8895.2698329
"311" 2017 67741.3 8061.892113
"312" 2017 54251.65 7145.4848215
"313" 2017 41699.1 6006.338364
"314" 2017 31913.3 5241.5999585
"315" 2017 24941.53 4547.5891649
"316" 2017 21348.12 4051.6596948
"317" 2017 16884 3550.2831
"318" 2017 11037.77 2593.1033061
"319" 2017 7348.88 1882.0114236
"320" 2017 4964.13 1380.1274226
"321" 2017 3276.73 984.70651595
"322" 2017 2276.58 736.2004404
"323" 2017 1509.31 522.81743745
"324" 2017 854.08 315.433096
"325" 2017 505.57 198.1581615
"326" 2017 307.83 127.4600898
"327" 2017 172.47 75.10292385
"328" 2017 91.78 41.8489266
"329" 2017 46.34 22.0330481
"330" 2017 23.32 11.5162322
"331" 2017 11.77 6.0145877
"332" 2017 4.83 3.66908535
"333" 2017 2.45 2.45
"334" 2018 345767 968.1476
"335" 2018 409768 88.10012
"336" 2018 442831 66.42465
"337" 2018 439549 41.757155
"338" 2018 440681 37.457885
"339" 2018 489093 46.463835
"340" 2018 475723 45.193685
"341" 2018 473090 40.21265
"342" 2018 447716 33.5787
"343" 2018 468328 32.78296
"344" 2018 495411 34.67877
"345" 2018 449252 33.6939
"346" 2018 435777 41.398815
"347" 2018 473445 49.711725
"348" 2018 492801 56.672115
"349" 2018 494034 79.04544
"350" 2018 558412 108.89034
"351" 2018 637721 143.487225
"352" 2018 618079 160.70054
"353" 2018 637455 181.674675
"354" 2018 668528 190.53048
"355" 2018 682292 201.27614
"356" 2018 704600 243.087
"357" 2018 710057 273.371945
"358" 2018 706363 293.140645
"359" 2018 720986 306.41905
"360" 2018 698429 317.785195
"361" 2018 636601 311.93449
"362" 2018 627485 320.01735
"363" 2018 622296 326.7054
"364" 2018 614086 337.7473
"365" 2018 623964 374.3784
"366" 2018 648789 411.981015
"367" 2018 657643 424.179735
"368" 2018 743345 486.890975
"369" 2018 816635 583.894025
"370" 2018 834447 650.86866
"371" 2018 830978 681.40196
"372" 2018 821183 726.746955
"373" 2018 716169 709.00731
"374" 2018 772639 849.9029
"375" 2018 755802 899.40438
"376" 2018 783054 1021.88547
"377" 2018 849956 1198.43796
"378" 2018 884665 1313.727525
"379" 2018 885125 1495.86125
"380" 2018 931878 1742.61186
"381" 2018 906773 1827.147595
"382" 2018 912177 2116.25064
"383" 2018 913900 2325.8755
"384" 2018 849592 2170.70756
"385" 2018 804313 2292.29205
"386" 2018 838577 2582.81716
"387" 2018 820172 2632.75212
"388" 2018 779840 2748.936
"389" 2018 866279 3239.88346
"390" 2018 898712 3599.34156
"391" 2018 906590 3934.6006
"392" 2018 836619 3886.095255
"393" 2018 763563 3855.99315
"394" 2018 756329 4140.901275
"395" 2018 682353 3954.235635
"396" 2018 705639 4558.42794
"397" 2018 599585 4254.055575
"398" 2018 516967 3967.721725
"399" 2018 570984 4707.76308
"400" 2018 415769 3648.372975
"401" 2018 442222 4462.01998
"402" 2018 445992 4861.3128
"403" 2018 441600 5283.744
"404" 2018 443601 6066.243675
"405" 2018 351667 5484.246865
"406" 2018 312472 5665.11736
"407" 2018 332040 6680.6448
"408" 2018 331654 7498.69694
"409" 2018 404332 10391.3324
"410" 2018 328996 9588.58842
"411" 2018 287016 9642.30252
"412" 2018 291552 11014.83456
"413" 2018 258089 10817.800435
"414" 2018 233967 11026.86471
"415" 2018 214166 11412.90614
"416" 2018 198557 12044.46762
"417" 2018 170491 11484.27376
"418" 2018 140673 10665.123495
"419" 2018 124724 10826.0432
"420" 2018 98515 9572.70255
"421" 2018 85002.61 9247.4339419
"422" 2018 73277.86 8720.7981186
"423" 2018 59905.32 7890.1296972
"424" 2018 47184.46 6796.4496184
"425" 2018 35698.86 5863.3592607
"426" 2018 26917.55 4907.8768915
"427" 2018 20698.93 3928.4499247
"428" 2018 17327.14 3643.4643635
"429" 2018 13332.05 3132.0985065
"430" 2018 8580.82 2197.5050979
"431" 2018 5614.39 1560.9127078
"432" 2018 3710.96 1115.1991444
"433" 2018 2366.04 765.1300152
"434" 2018 1569.43 543.64270485
"435" 2018 989.99 365.62805675
"436" 2018 539.66 211.519737
"437" 2018 307.01 127.1205606
"438" 2018 179.12 77.9986996
"439" 2018 95.59 43.5861723
"440" 2018 48.16 22.8983944
"441" 2018 22.69 11.20511615
"442" 2018 10.25 5.2378525
"443" 2018 4.78 3.6311031
"444" 2018 1.88 1.88
"445" 2019 317677 889.4956
"446" 2019 361560 77.7354
"447" 2019 411131 61.66965
"448" 2019 443425 42.125375
"449" 2019 439948 37.39558
"450" 2019 440853 41.881035
"451" 2019 489259 46.479605
"452" 2019 475739 40.437815
"453" 2019 473132 35.4849
"454" 2019 447723 31.34061
"455" 2019 468283 32.77981
"456" 2019 495351 37.151325
"457" 2019 449187 42.672765
"458" 2019 435640 45.7422
"459" 2019 473227 54.421105
"460" 2019 492503 78.80048
"461" 2019 493638 96.25941
"462" 2019 557786 125.50185
"463" 2019 636891 165.59166
"464" 2019 617533 175.996905
"465" 2019 637006 181.54671
"466" 2019 667990 197.05705
"467" 2019 681859 235.241355
"468" 2019 704274 271.14549
"469" 2019 709852 294.58858
"470" 2019 706228 300.1469
"471" 2019 721111 328.105505
"472" 2019 698451 342.24099
"473" 2019 636791 324.76341
"474" 2019 627551 329.464275
"475" 2019 622410 342.3255
"476" 2019 614204 368.5224
"477" 2019 623904 396.17904
"478" 2019 648542 418.30959
"479" 2019 657398 430.59569
"480" 2019 742951 531.209965
"481" 2019 816096 636.55488
"482" 2019 833747 683.67254
"483" 2019 830299 734.814615
"484" 2019 820295 812.09205
"485" 2019 715503 787.0533
"486" 2019 771965 918.63835
"487" 2019 755036 985.32198
"488" 2019 782147 1102.82727
"489" 2019 848983 1260.739755
"490" 2019 883428 1492.99332
"491" 2019 883755 1652.62185
"492" 2019 930389 1874.733835
"493" 2019 905222 2100.11504
"494" 2019 910528 2317.29376
"495" 2019 912171 2330.596905
"496" 2019 847959 2416.68315
"497" 2019 802518 2471.75544
"498" 2019 836767 2686.02207
"499" 2019 818263 2884.377075
"500" 2019 777636 2908.35864
"501" 2019 863844 3459.69522
"502" 2019 895837 3887.93258
"503" 2019 903623 4197.328835
"504" 2019 833507 4209.21035
"505" 2019 760548 4164.0003
"506" 2019 753243 4365.043185
"507" 2019 679192 4387.58032
"508" 2019 702138 4981.66911
"509" 2019 596257 4576.272475
"510" 2019 514397 4241.203265
"511" 2019 567709 4981.646475
"512" 2019 412666 4163.79994
"513" 2019 438572 4780.4348
"514" 2019 441818 5286.35237
"515" 2019 436998 5975.94765
"516" 2019 438539 6839.015705
"517" 2019 347064 6292.27032
"518" 2019 307831 6193.55972
"519" 2019 326464 7381.35104
"520" 2019 325227 8358.3339
"521" 2019 395034 11513.26593
"522" 2019 320517 10767.768615
"523" 2019 278394 10517.72532
"524" 2019 281555 11801.377825
"525" 2019 248050 11690.5965
"526" 2019 223766 11924.49014
"527" 2019 203321 12333.45186
"528" 2019 186954 12593.22144
"529" 2019 159324 12079.14906
"530" 2019 130286 11308.8248
"531" 2019 114424 11118.58008
"532" 2019 89364 9721.90956
"533" 2019 76144.97 9062.0128797
"534" 2019 64720.55 8524.3436405
"535" 2019 52022.7 7493.349708
"536" 2019 40384.24 6632.9094988
"537" 2019 30046.63 5478.4020479
"538" 2019 22192.49 4211.9126771
"539" 2019 16703.15 3512.25486625
"540" 2019 13731.81 3226.0141233
"541" 2019 10388.8 2660.519736
"542" 2019 6523.32 1813.6134264
"543" 2019 4146.56 1246.1034784
"544" 2019 2648.89 856.5980482
"545" 2019 1627.87 563.88602865
"546" 2019 1047.37 386.81992525
"547" 2019 641.75 251.5339125
"548" 2019 339.18 140.4408708
"549" 2019 186.8 81.342994
"550" 2019 105.27 47.9999619
"551" 2019 53.78 25.5705077
"552" 2019 25.68 12.6816828
"553" 2019 11.13 5.6875413
"554" 2019 4.19 3.18291255
"555" 2019 2.23 2.23
"556" 2020 295114 826.3192
"557" 2020 330915 71.146725
"558" 2020 362808 54.4212
"559" 2020 411897 39.130215
"560" 2020 443890 37.73065
"561" 2020 440234 41.82223
"562" 2020 441047 41.899465
"563" 2020 489343 41.594155
"564" 2020 475853 35.688975
"565" 2020 473174 33.12218
"566" 2020 447785 31.34495
"567" 2020 468307 35.123025
"568" 2020 495361 47.059295
"569" 2020 449156 47.16138
"570" 2020 435560 50.0894
"571" 2020 473053 75.68848
"572" 2020 492218 95.98251
"573" 2020 493207 110.971575
"574" 2020 557253 144.88578
"575" 2020 636507 181.404495
"576" 2020 617117 175.878345
"577" 2020 636540 187.7793
"578" 2020 667567 230.310615
"579" 2020 681424 262.34824
"580" 2020 703973 292.148795
"581" 2020 709512 301.5426
"582" 2020 706080 321.2664
"583" 2020 720942 353.26158
"584" 2020 698283 356.12433
"585" 2020 636805 334.322625
"586" 2020 627510 345.1305
"587" 2020 622279 373.3674
"588" 2020 614109 389.959215
"589" 2020 623719 402.298755
"590" 2020 648259 424.609645
"591" 2020 656989 469.747135
"592" 2020 742390 579.0642
"593" 2020 815472 668.68704
"594" 2020 832968 737.17668
"595" 2020 829435 821.14065
"596" 2020 819476 901.4236
"597" 2020 714741 850.54179
"598" 2020 771029 1006.192845
"599" 2020 754115 1063.30215
"600" 2020 781263 1160.175555
"601" 2020 847680 1432.5792
"602" 2020 881976 1649.29512
"603" 2020 882190 1777.61285
"604" 2020 928787 2154.78584
"605" 2020 903504 2299.41768
"606" 2020 908686 2321.69273
"607" 2020 910232 2594.1612
"608" 2020 846059 2605.86172
"609" 2020 800525 2569.68525
"610" 2020 834530 2941.71825
"611" 2020 816119 3052.28506
"612" 2020 775457 3105.705285
"613" 2020 861026 3736.85284
"614" 2020 892675 4146.475375
"615" 2020 900059 4545.29795
"616" 2020 830158 4545.11505
"617" 2020 757362 4388.91279
"618" 2020 749868 4844.14728
"619" 2020 675767 4794.566865
"620" 2020 698373 5360.012775
"621" 2020 593339 4892.080055
"622" 2020 511483 4488.263325
"623" 2020 563759 5688.32831
"624" 2020 409401 4462.4709
"625" 2020 434535 5199.211275
"626" 2020 437407 5981.540725
"627" 2020 432116 6738.84902
"628" 2020 433040 7851.0152
"629" 2020 342182 6884.70184
"630" 2020 302823 6846.82803
"631" 2020 320512 8237.1584
"632" 2020 318390 9279.47655
"633" 2020 385431 12948.554445
"634" 2020 311897 11783.46866
"635" 2020 269534 11297.51761
"636" 2020 271322 12787.40586
"637" 2020 238060 12686.2174
"638" 2020 213398 12944.72268
"639" 2020 192494 12966.39584
"640" 2020 175641 13316.222415
"641" 2020 148395 12880.686
"642" 2020 120305 11690.03685
"643" 2020 104494 11367.90226
"644" 2020 80591 9591.13491
"645" 2020 67818.57 8932.3838547
"646" 2020 56774.32 8177.7730528
"647" 2020 44972.9 7386.5739605
"648" 2020 34447.11 6280.7415663
"649" 2020 25217.31 4785.9932649
"650" 2020 18237.68 3834.928162
"651" 2020 13423.8 3153.653334
"652" 2020 10827.3 2772.8173935
"653" 2020 8043.76 2236.3261552
"654" 2020 4930.58 1481.7132487
"655" 2020 3047.84 985.6104992
"656" 2020 1890.19 654.75236505
"657" 2020 1124.05 415.13976625
"658" 2020 699.84 274.302288
"659" 2020 418.34 173.2178604
"660" 2020 215.26 93.7360433
"661" 2020 115.19 52.5231843
"662" 2020 62.89 29.90199385
"663" 2020 30.62 15.1212277
"664" 2020 13.67 6.9855067
"665" 2020 5.16 3.9197682
"666" 2020 2.06 2.06
"667" 2021 265080 742.224
"668" 2021 304619 65.493085
"669" 2021 331534 49.7301
"670" 2021 363146 34.49887
"671" 2021 412272 35.04312
"672" 2021 444146 42.19387
"673" 2021 440425 41.840375
"674" 2021 441184 37.50064
"675" 2021 489435 36.707625
"676" 2021 475936 33.31552
"677" 2021 473243 33.12701
"678" 2021 447769 33.582675
"679" 2021 468359 44.494105
"680" 2021 495337 52.010385
"681" 2021 449091 51.645465
"682" 2021 435436 69.66976
"683" 2021 472844 92.20458
"684" 2021 491851 110.666475
"685" 2021 492757 128.11682
"686" 2021 556899 158.716215
"687" 2021 636214 181.32099
"688" 2021 616774 181.94833
"689" 2021 636276 219.51522
"690" 2021 667400 256.949
"691" 2021 681245 282.716675
"692" 2021 703759 299.097575
"693" 2021 709511 322.827505
"694" 2021 706057 345.96793
"695" 2021 721013 367.71663
"696" 2021 698397 366.658425
"697" 2021 637012 350.3566
"698" 2021 627635 376.581
"699" 2021 622444 395.25194
"700" 2021 614251 396.191895
"701" 2021 623940 408.6807
"702" 2021 648317 463.546655
"703" 2021 656988 512.45064
"704" 2021 742345 608.7229
"705" 2021 815310 721.54935
"706" 2021 832661 824.33439
"707" 2021 829120 912.032
"708" 2021 819218 974.86942
"709" 2021 714418 932.31549
"710" 2021 770518 1086.43038
"711" 2021 753611 1119.112335
"712" 2021 780541 1319.11429
"713" 2021 846837 1583.58519
"714" 2021 881108 1775.43262
"715" 2021 881189 2044.35848
"716" 2021 927704 2361.00668
"717" 2021 902393 2305.614115
"718" 2021 907452 2586.2382
"719" 2021 908889 2799.37812
"720" 2021 844643 2711.30403
"721" 2021 799179 2817.105975
"722" 2021 832890 3115.0086
"723" 2021 814407 3261.700035
"724" 2021 773571 3357.29814
"725" 2021 858948 3989.81346
"726" 2021 890018 4494.5909
"727" 2021 897132 4911.7977
"728" 2021 827151 4793.340045
"729" 2021 754461 4873.81806
"730" 2021 746633 5297.361135
"731" 2021 672514 5161.54495
"732" 2021 695126 5731.31387
"733" 2021 590120 5178.303
"734" 2021 508098 5126.70882
"735" 2021 559450 6098.005
"736" 2021 405873 4856.270445
"737" 2021 430273 5883.983275
"738" 2021 432678 6747.61341
"739" 2021 426796 7737.81148
"740" 2021 427060 8592.4472
"741" 2021 337042 7620.51962
"742" 2021 297529 7646.4953
"743" 2021 313932 9149.54814
"744" 2021 311032 10449.12004
"745" 2021 374914 14164.25092
"746" 2021 302154 12664.78491
"747" 2021 260052 12256.25076
"748" 2021 260420 13877.7818
"749" 2021 227056 13773.21696
"750" 2021 202247 13623.35792
"751" 2021 181133 13732.598395
"752" 2021 163654 14205.1672
"753" 2021 137149 13326.76833
"754" 2021 109952 11961.67808
"755" 2021 94374 11231.44974
"756" 2021 71764 9452.03644
"757" 2021 59477.78 8567.1794312
"758" 2021 49082.49 8061.55357005
"759" 2021 38360.38 6994.2480854
"760" 2021 28916.58 5488.0777182
"761" 2021 20848.58 4383.9351595
"762" 2021 14830.79 3484.1974947
"763" 2021 10735.34 2749.2668973
"764" 2021 8466.53 2353.8646706
"765" 2021 6123.92 1840.3298188
"766" 2021 3669.42 1186.6170396
"767" 2021 2203.13 763.15321635
"768" 2021 1319.44 487.302178
"769" 2021 760.46 298.062297
"770" 2021 456.36 188.9604216
"771" 2021 266.34 115.9790847
"772" 2021 133.3 60.780801
"773" 2021 69.11 32.85938615
"774" 2021 36.35 17.95090225
"775" 2021 16.47 8.4163347
"776" 2021 6.49 4.93009605
"777" 2021 1.66 1.66
