"year" "population" "expected"
"1" 2015 381624.81 1728.7603893
"2" 2015 383460.89 95.8652225
"3" 2015 385738.39 57.8607585
"4" 2015 386929.28 48.36616
"5" 2015 390539.74 41.0066727
"6" 2015 396067.12 37.6263764
"7" 2015 398294.97 33.85507245
"8" 2015 394407.18 27.6085026
"9" 2015 384556.73 30.7645384
"10" 2015 376992.16 30.1593728
"11" 2015 376443.76 28.233282
"12" 2015 376213.68 37.621368
"13" 2015 374728.05 46.84100625
"14" 2015 378778.26 56.816739
"15" 2015 388202.75 67.93548125
"16" 2015 396688.98 75.3709062
"17" 2015 403080.93 114.87806505
"18" 2015 414013.49 159.39519365
"19" 2015 433987.68 193.1245176
"20" 2015 458118.42 219.8968416
"21" 2015 467582.85 233.791425
"22" 2015 472727.22 252.9090627
"23" 2015 480571.46 269.1200176
"24" 2015 490414.53 269.7279915
"25" 2015 497994.89 278.8771384
"26" 2015 493151.63 295.890978
"27" 2015 479144.72 309.0483444
"28" 2015 475182.82 299.3651766
"29" 2015 483216.68 287.5139246
"30" 2015 490852.65 316.59995925
"31" 2015 491863.46 332.0078355
"32" 2015 491788.73 327.03950545
"33" 2015 490249.89 340.72367355
"34" 2015 490710.37 360.67212195
"35" 2015 489573.9 362.284686
"36" 2015 481335.09 365.8146684
"37" 2015 472202.8 377.76224
"38" 2015 468234 393.31656
"39" 2015 468889.11 405.58908015
"40" 2015 469619.58 434.3981115
"41" 2015 464733.52 492.6175312
"42" 2015 459788.09 540.25100575
"43" 2015 464046.92 547.5753656
"44" 2015 478746.56 641.5203904
"45" 2015 488834.8 755.249766
"46" 2015 485443.3 771.854847
"47" 2015 481184.2 796.359851
"48" 2015 481631.7 866.93706
"49" 2015 497309.6 1007.05194
"50" 2015 529065.54 1238.0133636
"51" 2015 554882.74 1445.4695377
"52" 2015 564556.46 1563.8213942
"53" 2015 558907.24 1699.0780096
"54" 2015 554144.5 1853.6133525
"55" 2015 552470.63 2060.7154499
"56" 2015 540522.21 2226.9515052
"57" 2015 530504.7 2376.661056
"58" 2015 520618.41 2600.48895795
"59" 2015 505298.78 2721.0339303
"60" 2015 493635.57 2922.3225744
"61" 2015 479782.17 3209.7427173
"62" 2015 457447.15 3263.88541525
"63" 2015 436412.82 3325.4656884
"64" 2015 422170.17 3533.5643229
"65" 2015 411695.77 3742.3145493
"66" 2015 400561.41 3987.58883655
"67" 2015 393919.41 4266.1472103
"68" 2015 392409.02 4591.185534
"69" 2015 360625.86 4617.8141373
"70" 2015 315360.54 4441.8532059
"71" 2015 298073.63 4681.24635915
"72" 2015 285956.3 4935.605738
"73" 2015 266857.46 5092.9746241
"74" 2015 248056.83 5143.45837005
"75" 2015 231996.33 5246.59700295
"76" 2015 217216.12 5525.9780928
"77" 2015 205519.69 5805.9312425
"78" 2015 192614.07 5933.47642635
"79" 2015 182797.9 6181.3109885
"80" 2015 174167.16 6697.5981378
"81" 2015 162627.84 7008.4467648
"82" 2015 154608.1 7460.6138655
"83" 2015 147981.19 8089.39175135
"84" 2015 139229.88 8559.8530224
"85" 2015 128705.18 8834.9670811
"86" 2015 112801.14 8595.446868
"87" 2015 104017.45 8923.13694825
"88" 2015 91313.5 8773.40108
"89" 2015 80268.29 8578.67349375
"90" 2015 70375.67 8381.39041865
"91" 2015 60009.27 8054.4442194
"92" 2015 49453.63 7455.6292588
"93" 2015 41341.39 6863.29086085
"94" 2015 33383.87 6027.1238898
"95" 2015 25803.46 5094.2480905
"96" 2015 17342.56 3762.6418176
"97" 2015 12774.31 3020.9965719
"98" 2015 8871.11 2278.32282575
"99" 2015 6321.79 1756.41452465
"100" 2015 4454.97 1333.6843689
"101" 2015 3071.13 986.6619351
"102" 2015 1849.08 634.8723726
"103" 2015 1179.9 431.1413595
"104" 2015 680.99 263.7201874
"105" 2015 396.36 161.9982774
"106" 2015 195.73 84.085608
"107" 2015 112.76 50.7149376
"108" 2015 46.16 21.6511172
"109" 2015 28.93 14.09889085
"110" 2015 18.07 13.5185284
"111" 2015 13.33 13.33
"112" 2016 382660.52 1733.4521556
"113" 2016 384601.22 96.150305
"114" 2016 387433.75 58.1150625
"115" 2016 389917.41 48.73967625
"116" 2016 391240.65 41.08026825
"117" 2016 395451.2 37.567864
"118" 2016 401059.59 34.09006515
"119" 2016 403060.56 28.2142392
"120" 2016 398209.68 31.8567744
"121" 2016 388622.67 31.0898136
"122" 2016 381251.37 28.59385275
"123" 2016 381352.93 38.135293
"124" 2016 380380.4 47.54755
"125" 2016 379969.48 56.995422
"126" 2016 384715.66 67.3252405
"127" 2016 396085.92 75.2563248
"128" 2016 405171.27 115.47381195
"129" 2016 411958.86 158.6041611
"130" 2016 425543.63 189.36691535
"131" 2016 449629.84 215.8223232
"132" 2016 465507.48 232.75374
"133" 2016 471839.82 252.4343037
"134" 2016 475605.9 266.339304
"135" 2016 484481.2 266.46466
"136" 2016 493961.05 276.618188
"137" 2016 501083.66 300.650196
"138" 2016 495215.29 319.41386205
"139" 2016 482790.45 304.1579835
"140" 2016 480230.08 285.7368976
"141" 2016 488562.09 315.12254805
"142" 2016 495372.65 334.37653875
"143" 2016 496173.76 329.9555504
"144" 2016 495733.12 344.5345184
"145" 2016 493235 362.527725
"146" 2016 494104.54 365.6373596
"147" 2016 491483.23 373.5272548
"148" 2016 483566.81 386.853448
"149" 2016 474219.37 398.3442708
"150" 2016 470611.59 407.07902535
"151" 2016 470799.14 435.4892045
"152" 2016 471526.63 499.8182278
"153" 2016 465726.63 547.22879025
"154" 2016 462094.7 545.271746
"155" 2016 465740.24 624.0919216
"156" 2016 480951.19 743.06958855
"157" 2016 488734.74 777.0882366
"158" 2016 486420.65 805.02617575
"159" 2016 481922.06 867.459708
"160" 2016 482471.66 977.0051115
"161" 2016 498897.77 1167.4207818
"162" 2016 529904.89 1380.40223845
"163" 2016 553954.03 1534.4526631
"164" 2016 563803.25 1713.96188
"165" 2016 557154.66 1863.6823377
"166" 2016 554073.32 2066.6934836
"167" 2016 550158.72 2266.6539264
"168" 2016 538866.68 2414.1227264
"169" 2016 529369.09 2644.19860455
"170" 2016 518604.18 2792.6835093
"171" 2016 503330.45 2979.716264
"172" 2016 492234.5 3293.048805
"173" 2016 476968.85 3403.17274475
"174" 2016 455034.68 3467.3642616
"175" 2016 434110.01 3633.5007837
"176" 2016 419933.29 3817.1936061
"177" 2016 408268.21 4064.31003055
"178" 2016 396719.72 4296.4745676
"179" 2016 390246.55 4565.884635
"180" 2016 388202.43 4970.93211615
"181" 2016 352746.25 4968.43093125
"182" 2016 311842.03 4897.47908115
"183" 2016 293955.12 5073.6653712
"184" 2016 280822.84 5359.5039014
"185" 2016 261102.38 5413.9578493
"186" 2016 242816.82 5491.3023843
"187" 2016 225954.3 5748.277392
"188" 2016 211376.37 5971.3824525
"189" 2016 199130.29 6134.20858345
"190" 2016 185953.22 6288.0081343
"191" 2016 176291.18 6779.2773269
"192" 2016 166693.79 7183.66888005
"193" 2016 155147.86 7486.6599843
"194" 2016 147111.94 8041.8742001
"195" 2016 139440.7 8572.814236
"196" 2016 130409.09 8951.93198305
"197" 2016 119825.18 9130.678716
"198" 2016 104348.14 8951.5051899
"199" 2016 95027.45 9130.237396
"200" 2016 82549.5 8822.4778125
"201" 2016 71703.29 8539.50332255
"202" 2016 62142.67 8340.7891674
"203" 2016 51864.27 7819.0573452
"204" 2016 42123.63 6993.15443445
"205" 2016 34426.39 6215.3404506
"206" 2016 27252.87 5380.39785975
"207" 2016 20740.46 4499.8502016
"208" 2016 13547.56 3203.8624644
"209" 2016 9734.31 2500.01416575
"210" 2016 6546.11 1818.73847185
"211" 2016 4556.79 1364.1662223
"212" 2016 3104.97 997.5337119
"213" 2016 2067.13 709.73874985
"214" 2016 1224.08 447.2849524
"215" 2016 776.9 300.862294
"216" 2016 400.99 163.89062785
"217" 2016 240.36 103.258656
"218" 2016 106.73 48.0028848
"219" 2016 61.76 28.9682192
"220" 2016 25.16 12.2616002
"221" 2016 16.93 12.6656716
"222" 2016 10.4 10.4
"223" 2017 381078.66 1726.2863298
"224" 2017 386000.61 96.5001525
"225" 2017 388694.7 58.304205
"226" 2017 391799.77 48.97497125
"227" 2017 394757 41.449485
"228" 2017 396246.46 37.6434137
"229" 2017 400605.69 34.05148365
"230" 2017 405879.18 28.4115426
"231" 2017 407240.61 32.5792488
"232" 2017 402446.7 32.195736
"233" 2017 392950.17 29.47126275
"234" 2017 385809.75 38.580975
"235" 2017 385144.19 48.14302375
"236" 2017 385041.89 57.7562835
"237" 2017 385339.05 67.43433375
"238" 2017 391803.85 74.4427315
"239" 2017 404840.37 115.37950545
"240" 2017 415234.1 159.8651285
"241" 2017 427396.42 190.1914069
"242" 2017 447955.02 215.0184096
"243" 2017 462394.99 231.197495
"244" 2017 474500.98 253.8580243
"245" 2017 479689.74 268.6262544
"246" 2017 484859.81 266.6728955
"247" 2017 492878.97 276.0122232
"248" 2017 501195.14 300.717084
"249" 2017 507156.49 327.11593605
"250" 2017 502384.72 316.5023736
"251" 2017 490893.59 292.08168605
"252" 2017 488316.71 314.96427795
"253" 2017 496121.93 334.88230275
"254" 2017 502528.14 334.1812131
"255" 2017 502728.55 349.39634225
"256" 2017 501316.63 368.46772305
"257" 2017 499214.45 369.418693
"258" 2017 498282.91 378.6950116
"259" 2017 495624.74 396.499792
"260" 2017 487379.17 409.3985028
"261" 2017 478016.16 413.4839784
"262" 2017 473735.39 438.20523575
"263" 2017 473593.53 502.0091418
"264" 2017 473258.54 556.0787845
"265" 2017 468630.68 552.9842024
"266" 2017 464355.95 622.236973
"267" 2017 468131.64 723.2633838
"268" 2017 480928.44 764.6762196
"269" 2017 489809.16 810.6341598
"270" 2017 487170.82 876.907476
"271" 2017 482862.89 977.79735225
"272" 2017 483815.85 1132.129089
"273" 2017 499282.17 1300.63005285
"274" 2017 528638.17 1464.3277309
"275" 2017 552759.54 1680.3890016
"276" 2017 562030.27 1879.99125315
"277" 2017 556922.92 2077.3224916
"278" 2017 551577.71 2272.5001652
"279" 2017 548406.47 2456.8609856
"280" 2017 537501.66 2684.8207917
"281" 2017 527212.43 2839.03893555
"282" 2017 516612.45 3058.345704
"283" 2017 501801.18 3357.0498942
"284" 2017 489370.18 3491.6562343
"285" 2017 474622.49 3616.6233738
"286" 2017 452861.36 3790.4495832
"287" 2017 432056.89 3927.3971301
"288" 2017 416842.28 4149.6648974
"289" 2017 404903.19 4385.1015477
"290" 2017 393553.49 4604.575833
"291" 2017 386145.41 4944.59197505
"292" 2017 381202.42 5369.2360857
"293" 2017 349578.24 5490.1262592
"294" 2017 308034.39 5316.6735714
"295" 2017 289153.99 5518.50389915
"296" 2017 275479.54 5712.0682619
"297" 2017 256169.22 5793.2669103
"298" 2017 237270.22 6036.1543968
"299" 2017 220563.28 6230.91266
"300" 2017 205479.61 6329.79938605
"301" 2017 192942.93 6524.36517795
"302" 2017 179800.41 6914.22476655
"303" 2017 169294.35 7295.74001325
"304" 2017 159568.26 7699.9663863
"305" 2017 148005.48 8090.7195642
"306" 2017 139193.64 8557.6249872
"307" 2017 131062.7 8996.7990415
"308" 2017 121241.49 9238.601538
"309" 2017 111061.18 9527.3833263
"310" 2017 95679.14 9192.8517712
"311" 2017 86188.45 9211.39059375
"312" 2017 73988.5 8811.6604075
"313" 2017 63336.29 8500.9968438
"314" 2017 54178.67 8167.9762892
"315" 2017 44406.27 7372.10691405
"316" 2017 35369.63 6385.6330002
"317" 2017 28394.39 5605.76244575
"318" 2017 21975.87 4767.8847552
"319" 2017 16307.46 3856.5512154
"320" 2017 10347.56 2657.512097
"321" 2017 7370.31 2047.73007885
"322" 2017 4748.11 1421.4416907
"323" 2017 3203.79 1029.2816133
"324" 2017 2131.97 732.00123965
"325" 2017 1449.13 529.51934765
"326" 2017 754.08 292.0250208
"327" 2017 476.9 194.9161835
"328" 2017 246.99 106.106904
"329" 2017 133.36 59.9799936
"330" 2017 58.73 27.54701285
"331" 2017 40.76 19.8641822
"332" 2017 16.16 12.0896192
"333" 2017 10.33 10.33
"334" 2018 377317.53 1709.2484109
"335" 2018 384257.62 96.064405
"336" 2018 389701.06 58.455159
"337" 2018 392644.04 49.080505
"338" 2018 396108.7 41.5914135
"339" 2018 399317.47 37.93515965
"340" 2018 400871.51 34.07407835
"341" 2018 404937.26 28.3456082
"342" 2018 410079.18 32.8063344
"343" 2018 411086.5 32.88692
"344" 2018 406167.04 30.462528
"345" 2018 396469.94 39.646994
"346" 2018 389150.76 48.643845
"347" 2018 388536.71 58.2805065
"348" 2018 389201.51 68.11026425
"349" 2018 391223.55 74.3324745
"350" 2018 400109.64 114.0312474
"351" 2018 414748.61 159.67821485
"352" 2018 434633.89 193.41208105
"353" 2018 456740.53 219.2354544
"354" 2018 466197.88 233.09894
"355" 2018 475170.36 254.2161426
"356" 2018 486543.06 272.4641136
"357" 2018 493068.15 271.1874825
"358" 2018 496842.37 278.2317272
"359" 2018 503287.09 301.972254
"360" 2018 510785.96 329.4569442
"361" 2018 516747.68 325.5510384
"362" 2018 511677.83 304.44830885
"363" 2018 500458 322.79541
"364" 2018 497809.65 336.02151375
"365" 2018 505214.24 335.9674696
"366" 2018 510452.11 354.76421645
"367" 2018 510387.21 375.13459935
"368" 2018 508661.92 376.4098208
"369" 2018 506111.52 384.6447552
"370" 2018 504365.22 403.492176
"371" 2018 500639.17 420.5369028
"372" 2018 491999.63 425.57967995
"373" 2018 481987.68 445.838604
"374" 2018 477258 505.89348
"375" 2018 476485.81 559.87082675
"376" 2018 475707.74 561.3351332
"377" 2018 470805.19 630.8789546
"378" 2018 466017.03 719.99631135
"379" 2018 469482.66 746.4774294
"380" 2018 481722.75 797.25115125
"381" 2018 490273.71 882.492678
"382" 2018 487279.7 986.7413925
"383" 2018 482621.85 1129.335129
"384" 2018 483263.36 1258.9010528
"385" 2018 498481.19 1380.7928963
"386" 2018 527562.99 1603.7914896
"387" 2018 551294.36 1844.0796342
"388" 2018 560315.94 2089.9784562
"389" 2018 555118.93 2287.0899916
"390" 2018 549514.6 2461.825408
"391" 2018 546129.99 2727.91930005
"392" 2018 535202.94 2882.0678319
"393" 2018 524766.41 3106.6171472
"394" 2018 514047.89 3438.9803841
"395" 2018 499167.64 3561.5611114
"396" 2018 486644.99 3708.2348238
"397" 2018 471758.92 3948.6221604
"398" 2018 449781.15 4088.5106535
"399" 2018 428867.13 4269.37227915
"400" 2018 413388.06 4476.9926898
"401" 2018 401285.2 4695.03684
"402" 2018 389710.83 4990.24717815
"403" 2018 381928.08 5379.4570068
"404" 2018 376566.39 5913.97515495
"405" 2018 344749.09 5950.3692934
"406" 2018 303331.8 5789.087403
"407" 2018 284229.45 5893.49764575
"408" 2018 270035.79 6106.85939085
"409" 2018 250720.11 6378.3195984
"410" 2018 231731.33 6546.4100725
"411" 2018 214769.33 6615.96921065
"412" 2018 199532.62 6747.1955453
"413" 2018 186666.91 7178.27602405
"414" 2018 173106.57 7460.02763415
"415" 2018 162362.92 7834.8227046
"416" 2018 152182.96 8319.0815084
"417" 2018 140293.37 8625.2363876
"418" 2018 130935.96 8988.0989742
"419" 2018 122222.7 9313.36974
"420" 2018 112233.16 9627.9216306
"421" 2018 101841.18 9784.9005744
"422" 2018 86706.14 9266.7187125
"423" 2018 77125.45 9185.25546775
"424" 2018 65304.5 8765.16999
"425" 2018 54798.29 8261.3902004
"426" 2018 46141.67 7660.20934505
"427" 2018 37103.27 6698.6243658
"428" 2018 28961.63 5717.74980275
"429" 2018 22761.39 4938.3111744
"430" 2018 17184.87 4064.0499063
"431" 2018 12280.46 3153.9291395
"432" 2018 7675.56 2132.5392126
"433" 2018 5299.31 1586.4544347
"434" 2018 3304.11 1061.5114197
"435" 2018 2133.79 732.62612755
"436" 2018 1410.97 515.57549285
"437" 2018 903.13 349.7461238
"438" 2018 468.08 191.3113172
"439" 2018 294.9 126.68904
"440" 2018 152.99 68.8087824
"441" 2018 66.36 31.1258262
"442" 2018 30.73 14.97611185
"443" 2018 18.76 14.0347312
"444" 2018 10.49 10.49
"445" 2019 373640.9 1692.593277
"446" 2019 380782.35 95.1955875
"447" 2019 388430.98 58.264647
"448" 2019 394069.37 49.25867125
"449" 2019 397402.84 41.7272982
"450" 2019 401118.98 38.1063031
"451" 2019 404441.77 34.37755045
"452" 2019 405671.72 28.3970204
"453" 2019 409421.04 32.7536832
"454" 2019 414281.76 33.1425408
"455" 2019 415120.53 31.13403975
"456" 2019 409980.07 40.998007
"457" 2019 400026.52 50.003315
"458" 2019 392762.84 58.914426
"459" 2019 392862.04 68.750857
"460" 2019 395228.89 75.0934891
"461" 2019 399618.5 113.8912725
"462" 2019 410118.19 157.89550315
"463" 2019 436150.83 194.08711935
"464" 2019 467316.44 224.3118912
"465" 2019 476468.76 238.23438
"466" 2019 480166.3 256.8889705
"467" 2019 488467.73 273.5419288
"468" 2019 501805.32 275.992926
"469" 2019 506779.32 283.7964192
"470" 2019 508904.79 305.342874
"471" 2019 514736.86 332.0052747
"472" 2019 522259.43 329.0234409
"473" 2019 528336.86 314.3604317
"474" 2019 523491.59 337.65207555
"475" 2019 512163.62 345.7104435
"476" 2019 508961.99 338.45972335
"477" 2019 515157.31 358.03433045
"478" 2019 520060.79 382.24468065
"479" 2019 519634.13 384.5292562
"480" 2019 517365.81 393.1980156
"481" 2019 514012.2 411.20976
"482" 2019 510893.93 429.1509012
"483" 2019 506434.93 438.06621445
"484" 2019 497247.61 459.95403925
"485" 2019 486450.65 515.637689
"486" 2019 481060.72 565.246346
"487" 2019 479736.3 566.088834
"488" 2019 478573.11 641.2879674
"489" 2019 473086.3 730.9183335
"490" 2019 468023.81 744.1578579
"491" 2019 470902.06 779.3429093
"492" 2019 482713.64 868.884552
"493" 2019 490872.16 994.016124
"494" 2019 487577.21 1140.9306714
"495" 2019 482521.07 1256.96738735
"496" 2019 482756.15 1337.2345355
"497" 2019 497790.41 1513.2828464
"498" 2019 526558.43 1761.33794835
"499" 2019 549976.27 2051.4114871
"500" 2019 558804.22 2302.2733864
"501" 2019 553387.94 2479.1779712
"502" 2019 547516.34 2734.8441183
"503" 2019 543995.17 2929.41399045
"504" 2019 532878.28 3154.6394176
"505" 2019 522290.22 3494.1215718
"506" 2019 511493.63 3649.50705005
"507" 2019 496442.83 3782.8943646
"508" 2019 483862.78 4049.9314686
"509" 2019 468786.92 4261.2731028
"510" 2019 446695.7 4446.8556935
"511" 2019 425502.09 4608.1876347
"512" 2019 409867.82 4795.453494
"513" 2019 397499 5089.974695
"514" 2019 385599.46 5431.1683941
"515" 2019 377404.41 5927.13625905
"516" 2019 371560.55 6413.135093
"517" 2019 339607.98 6481.4182983
"518" 2019 298288.02 6185.0020947
"519" 2019 278954.15 6308.54810225
"520" 2019 264395.38 6726.2184672
"521" 2019 244982.45 6920.7542125
"522" 2019 225700.63 6952.70790715
"523" 2019 208663.87 7055.96876405
"524" 2019 193111.75 7426.11234625
"525" 2019 179863.95 7751.23692525
"526" 2019 166215.61 8020.73426055
"527" 2019 154932.6 8469.390579
"528" 2019 144326.68 8873.2042864
"529" 2019 132032.03 9063.33869935
"530" 2019 122350.16 9323.082192
"531" 2019 113302.26 9719.6343741
"532" 2019 103007.27 9896.9385016
"533" 2019 92088.18 9841.9242375
"534" 2019 77541.14 9234.7620683
"535" 2019 67947.45 9119.906739
"536" 2019 56607.5 8534.1467
"537" 2019 46857.29 7779.01299935
"538" 2019 38551.67 6960.1185018
"539" 2019 30362.27 5994.27115475
"540" 2019 23120.63 5016.2518848
"541" 2019 17763.39 4200.8641011
"542" 2019 12972.87 3331.75733775
"543" 2019 9080.46 2522.8696041
"544" 2019 5538.56 1658.0787072
"545" 2019 3634.31 1167.5947737
"546" 2019 2255.11 774.28074295
"547" 2019 1391.79 508.56702495
"548" 2019 889.97 344.6497822
"549" 2019 560.13 228.93353295
"550" 2019 284.08 122.040768
"551" 2019 159.9 71.916624
"552" 2019 79.99 37.51890955
"553" 2019 40.36 19.6692442
"554" 2019 17.73 13.2641676
"555" 2019 14.25 14.25
"556" 2020 370255.32 1677.2565996
"557" 2020 377125.13 94.2812825
"558" 2020 384941.96 57.741294
"559" 2020 392904.96 49.11312
"560" 2020 398785.46 41.8724733
"561" 2020 402427.11 38.23057545
"562" 2020 406208.57 34.52772845
"563" 2020 409342.85 28.6539995
"564" 2020 410172.49 32.8137992
"565" 2020 413695.16 33.0956128
"566" 2020 418347.83 31.37608725
"567" 2020 419011.71 41.901171
"568" 2020 413642.79 51.70534875
"569" 2020 403719.66 60.557949
"570" 2020 397041.88 69.482329
"571" 2020 398602.38 75.7344522
"572" 2020 403022.82 114.8615037
"573" 2020 407992.48 157.0771048
"574" 2020 429147.98 190.9708511
"575" 2020 467651.54 224.4727392
"576" 2020 484821.64 242.41082
"577" 2020 486918.23 260.50125305
"578" 2020 490033.55 274.418788
"579" 2020 501952.13 276.0736715
"580" 2020 513780.41 287.7170296
"581" 2020 517296.69 310.378014
"582" 2020 518924.62 334.7063799
"583" 2020 525112.39 330.8208057
"584" 2020 533123.77 317.20864315
"585" 2020 539582.07 348.03043515
"586" 2020 535089.69 361.18554075
"587" 2020 523219.02 347.9406483
"588" 2020 519013.24 360.7142018
"589" 2020 524693.45 385.64968575
"590" 2020 529533.99 391.8551526
"591" 2020 528412.47 401.5934772
"592" 2020 525315.28 420.252224
"593" 2020 520793.68 437.4666912
"594" 2020 516793.46 447.0263429
"595" 2020 511973.27 473.57527475
"596" 2020 502059.1 532.182646
"597" 2020 490397.83 576.21745025
"598" 2020 484537.35 571.754073
"599" 2020 482799.47 646.9512898
"600" 2020 480991.39 743.13169755
"601" 2020 475277.03 755.6904777
"602" 2020 469705.63 777.36281765
"603" 2020 472286.75 850.11615
"604" 2020 483693.24 979.478811
"605" 2020 491522.12 1150.1617608
"606" 2020 487857.54 1270.8688917
"607" 2020 482498.11 1336.5197647
"608" 2020 482502.63 1466.8079952
"609" 2020 497245.25 1663.28536125
"610" 2020 525702.28 1960.8695044
"611" 2020 548847.55 2261.251906
"612" 2020 557512.92 2497.6578816
"613" 2020 551911.14 2756.7961443
"614" 2020 545677.99 2938.47597615
"615" 2020 542033.81 3208.8401552
"616" 2020 530764.48 3550.8143712
"617" 2020 520033.29 3710.43752415
"618" 2020 509043.2 3878.909184
"619" 2020 493887.16 4133.8355292
"620" 2020 481143.98 4373.5987782
"621" 2020 465852.8 4637.564624
"622" 2020 443460.09 4802.6727747
"623" 2020 422187.91 4939.598547
"624" 2020 406201.34 5201.4081587
"625" 2020 393526.76 5542.8244146
"626" 2020 381231.05 5987.23364025
"627" 2020 372615.34 6431.3407684
"628" 2020 366174.5 6988.4403325
"629" 2020 334074.41 6927.03289135
"630" 2020 292898 6623.88827
"631" 2020 273286.49 6952.4083056
"632" 2020 258400.34 7299.809605
"633" 2020 238777.67 7355.54612435
"634" 2020 219398.55 7418.96196825
"635" 2020 202013.12 7768.4145296
"636" 2020 186117.69 8020.74185055
"637" 2020 172711.19 8334.17847345
"638" 2020 158606.45 8670.22158925
"639" 2020 147037.26 9039.8507448
"640" 2020 135937.67 9331.44135715
"641" 2020 123363.1 9400.26822
"642" 2020 113478.73 9734.77285305
"643" 2020 103970.37 9989.4731496
"644" 2020 93472.36 9989.858475
"645" 2020 82560.18 9832.5046371
"646" 2020 68581.14 9204.9606108
"647" 2020 59195.45 8924.306042
"648" 2020 48495.5 8050.9804325
"649" 2020 39447.29 7121.8137366
"650" 2020 31733.67 6265.01979975
"651" 2020 24480.27 5311.2393792
"652" 2020 18203.63 4304.9764587
"653" 2020 13594.39 3491.37921175
"654" 2020 9677.87 2688.85101145
"655" 2020 6599.46 1975.6803402
"656" 2020 3895.56 1251.5265612
"657" 2020 2521.31 865.67918195
"658" 2020 1498.11 547.41688455
"659" 2020 893.79 346.1291154
"660" 2020 557.97 228.05070855
"661" 2020 319.13 137.098248
"662" 2020 174.08 78.2942208
"663" 2020 89.9 42.1671455
"664" 2020 41.99 20.46361655
"665" 2020 25.36 18.9723232
"666" 2020 16.99 16.99
"667" 2021 363229.97 1645.4317641
"668" 2021 372203.39 93.0508475
"669" 2021 379726.27 56.9589405
"670" 2021 387774.99 48.47187375
"671" 2021 395988.91 41.57883555
"672" 2021 402235.38 38.2123611
"673" 2021 405996.35 34.50968975
"674" 2021 409582.83 28.6707981
"675" 2021 412411.17 32.9928936
"676" 2021 413002.42 33.0401936
"677" 2021 416313.12 31.223484
"678" 2021 420855.36 42.085536
"679" 2021 421267.65 52.65845625
"680" 2021 415954.36 62.393154
"681" 2021 406231.79 71.09056325
"682" 2021 400583.04 76.1107776
"683" 2021 403276.42 114.9337797
"684" 2021 407400.39 156.84915015
"685" 2021 418011.03 186.01490835
"686" 2021 448491.54 215.2759392
"687" 2021 478946.86 239.47343
"688" 2021 489963.12 262.1302692
"689" 2021 490786.54 274.8404624
"690" 2021 497514.21 273.6328155
"691" 2021 508745.35 284.897396
"692" 2021 519968.67 311.981202
"693" 2021 523015.58 337.3450491
"694" 2021 525433 331.02279
"695" 2021 532149.56 316.6289882
"696" 2021 540435.31 348.58077495
"697" 2021 547447.76 369.527238
"698" 2021 542707.88 360.9007402
"699" 2021 530153.25 368.45650875
"700" 2021 525851.72 386.5010142
"701" 2021 531494.42 393.3058708
"702" 2021 535788.76 407.1994576
"703" 2021 534040.64 427.232512
"704" 2021 530139.94 445.3175496
"705" 2021 525174 454.27551
"706" 2021 520776.37 481.71814225
"707" 2021 515536.86 546.4690716
"708" 2021 504920.95 593.28211625
"709" 2021 492950.67 581.6817906
"710" 2021 486615.99 652.0654266
"711" 2021 484504.74 748.5598233
"712" 2021 482330.32 766.9052088
"713" 2021 476270.83 788.22822365
"714" 2021 470410.59 846.739062
"715" 2021 472759.27 957.33752175
"716" 2021 483766.2 1132.012908
"717" 2021 491347.04 1279.9590392
"718" 2021 487451.95 1350.2419015
"719" 2021 481932.78 1465.0756512
"720" 2021 481667 1611.176115
"721" 2021 496103.11 1850.4646003
"722" 2021 524277.71 2160.0241652
"723" 2021 547245.5 2451.65984
"724" 2021 555652.17 2775.48258915
"725" 2021 549749.6 2960.401596
"726" 2021 543372.4 3216.764608
"727" 2021 539486.43 3609.1642167
"728" 2021 528057.17 3767.68790795
"729" 2021 517146.03 3940.6527486
"730" 2021 505977.97 4235.0356089
"731" 2021 490556.78 4459.1611302
"732" 2021 477628.51 4754.79181705
"733" 2021 462059.88 5004.1085004
"734" 2021 439552.14 5142.760038
"735" 2021 418043.58 5353.0480419
"736" 2021 401689.6 5657.798016
"737" 2021 388824.76 6106.4928558
"738" 2021 375997.89 6489.7235814
"739" 2021 366903.51 7002.35348835
"740" 2021 359980.74 7464.2006439
"741" 2021 327628.04 7409.3081246
"742" 2021 286653.59 7292.4673296
"743" 2021 266930.05 7540.7739125
"744" 2021 251650.62 7752.0973491
"745" 2021 231916.22 7842.2469793
"746" 2021 212276 8163.07358
"747" 2021 194609.55 8386.69855725
"748" 2021 178661.62 8621.3164731
"749" 2021 164787.98 9008.1349267
"750" 2021 150474.63 9251.1802524
"751" 2021 138487.83 9506.49709035
"752" 2021 126979.3 9675.82266
"753" 2021 114065.37 9785.09776545
"754" 2021 103845.8 9977.504464
"755" 2021 93882.26 10033.6665375
"756" 2021 83311.15 9921.94140925
"757" 2021 72633.18 9748.8254196
"758" 2021 59372.14 8950.9438264
"759" 2021 50341.45 8357.43582175
"760" 2021 40418.5 7297.15599
"761" 2021 32178.29 6352.79890325
"762" 2021 25355.67 5501.1661632
"763" 2021 19076.27 4511.3470923
"764" 2021 13839.63 3554.36297475
"765" 2021 10037.39 2788.73825065
"766" 2021 6984.87 2091.0605319
"767" 2021 4623.46 1485.3789942
"768" 2021 2636.56 905.2496932
"769" 2021 1654.31 604.49314555
"770" 2021 950.11 367.9395986
"771" 2021 563.79 230.42942985
"772" 2021 330.97 142.184712
"773" 2021 188.13 84.6133488
"774" 2021 88.08 41.3134836
"775" 2021 48.9 23.8311705
"776" 2021 23.99 17.9473988
"777" 2021 15.36 15.36
