"year" "population" "expected"
"1" 2015 174681 635.83884
"2" 2015 171587 33.459465
"3" 2015 176388 17.6388
"4" 2015 180486 15.34131
"5" 2015 185180 13.8885
"6" 2015 185874 12.08181
"7" 2015 186121 10.236655
"8" 2015 182919 8.231355
"9" 2015 186450 7.458
"10" 2015 188291 10.356005
"11" 2015 194196 10.68078
"12" 2015 201043 12.06258
"13" 2015 202009 15.150675
"14" 2015 203920 16.3136
"15" 2015 207921 23.910915
"16" 2015 203234 27.43659
"17" 2015 202135 34.36295
"18" 2015 196758 44.27055
"19" 2015 197661 51.39186
"20" 2015 201205 58.34945
"21" 2015 209201 59.622285
"22" 2015 209863 67.15616
"23" 2015 213499 72.58966
"24" 2015 217379 65.2137
"25" 2015 219090 58.05885
"26" 2015 212104 60.44964
"27" 2015 210333 71.51322
"28" 2015 210997 77.013905
"29" 2015 210699 74.798145
"30" 2015 206541 70.22394
"31" 2015 203637 74.327505
"32" 2015 198397 81.34277
"33" 2015 199731 88.880295
"34" 2015 204007 99.96343
"35" 2015 206969 113.83295
"36" 2015 200407 114.23199
"37" 2015 201074 105.56385
"38" 2015 198140 115.9119
"39" 2015 200301 136.20468
"40" 2015 202078 149.53772
"41" 2015 211257 177.45588
"42" 2015 219074 200.45271
"43" 2015 237251 233.692235
"44" 2015 249140 261.597
"45" 2015 260142 299.1633
"46" 2015 266003 339.153825
"47" 2015 254999 358.273595
"48" 2015 252511 372.453725
"49" 2015 254164 423.18306
"50" 2015 258240 495.8208
"51" 2015 262968 564.06636
"52" 2015 258304 625.09568
"53" 2015 253699 674.83934
"54" 2015 251034 715.4469
"55" 2015 244179 774.04743
"56" 2015 241775 867.97225
"57" 2015 234959 932.78723
"58" 2015 229715 1018.786025
"59" 2015 225555 1117.625025
"60" 2015 219382 1200.01954
"61" 2015 215677 1290.826845
"62" 2015 211829 1398.0714
"63" 2015 211610 1526.76615
"64" 2015 203469 1634.873415
"65" 2015 203599 1831.373005
"66" 2015 204833 1983.807605
"67" 2015 209441 2184.46963
"68" 2015 218499 2532.40341
"69" 2015 223372 2872.56392
"70" 2015 158287 2235.803875
"71" 2015 163289 2496.68881
"72" 2015 152781 2556.790035
"73" 2015 138932 2607.05898
"74" 2015 130097 2717.72633
"75" 2015 130644 3106.71432
"76" 2015 122728 3254.74656
"77" 2015 116871 3360.04125
"78" 2015 106130 3405.7117
"79" 2015 101767 3721.110355
"80" 2015 95038 3946.92814
"81" 2015 89524 4160.18028
"82" 2015 82687 4346.85559
"83" 2015 79222 4750.15112
"84" 2015 72009 4918.93479
"85" 2015 66579.04 5163.5374472
"86" 2015 58373.14 5131.8746031
"87" 2015 52181.44 5244.7565344
"88" 2015 44966.67 5179.03621725
"89" 2015 39188.99 5084.57550755
"90" 2015 33374.3 4887.332492
"91" 2015 28344.38 4655.8478588
"92" 2015 23652.01 4312.58924335
"93" 2015 18426.03 3764.0694084
"94" 2015 14418.84 3210.4268202
"95" 2015 11014.07 2672.013382
"96" 2015 6892.73 1846.4245124
"97" 2015 4669.98 1364.2412574
"98" 2015 3379.27 1070.94135205
"99" 2015 2233.91 763.9302027
"100" 2015 1401.24 514.2760986
"101" 2015 913.56 357.9008334
"102" 2015 517.85 215.394529
"103" 2015 280.38 123.1681302
"104" 2015 149.24 68.8899302
"105" 2015 78.38 37.8344179
"106" 2015 39.36 19.7766288
"107" 2015 17.9 9.3216935
"108" 2015 8.2 4.408238
"109" 2015 3.15 1.7417295
"110" 2015 1.17 0.91273455
"111" 2015 0.32 0.32
"112" 2016 170341 620.04124
"113" 2016 175721 34.265595
"114" 2016 172395 17.2395
"115" 2016 177204 15.06234
"116" 2016 181193 13.589475
"117" 2016 185795 12.076675
"118" 2016 186527 10.258985
"119" 2016 186954 8.41293
"120" 2016 183658 7.34632
"121" 2016 187104 10.29072
"122" 2016 188997 10.394835
"123" 2016 194943 11.69658
"124" 2016 201667 15.125025
"125" 2016 202739 16.21912
"126" 2016 204534 23.52141
"127" 2016 208704 28.17504
"128" 2016 204436 34.75412
"129" 2016 203669 45.825525
"130" 2016 200001 52.00026
"131" 2016 201917 58.55593
"132" 2016 204819 58.373415
"133" 2016 212265 67.9248
"134" 2016 212818 72.35812
"135" 2016 216388 64.9164
"136" 2016 219656 58.20884
"137" 2016 220839 62.939115
"138" 2016 213760 72.6784
"139" 2016 211787 77.302255
"140" 2016 212374 75.39277
"141" 2016 212242 72.16228
"142" 2016 207828 75.85722
"143" 2016 204685 83.92085
"144" 2016 199525 88.788625
"145" 2016 200539 98.26411
"146" 2016 204764 112.6202
"147" 2016 207725 118.40325
"148" 2016 201021 105.536025
"149" 2016 201431 117.837135
"150" 2016 198588 135.03984
"151" 2016 200648 148.47952
"152" 2016 202442 170.05128
"153" 2016 211549 193.567335
"154" 2016 219286 215.99671
"155" 2016 237447 249.31935
"156" 2016 249258 286.6467
"157" 2016 260071 331.590525
"158" 2016 265868 373.54454
"159" 2016 254821 375.860975
"160" 2016 252236 419.97294
"161" 2016 253748 487.19616
"162" 2016 257576 552.50052
"163" 2016 262325 634.8265
"164" 2016 257664 685.38624
"165" 2016 252826 720.5541
"166" 2016 250128 792.90576
"167" 2016 243213 873.13467
"168" 2016 240729 955.69413
"169" 2016 233966 1037.63921
"170" 2016 228536 1132.39588
"171" 2016 224170 1226.2099
"172" 2016 217979 1304.604315
"173" 2016 214133 1413.2778
"174" 2016 210154 1516.26111
"175" 2016 209831 1685.992085
"176" 2016 201655 1813.886725
"177" 2016 201381 1950.374985
"178" 2016 202457 2111.62651
"179" 2016 206918 2398.17962
"180" 2016 215655 2773.3233
"181" 2016 220292 3111.6245
"182" 2016 155775 2381.79975
"183" 2016 160391 2684.143385
"184" 2016 149943 2813.680395
"185" 2016 136237 2845.99093
"186" 2016 127166 3024.00748
"187" 2016 127374 3377.95848
"188" 2016 119370 3431.8875
"189" 2016 113391 3638.71719
"190" 2016 102414 3744.76791
"191" 2016 97796 4061.46788
"192" 2016 90838 4221.24186
"193" 2016 84960 4466.3472
"194" 2016 78007 4677.29972
"195" 2016 74135 5064.16185
"196" 2016 66790.4 5179.929472
"197" 2016 61072.12 5369.1554298
"198" 2016 52853.48 5312.3032748
"199" 2016 46648.91 5372.78820925
"200" 2016 39651.58 5144.5942471
"201" 2016 34035.92 4984.2201248
"202" 2016 28443.3 4672.096458
"203" 2016 23628.77 4308.35177795
"204" 2016 19228.6 3928.018408
"205" 2016 14603.08 3251.4487774
"206" 2016 11133.05 2700.87793
"207" 2016 8262.19 2213.2754572
"208" 2016 5046.91 1474.3538183
"209" 2016 3293.62 1043.7975823
"210" 2016 2329.79 796.7182863
"211" 2016 1497.88 549.7444282
"212" 2016 877.99 343.96575235
"213" 2016 531.59 221.1095446
"214" 2016 285.09 125.2371861
"215" 2016 145.51 67.16814355
"216" 2016 72.53 35.01059365
"217" 2016 35.47 17.82207885
"218" 2016 16.22 8.4468083
"219" 2016 6.26 3.3653134
"220" 2016 2.42 1.3380906
"221" 2016 0.65 0.50707475
"222" 2016 0 0
"223" 2017 172288 627.12832
"224" 2017 171594 33.46083
"225" 2017 176866 17.6866
"226" 2017 173270 14.72795
"227" 2017 178271 13.370325
"228" 2017 182091 11.835915
"229" 2017 186849 10.276695
"230" 2017 187513 8.438085
"231" 2017 188054 7.52216
"232" 2017 184673 10.157015
"233" 2017 188090 10.34495
"234" 2017 190011 11.40066
"235" 2017 195938 14.69535
"236" 2017 202561 16.20488
"237" 2017 203699 23.425385
"238" 2017 205650 27.76275
"239" 2017 210291 35.74947
"240" 2017 206389 46.437525
"241" 2017 207779 54.02254
"242" 2017 205296 59.53584
"243" 2017 206679 58.903515
"244" 2017 208519 66.72608
"245" 2017 215345 73.2173
"246" 2017 216378 64.9134
"247" 2017 219322 58.12033
"248" 2017 222186 63.32301
"249" 2017 223461 75.97674
"250" 2017 216058 78.86117
"251" 2017 214126 76.01473
"252" 2017 214256 72.84704
"253" 2017 213919 78.080435
"254" 2017 209457 85.87737
"255" 2017 206225 91.770125
"256" 2017 200897 98.43953
"257" 2017 201624 110.8932
"258" 2017 205834 117.32538
"259" 2017 208767 109.602675
"260" 2017 201973 118.154205
"261" 2017 202260 137.5368
"262" 2017 199353 147.52122
"263" 2017 201258 169.05672
"264" 2017 203023 185.766045
"265" 2017 212159 208.976615
"266" 2017 219687 230.67135
"267" 2017 237753 273.41595
"268" 2017 249370 317.94675
"269" 2017 260176 365.54728
"270" 2017 265988 392.3323
"271" 2017 254849 424.323585
"272" 2017 252208 484.23936
"273" 2017 253491 543.738195
"274" 2017 257118 622.22556
"275" 2017 261761 696.28426
"276" 2017 257147 732.86895
"277" 2017 252100 799.157
"278" 2017 249394 895.32446
"279" 2017 242307 961.95879
"280" 2017 239624 1062.73244
"281" 2017 232915 1154.093825
"282" 2017 227365 1243.68655
"283" 2017 222845 1333.727325
"284" 2017 216574 1429.3884
"285" 2017 212474 1532.99991
"286" 2017 208453 1674.919855
"287" 2017 207996 1870.92402
"288" 2017 199561 1932.748285
"289" 2017 199123 2076.85289
"290" 2017 200033 2318.38247
"291" 2017 204246 2626.60356
"292" 2017 212678 3004.07675
"293" 2017 217058 3318.81682
"294" 2017 153102 2562.16197
"295" 2017 157486 2955.22479
"296" 2017 146974 3070.28686
"297" 2017 133239 3168.42342
"298" 2017 124111 3291.42372
"299" 2017 123876 3561.435
"300" 2017 115800 3716.022
"301" 2017 109546 4005.54949
"302" 2017 98552 4092.86456
"303" 2017 93547 4347.12909
"304" 2017 86458 4545.09706
"305" 2017 80199 4808.73204
"306" 2017 73038 4989.22578
"307" 2017 68877 5341.755735
"308" 2017 61273.34 5386.8456861
"309" 2017 55385.75 5566.8217325
"310" 2017 47361.22 5454.8285135
"311" 2017 41193.83 5344.69347335
"312" 2017 34404.05 5038.129082
"313" 2017 28882.9 4744.305154
"314" 2017 23683.23 4318.28174205
"315" 2017 19233.21 3928.9601388
"316" 2017 15339.52 3415.4208256
"317" 2017 11364.51 2757.030126
"318" 2017 8293.12 2221.5609856
"319" 2017 5982.92 1747.7904196
"320" 2017 3567.31 1130.53404865
"321" 2017 2254.39 770.9337483
"322" 2017 1557.4 571.589161
"323" 2017 946.23 370.69979595
"324" 2017 541.33 225.1608002
"325" 2017 319.31 140.2696899
"326" 2017 167.38 77.2634449
"327" 2017 83.73 40.41688965
"328" 2017 40.85 20.52528675
"329" 2017 19.52 10.1653328
"330" 2017 8.47 4.5533873
"331" 2017 3.16 1.7472588
"332" 2017 1.03 0.80351845
"333" 2017 0.28 0.28
"334" 2018 169566 617.22024
"335" 2018 173365 33.806175
"336" 2018 172815 17.2815
"337" 2018 177913 15.122605
"338" 2018 174440 13.083
"339" 2018 179261 11.651965
"340" 2018 183075 10.069125
"341" 2018 187979 8.459055
"342" 2018 188589 7.54356
"343" 2018 189162 10.40391
"344" 2018 185788 10.21834
"345" 2018 189169 11.35014
"346" 2018 191108 14.3331
"347" 2018 196875 15.75
"348" 2018 203519 23.404685
"349" 2018 204774 27.64449
"350" 2018 206878 35.16926
"351" 2018 211820 47.6595
"352" 2018 210774 54.80124
"353" 2018 213786 61.99794
"354" 2018 209792 59.79072
"355" 2018 209892 67.16544
"356" 2018 211308 71.84472
"357" 2018 218557 65.5671
"358" 2018 219232 58.09648
"359" 2018 221643 63.168255
"360" 2018 224418 76.30212
"361" 2018 225619 82.350935
"362" 2018 218319 77.503245
"363" 2018 216158 73.49372
"364" 2018 216233 78.925045
"365" 2018 215503 88.35623
"366" 2018 211127 93.951515
"367" 2018 207626 101.73674
"368" 2018 202300 111.265
"369" 2018 202806 115.59942
"370" 2018 206883 108.613575
"371" 2018 209769 122.714865
"372" 2018 202927 137.99036
"373" 2018 202971 150.19854
"374" 2018 200028 168.02352
"375" 2018 201974 184.80621
"376" 2018 203622 200.56767
"377" 2018 212658 223.2909
"378" 2018 220030 253.0345
"379" 2018 238148 303.6387
"380" 2018 249678 350.79759
"381" 2018 260267 383.893825
"382" 2018 265974 442.84671
"383" 2018 254756 489.13152
"384" 2018 252051 540.649395
"385" 2018 253303 612.99326
"386" 2018 256811 683.11726
"387" 2018 261171 744.33735
"388" 2018 256510 813.1367
"389" 2018 251271 902.06289
"390" 2018 248603 986.95391
"391" 2018 241399 1070.604565
"392" 2018 238550 1182.01525
"393" 2018 231687 1267.32789
"394" 2018 226041 1352.855385
"395" 2018 221321 1460.7186
"396" 2018 215014 1551.32601
"397" 2018 210758 1693.44053
"398" 2018 206604 1858.40298
"399" 2018 206100 1996.0785
"400" 2018 197317 2058.01631
"401" 2018 196878 2281.81602
"402" 2018 197672 2542.06192
"403" 2018 201570 2847.17625
"404" 2018 209616 3205.02864
"405" 2018 213639 3575.248665
"406" 2018 150383 2821.936995
"407" 2018 154469 3226.85741
"408" 2018 143818 3419.99204
"409" 2018 130091 3450.01332
"410" 2018 120818 3473.5175
"411" 2018 120219 3857.82771
"412" 2018 112105 4099.119325
"413" 2018 105507 4381.70571
"414" 2018 94315 4382.81805
"415" 2018 88990 4678.2043
"416" 2018 81765 4902.6294
"417" 2018 75261 5141.07891
"418" 2018 67924 5267.84582
"419" 2018 63234 5559.21711
"420" 2018 55596.1 5587.964011
"421" 2018 49620.99 5715.09752325
"422" 2018 41790.82 5422.1499409
"423" 2018 35721.9 5231.115036
"424" 2018 29251.26 4804.8119676
"425" 2018 24156.33 4404.54443055
"426" 2018 19278.28 3938.1670384
"427" 2018 15162.59 3376.02647645
"428" 2018 11828.31 2869.548006
"429" 2018 8533.52 2285.9593376
"430" 2018 6044.99 1765.9229287
"431" 2018 4176.35 1323.54796025
"432" 2018 2386.82 816.2208354
"433" 2018 1471.97 540.23506955
"434" 2018 979.32 383.6632998
"435" 2018 561.18 233.4172092
"436" 2018 307.87 135.2442123
"437" 2018 173.93 80.28695765
"438" 2018 87.24 42.1111842
"439" 2018 41.65 20.92725075
"440" 2018 19.15 9.97264975
"441" 2018 8.49 4.5641391
"442" 2018 3.29 1.8191397
"443" 2018 0.92 0.7177058
"444" 2018 0 0
"445" 2019 168443 613.13252
"446" 2019 170816 33.30912
"447" 2019 174256 17.4256
"448" 2019 173722 14.76637
"449" 2019 178825 13.411875
"450" 2019 175210 11.38865
"451" 2019 180043 9.902365
"452" 2019 183815 8.271675
"453" 2019 188854 7.55416
"454" 2019 189520 10.4236
"455" 2019 190090 10.45495
"456" 2019 186613 11.19678
"457" 2019 190026 14.25195
"458" 2019 191909 15.35272
"459" 2019 197677 22.732855
"460" 2019 204306 27.58131
"461" 2019 205638 34.95846
"462" 2019 207992 46.7982
"463" 2019 216614 56.31964
"464" 2019 217469 63.06601
"465" 2019 218315 62.219775
"466" 2019 212979 68.15328
"467" 2019 212854 72.37036
"468" 2019 214501 64.3503
"469" 2019 221276 58.63814
"470" 2019 221595 63.154575
"471" 2019 224138 76.20692
"472" 2019 227080 82.8842
"473" 2019 228156 80.99538
"474" 2019 220894 75.10396
"475" 2019 218629 79.799585
"476" 2019 218397 89.54277
"477" 2019 217522 96.79729
"478" 2019 212882 104.31218
"479" 2019 209476 115.2118
"480" 2019 203806 116.16942
"481" 2019 204401 107.310525
"482" 2019 208114 121.74669
"483" 2019 210971 143.46028
"484" 2019 204001 150.96074
"485" 2019 203992 171.35328
"486" 2019 201027 183.939705
"487" 2019 202851 199.808235
"488" 2019 204259 214.47195
"489" 2019 213259 245.24785
"490" 2019 220643 281.319825
"491" 2019 238587 335.214735
"492" 2019 249933 368.651175
"493" 2019 260536 433.79244
"494" 2019 266020 510.7584
"495" 2019 254909 546.779805
"496" 2019 251946 609.70932
"497" 2019 253097 673.23802
"498" 2019 256392 730.7172
"499" 2019 260512 825.82304
"500" 2019 255864 918.55176
"501" 2019 250557 994.71129
"502" 2019 247542 1097.84877
"503" 2019 240203 1190.205865
"504" 2019 237366 1298.39202
"505" 2019 230261 1378.112085
"506" 2019 224577 1482.2082
"507" 2019 219687 1585.041705
"508" 2019 213299 1713.857465
"509" 2019 209015 1880.089925
"510" 2019 204712 1982.63572
"511" 2019 203761 2125.22723
"512" 2019 194999 2260.03841
"513" 2019 194511 2501.41146
"514" 2019 195091 2755.660375
"515" 2019 198650 3037.3585
"516" 2019 206366 3453.53501
"517" 2019 209871 3938.229315
"518" 2019 147392 3079.01888
"519" 2019 151105 3593.2769
"520" 2019 140466 3725.15832
"521" 2019 126649 3641.15875
"522" 2019 117269 3763.16221
"523" 2019 116317 4253.131105
"524" 2019 108025 4486.27825
"525" 2019 101095 4697.88465
"526" 2019 90011 4731.87827
"527" 2019 84177 5047.25292
"528" 2019 76736 5241.83616
"529" 2019 70095 5436.217725
"530" 2019 62552 5499.25908
"531" 2019 57367 5765.95717
"532" 2019 49724.9 5727.0653575
"533" 2019 43711.97 5671.40954765
"534" 2019 36180.16 5298.2226304
"535" 2019 30292.43 4975.8345518
"536" 2019 24318.43 4434.10093405
"537" 2019 19642.34 4012.5372152
"538" 2019 15281.67 3402.54023385
"539" 2019 11651.72 2826.707272
"540" 2019 8822.01 2363.2400388
"541" 2019 6206.63 1813.1428219
"542" 2019 4237.87 1343.04457105
"543" 2019 2856.31 976.7723307
"544" 2019 1607 589.793105
"545" 2019 937.27 367.18958155
"546" 2019 587.37 244.3106778
"547" 2019 325.68 143.0679672
"548" 2019 172.77 79.75149585
"549" 2019 94.28 45.5094274
"550" 2019 45.62 22.9219971
"551" 2019 20.9 10.8839885
"552" 2019 8.96 4.8168064
"553" 2019 3.76 2.0790168
"554" 2019 1.21 0.94393915
"555" 2019 0 0
"556" 2020 169497 616.96908
"557" 2020 169918 33.13401
"558" 2020 171951 17.1951
"559" 2020 175319 14.902115
"560" 2020 174787 13.109025
"561" 2020 179581 11.672765
"562" 2020 176215 9.691825
"563" 2020 180969 8.143605
"564" 2020 184787 7.39148
"565" 2020 189871 10.442905
"566" 2020 190581 10.481955
"567" 2020 191201 11.47206
"568" 2020 187633 14.072475
"569" 2020 190949 15.27592
"570" 2020 192840 22.1766
"571" 2020 198577 26.807895
"572" 2020 205420 34.9214
"573" 2020 207149 46.608525
"574" 2020 213523 55.51598
"575" 2020 224489 65.10181
"576" 2020 222532 63.42162
"577" 2020 221651 70.92832
"578" 2020 216297 73.54098
"579" 2020 216448 64.9344
"580" 2020 217657 57.679105
"581" 2020 224513 63.986205
"582" 2020 224987 76.49558
"583" 2020 227651 83.092615
"584" 2020 230336 81.76928
"585" 2020 231478 78.70252
"586" 2020 224067 81.784455
"587" 2020 221567 90.84247
"588" 2020 221012 98.35034
"589" 2020 220272 107.93328
"590" 2020 215185 118.35175
"591" 2020 211608 120.61656
"592" 2020 205694 107.98935
"593" 2020 206135 120.588975
"594" 2020 209787 142.65516
"595" 2020 212604 157.32696
"596" 2020 205400 172.536
"597" 2020 205351 187.896165
"598" 2020 202233 199.199505
"599" 2020 203832 214.0236
"600" 2020 205192 235.9708
"601" 2020 214175 273.073125
"602" 2020 221397 311.062785
"603" 2020 239141 352.732975
"604" 2020 250414 416.93931
"605" 2020 260941 501.00672
"606" 2020 266187 570.971115
"607" 2020 254922 616.91124
"608" 2020 251934 670.14444
"609" 2020 252798 720.4743
"610" 2020 255985 811.47245
"611" 2020 259958 933.24922
"612" 2020 255085 1012.68745
"613" 2020 249709 1107.459415
"614" 2020 246676 1222.27958
"615" 2020 239164 1308.22708
"616" 2020 236163 1413.435555
"617" 2020 228921 1510.8786
"618" 2020 223075 1609.486125
"619" 2020 218121 1752.602235
"620" 2020 211518 1902.60441
"621" 2020 207231 2007.032235
"622" 2020 202623 2113.35789
"623" 2020 201498 2335.36182
"624" 2020 192697 2478.08342
"625" 2020 191999 2711.985875
"626" 2020 192332 2940.75628
"627" 2020 195686 3274.80521
"628" 2020 202910 3807.60615
"629" 2020 206012 4303.59068
"630" 2020 144279 3430.95462
"631" 2020 147609 3914.59068
"632" 2020 136821 3933.60375
"633" 2020 123046 3948.54614
"634" 2020 113620 4154.5153
"635" 2020 112104 4655.67912
"636" 2020 103556 4812.24732
"637" 2020 96472 5071.53304
"638" 2020 85299 5114.52804
"639" 2020 79209 5410.76679
"640" 2020 71520 5546.7336
"641" 2020 64712 5689.15548
"642" 2020 57004 5729.47204
"643" 2020 51687 5953.050225
"644" 2020 43987.66 5707.1789467
"645" 2020 38055.89 5572.9045316
"646" 2020 30868.27 5070.4220302
"647" 2020 25328.49 4618.27022415
"648" 2020 19897.49 4064.6592572
"649" 2020 15656.85 3486.07593675
"650" 2020 11896.88 2886.183088
"651" 2020 8854.17 2371.8550596
"652" 2020 6503.89 1899.9813857
"653" 2020 4398.85 1394.06154775
"654" 2020 2923.48 999.7424556
"655" 2020 1917.11 703.60812665
"656" 2020 1023.45 400.95188925
"657" 2020 589.04 245.0052976
"658" 2020 358.82 157.6260378
"659" 2020 194.1 89.5975305
"660" 2020 100.35 48.43944675
"661" 2020 53.26 26.7607533
"662" 2020 24.97 13.00350205
"663" 2020 10.97 5.8973623
"664" 2020 4.24 2.3444232
"665" 2020 1.86 1.4510139
"666" 2020 0.34 0.34
"667" 2021 168270 612.5028
"668" 2021 170354 33.21903
"669" 2021 170474 17.0474
"670" 2021 172564 14.66794
"671" 2021 175964 13.1973
"672" 2021 175403 11.401195
"673" 2021 180140 9.9077
"674" 2021 176907 7.960815
"675" 2021 181785 7.2714
"676" 2021 185592 10.20756
"677" 2021 190637 10.485035
"678" 2021 191484 11.48904
"679" 2021 192004 14.4003
"680" 2021 188438 15.07504
"681" 2021 191715 22.047225
"682" 2021 193570 26.13195
"683" 2021 199394 33.89698
"684" 2021 206527 46.468575
"685" 2021 212171 55.16446
"686" 2021 220073 63.82117
"687" 2021 227053 64.710105
"688" 2021 223141 71.40512
"689" 2021 222345 75.5973
"690" 2021 217581 65.2743
"691" 2021 217366 57.60199
"692" 2021 218668 62.32038
"693" 2021 225920 76.8128
"694" 2021 226583 82.702795
"695" 2021 229437 81.450135
"696" 2021 232334 78.99356
"697" 2021 233373 85.181145
"698" 2021 225767 92.56447
"699" 2021 223130 99.29285
"700" 2021 222511 109.03039
"701" 2021 221708 121.9394
"702" 2021 216405 123.35085
"703" 2021 212811 111.725775
"704" 2021 206720 120.9312
"705" 2021 207274 140.94632
"706" 2021 210876 156.04824
"707" 2021 213550 179.382
"708" 2021 206262 188.72973
"709" 2021 206100 203.0085
"710" 2021 203073 213.22665
"711" 2021 204503 235.17845
"712" 2021 205701 262.268775
"713" 2021 214822 301.82491
"714" 2021 221788 327.1373
"715" 2021 239467 398.712555
"716" 2021 250796 481.52832
"717" 2021 261085 560.027325
"718" 2021 266184 644.16528
"719" 2021 254782 677.72012
"720" 2021 251614 717.0999
"721" 2021 252466 800.31722
"722" 2021 255486 917.19474
"723" 2021 259303 1029.43291
"724" 2021 254398 1128.25513
"725" 2021 248827 1232.937785
"726" 2021 245543 1343.12021
"727" 2021 237918 1423.93923
"728" 2021 234687 1548.9342
"729" 2021 227404 1640.71986
"730" 2021 221404 1778.98114
"731" 2021 216248 1945.15076
"732" 2021 209603 2030.005055
"733" 2021 205025 2138.41075
"734" 2021 200160 2319.8544
"735" 2021 198911 2557.99546
"736" 2021 190079 2684.865875
"737" 2021 189248 2893.60192
"738" 2021 189136 3165.19096
"739" 2021 192126 3605.24439
"740" 2021 198904 4155.10456
"741" 2021 201622 4794.57116
"742" 2021 140597 3728.63244
"743" 2021 143353 4121.39875
"744" 2021 132521 4252.59889
"745" 2021 118606 4336.82839
"746" 2021 108983 4526.06399
"747" 2021 107048 4974.52056
"748" 2021 98199 5162.32143
"749" 2021 90976 5454.92096
"750" 2021 79679 5442.87249
"751" 2021 73221 5678.654655
"752" 2021 65612 5768.27898
"753" 2021 58402 5869.98502
"754" 2021 50597 5827.509475
"755" 2021 45191 5863.306295
"756" 2021 37611.98 5507.8983512
"757" 2021 31883.25 5237.142645
"758" 2021 25369.52 4625.7514292
"759" 2021 20376.11 4162.4317508
"760" 2021 15572.62 3467.3217061
"761" 2021 11886.09 2883.565434
"762" 2021 8781.55 2352.401614
"763" 2021 6367.02 1859.9975526
"764" 2021 4499.95 1426.10165425
"765" 2021 2968.94 1015.2884118
"766" 2021 1915.49 703.01356235
"767" 2021 1190.9 466.5529385
"768" 2021 611.67 254.4180198
"769" 2021 335.87 147.5443323
"770" 2021 196.83 90.85771215
"771" 2021 102.91 49.67517155
"772" 2021 51.15 25.70057325
"773" 2021 25.85 13.46177525
"774" 2021 11.37 6.1123983
"775" 2021 4.5 2.488185
"776" 2021 1.37 1.06875755
"777" 2021 0.63 0.63
