"year" "population" "expected"
"1" 2015 174681 567.71325
"2" 2015 171587 28.311855
"3" 2015 176388 20.28462
"4" 2015 180486 19.85346
"5" 2015 185180 12.9626
"6" 2015 185874 11.15244
"7" 2015 186121 13.02847
"8" 2015 182919 11.889735
"9" 2015 186450 13.0515
"10" 2015 188291 16.004735
"11" 2015 194196 15.53568
"12" 2015 201043 13.067795
"13" 2015 202009 15.150675
"14" 2015 203920 20.392
"15" 2015 207921 24.95052
"16" 2015 203234 26.42042
"17" 2015 202135 33.352275
"18" 2015 196758 41.31918
"19" 2015 197661 47.43864
"20" 2015 201205 49.295225
"21" 2015 209201 51.254245
"22" 2015 209863 49.317805
"23" 2015 213499 50.172265
"24" 2015 217379 61.953015
"25" 2015 219090 71.20425
"26" 2015 212104 75.29692
"27" 2015 210333 72.564885
"28" 2015 210997 69.62901
"29" 2015 210699 72.691155
"30" 2015 206541 79.518285
"31" 2015 203637 82.472985
"32" 2015 198397 76.382845
"33" 2015 199731 85.88433
"34" 2015 204007 98.943395
"35" 2015 206969 109.69357
"36" 2015 200407 111.225885
"37" 2015 201074 117.62829
"38" 2015 198140 121.8561
"39" 2015 200301 138.20769
"40" 2015 202078 154.58967
"41" 2015 211257 169.0056
"42" 2015 219074 199.35734
"43" 2015 237251 243.182275
"44" 2015 249140 267.8255
"45" 2015 260142 306.96756
"46" 2015 266003 372.4042
"47" 2015 254999 397.79844
"48" 2015 252511 434.31892
"49" 2015 254164 495.6198
"50" 2015 258240 546.1776
"51" 2015 262968 639.01224
"52" 2015 258304 694.83776
"53" 2015 253699 716.699675
"54" 2015 251034 810.83982
"55" 2015 244179 907.124985
"56" 2015 241775 965.891125
"57" 2015 234959 1015.02288
"58" 2015 229715 1133.643525
"59" 2015 225555 1241.680275
"60" 2015 219382 1326.16419
"61" 2015 215677 1452.584595
"62" 2015 211829 1553.765715
"63" 2015 211610 1706.63465
"64" 2015 203469 1763.058885
"65" 2015 203599 1931.136515
"66" 2015 204833 2175.32646
"67" 2015 209441 2406.47709
"68" 2015 218499 2706.110115
"69" 2015 223372 3005.47026
"70" 2015 158287 2406.753835
"71" 2015 163289 2850.209495
"72" 2015 152781 2851.657365
"73" 2015 138932 2732.79244
"74" 2015 130097 2870.590305
"75" 2015 130644 3196.85868
"76" 2015 122728 3338.81524
"77" 2015 116871 3606.054705
"78" 2015 106130 3680.05775
"79" 2015 101767 3984.686885
"80" 2015 95038 4231.56695
"81" 2015 89524 4572.88592
"82" 2015 82687 4754.5025
"83" 2015 79222 5075.75354
"84" 2015 72009 5209.491105
"85" 2015 66579.04 5489.441848
"86" 2015 58373.14 5533.4818063
"87" 2015 52181.44 5539.5816704
"88" 2015 44966.67 5323.6040613
"89" 2015 39188.99 5168.43994615
"90" 2015 33374.3 4907.357072
"91" 2015 28344.38 4746.266431
"92" 2015 23652.01 4458.8769252
"93" 2015 18426.03 3838.142049
"94" 2015 14418.84 3295.6421646
"95" 2015 11014.07 2749.60750515
"96" 2015 6892.73 1876.1321787
"97" 2015 4669.98 1382.8744776
"98" 2015 3379.27 1083.20810215
"99" 2015 2233.91 771.15690155
"100" 2015 1401.24 518.2275954
"101" 2015 913.56 360.0888096
"102" 2015 517.85 216.41728275
"103" 2015 280.38 123.6097287
"104" 2015 149.24 69.0675258
"105" 2015 78.38 37.8990814
"106" 2015 39.36 19.796112
"107" 2015 17.9 9.3254525
"108" 2015 8.2 4.407992
"109" 2015 3.15 1.74098925
"110" 2015 1.17 0.9125415
"111" 2015 0.32 0.32
"112" 2016 170341 553.60825
"113" 2016 175721 28.993965
"114" 2016 172395 19.825425
"115" 2016 177204 19.49244
"116" 2016 181193 12.68351
"117" 2016 185795 11.1477
"118" 2016 186527 13.05689
"119" 2016 186954 12.15201
"120" 2016 183658 12.85606
"121" 2016 187104 15.90384
"122" 2016 188997 15.11976
"123" 2016 194943 12.671295
"124" 2016 201667 15.125025
"125" 2016 202739 20.2739
"126" 2016 204534 24.54408
"127" 2016 208704 27.13152
"128" 2016 204436 33.73194
"129" 2016 203669 42.77049
"130" 2016 200001 48.00024
"131" 2016 201917 49.469665
"132" 2016 204819 50.180655
"133" 2016 212265 49.882275
"134" 2016 212818 50.01223
"135" 2016 216388 61.67058
"136" 2016 219656 71.3882
"137" 2016 220839 78.397845
"138" 2016 213760 73.7472
"139" 2016 211787 69.88971
"140" 2016 212374 73.26903
"141" 2016 212242 81.71317
"142" 2016 207828 84.17034
"143" 2016 204685 78.803725
"144" 2016 199525 85.79575
"145" 2016 200539 97.261415
"146" 2016 204764 108.52492
"147" 2016 207725 115.287375
"148" 2016 201021 117.597285
"149" 2016 201431 123.880065
"150" 2016 198588 137.02572
"151" 2016 200648 153.49572
"152" 2016 202442 161.9536
"153" 2016 211549 192.50959
"154" 2016 219286 224.76815
"155" 2016 237447 255.255525
"156" 2016 249258 294.12444
"157" 2016 260071 364.0994
"158" 2016 265868 414.75408
"159" 2016 254821 438.29212
"160" 2016 252236 491.8602
"161" 2016 253748 536.67702
"162" 2016 257576 625.90968
"163" 2016 262325 705.65425
"164" 2016 257664 727.9008
"165" 2016 252826 816.62798
"166" 2016 250128 929.22552
"167" 2016 243213 971.635935
"168" 2016 240729 1039.94928
"169" 2016 233966 1154.62221
"170" 2016 228536 1258.09068
"171" 2016 224170 1355.10765
"172" 2016 217979 1468.088565
"173" 2016 214133 1570.665555
"174" 2016 210154 1694.89201
"175" 2016 209831 1818.185615
"176" 2016 201655 1912.697675
"177" 2016 201381 2138.66622
"178" 2016 202457 2326.23093
"179" 2016 206918 2562.67943
"180" 2016 215655 2901.638025
"181" 2016 220292 3349.53986
"182" 2016 155775 2719.052625
"183" 2016 160391 2993.698015
"184" 2016 149943 2949.37881
"185" 2016 136237 3006.069405
"186" 2016 127166 3111.75202
"187" 2016 127374 3465.20967
"188" 2016 119370 3683.16135
"189" 2016 113391 3931.832925
"190" 2016 102414 4010.02017
"191" 2016 97796 4354.3669
"192" 2016 90838 4640.00504
"193" 2016 84960 4885.2
"194" 2016 78007 4997.90849
"195" 2016 74135 5363.296575
"196" 2016 66790.4 5506.86848
"197" 2016 61072.12 5789.3316154
"198" 2016 52853.48 5610.9254368
"199" 2016 46648.91 5522.7644549
"200" 2016 39651.58 5229.4486283
"201" 2016 34035.92 5004.6416768
"202" 2016 28443.3 4762.830585
"203" 2016 23628.77 4454.4957204
"204" 2016 19228.6 4005.31738
"205" 2016 14603.08 3337.7529802
"206" 2016 11133.05 2779.31026725
"207" 2016 8262.19 2248.8854961
"208" 2016 5046.91 1494.4909892
"209" 2016 3293.62 1055.7534229
"210" 2016 2329.79 804.25515695
"211" 2016 1497.88 553.9684498
"212" 2016 877.99 346.0685384
"213" 2016 531.59 222.15943485
"214" 2016 285.09 125.68620285
"215" 2016 145.51 67.34130045
"216" 2016 72.53 35.0704309
"217" 2016 35.47 17.8396365
"218" 2016 16.22 8.4502145
"219" 2016 6.26 3.3651256
"220" 2016 2.42 1.3375219
"221" 2016 0.65 0.5069675
"222" 2016 0 0
"223" 2017 172288 559.936
"224" 2017 171594 28.31301
"225" 2017 176866 20.33959
"226" 2017 173270 19.0597
"227" 2017 178271 12.47897
"228" 2017 182091 10.92546
"229" 2017 186849 13.07943
"230" 2017 187513 12.188345
"231" 2017 188054 13.16378
"232" 2017 184673 15.697205
"233" 2017 188090 15.0472
"234" 2017 190011 12.350715
"235" 2017 195938 14.69535
"236" 2017 202561 20.2561
"237" 2017 203699 24.44388
"238" 2017 205650 26.7345
"239" 2017 210291 34.698015
"240" 2017 206389 43.34169
"241" 2017 207779 49.86696
"242" 2017 205296 50.29752
"243" 2017 206679 50.636355
"244" 2017 208519 49.001965
"245" 2017 215345 50.606075
"246" 2017 216378 61.66773
"247" 2017 219322 71.27965
"248" 2017 222186 78.87603
"249" 2017 223461 77.094045
"250" 2017 216058 71.29914
"251" 2017 214126 73.87347
"252" 2017 214256 82.48856
"253" 2017 213919 86.637195
"254" 2017 209457 80.640945
"255" 2017 206225 88.67675
"256" 2017 200897 97.435045
"257" 2017 201624 106.86072
"258" 2017 205834 114.23787
"259" 2017 208767 122.128695
"260" 2017 201973 124.213395
"261" 2017 202260 139.5594
"262" 2017 199353 152.505045
"263" 2017 201258 161.0064
"264" 2017 203023 184.75093
"265" 2017 212159 217.462975
"266" 2017 219687 236.163525
"267" 2017 237753 280.54854
"268" 2017 249370 349.118
"269" 2017 260176 405.87456
"270" 2017 265988 457.49936
"271" 2017 254849 496.95555
"272" 2017 252208 533.41992
"273" 2017 253491 615.98313
"274" 2017 257118 691.64742
"275" 2017 261761 739.474825
"276" 2017 257147 830.58481
"277" 2017 252100 936.5515
"278" 2017 249394 996.32903
"279" 2017 242307 1046.76624
"280" 2017 239624 1182.54444
"281" 2017 232915 1282.197075
"282" 2017 227365 1374.421425
"283" 2017 222845 1500.861075
"284" 2017 216574 1588.57029
"285" 2017 212474 1713.60281
"286" 2017 208453 1806.245245
"287" 2017 207996 1972.84206
"288" 2017 199561 2119.33782
"289" 2017 199123 2287.92327
"290" 2017 200033 2477.408705
"291" 2017 204246 2748.12993
"292" 2017 212678 3233.76899
"293" 2017 217058 3788.74739
"294" 2017 153102 2857.64883
"295" 2017 157486 3097.74962
"296" 2017 146974 3242.98131
"297" 2017 133239 3260.35833
"298" 2017 124111 3376.439755
"299" 2017 123876 3822.19398
"300" 2017 115800 4015.365
"301" 2017 109546 4289.27363
"302" 2017 98552 4388.0278
"303" 2017 93547 4778.38076
"304" 2017 86458 4971.335
"305" 2017 80199 5138.34993
"306" 2017 73038 5283.93411
"307" 2017 68877 5678.90865
"308" 2017 61273.34 5808.4062653
"309" 2017 55385.75 5879.75122
"310" 2017 47361.22 5607.0948358
"311" 2017 41193.83 5432.84826955
"312" 2017 34404.05 5058.771512
"313" 2017 28882.9 4836.441605
"314" 2017 23683.23 4464.7625196
"315" 2017 19233.21 4006.277643
"316" 2017 15339.52 3506.0773888
"317" 2017 11364.51 2837.09309895
"318" 2017 8293.12 2257.3043328
"319" 2017 5982.92 1771.6622704
"320" 2017 3567.31 1143.48338395
"321" 2017 2254.39 778.22669995
"322" 2017 1557.4 575.981029
"323" 2017 946.23 372.9660168
"324" 2017 541.33 226.22992695
"325" 2017 319.31 140.77260315
"326" 2017 167.38 77.4626271
"327" 2017 83.73 40.4859669
"328" 2017 40.85 20.5455075
"329" 2017 19.52 10.169432
"330" 2017 8.47 4.5531332
"331" 2017 3.16 1.7465162
"332" 2017 1.03 0.8033485
"333" 2017 0.28 0.28
"334" 2018 169566 551.0895
"335" 2018 173365 28.605225
"336" 2018 172815 19.873725
"337" 2018 177913 19.57043
"338" 2018 174440 12.2108
"339" 2018 179261 10.75566
"340" 2018 183075 12.81525
"341" 2018 187979 12.218635
"342" 2018 188589 13.20123
"343" 2018 189162 16.07877
"344" 2018 185788 14.86304
"345" 2018 189169 12.295985
"346" 2018 191108 14.3331
"347" 2018 196875 19.6875
"348" 2018 203519 24.42228
"349" 2018 204774 26.62062
"350" 2018 206878 34.13487
"351" 2018 211820 44.4822
"352" 2018 210774 50.58576
"353" 2018 213786 52.37757
"354" 2018 209792 51.39904
"355" 2018 209892 49.32462
"356" 2018 211308 49.65738
"357" 2018 218557 62.288745
"358" 2018 219232 71.2504
"359" 2018 221643 78.683265
"360" 2018 224418 77.42421
"361" 2018 225619 74.45427
"362" 2018 218319 75.320055
"363" 2018 216158 83.22083
"364" 2018 216233 87.574365
"365" 2018 215503 82.968655
"366" 2018 211127 90.78461
"367" 2018 207626 100.69861
"368" 2018 202300 107.219
"369" 2018 202806 112.55733
"370" 2018 206883 121.026555
"371" 2018 209769 129.007935
"372" 2018 202927 140.01963
"373" 2018 202971 155.272815
"374" 2018 200028 160.0224
"375" 2018 201974 183.79634
"376" 2018 203622 208.71255
"377" 2018 212658 228.60735
"378" 2018 220030 259.6354
"379" 2018 238148 333.4072
"380" 2018 249678 389.49768
"381" 2018 260267 447.65924
"382" 2018 265974 518.6493
"383" 2018 254756 538.80894
"384" 2018 252051 612.48393
"385" 2018 253303 681.38507
"386" 2018 256811 725.491075
"387" 2018 261171 843.58233
"388" 2018 256510 952.93465
"389" 2018 251271 1003.827645
"390" 2018 248603 1073.96496
"391" 2018 241399 1191.304065
"392" 2018 238550 1313.21775
"393" 2018 231687 1400.547915
"394" 2018 226041 1522.386135
"395" 2018 221321 1623.389535
"396" 2018 215014 1734.08791
"397" 2018 210758 1826.21807
"398" 2018 206604 1959.63894
"399" 2018 206100 2188.782
"400" 2018 197317 2267.17233
"401" 2018 196878 2438.33403
"402" 2018 197672 2659.67676
"403" 2018 201570 3064.87185
"404" 2018 209616 3658.84728
"405" 2018 213639 3987.571935
"406" 2018 150383 2958.03361
"407" 2018 154469 3408.358485
"408" 2018 143818 3519.22646
"409" 2018 130091 3539.125655
"410" 2018 120818 3727.83939
"411" 2018 120219 4168.593825
"412" 2018 112105 4389.471275
"413" 2018 105507 4697.699175
"414" 2018 94315 4817.6102
"415" 2018 88990 5116.925
"416" 2018 81765 5238.68355
"417" 2018 75261 5444.757045
"418" 2018 67924 5600.3338
"419" 2018 63234 5994.26703
"420" 2018 55596.1 5902.081976
"421" 2018 49620.99 5874.6290061
"422" 2018 41790.82 5511.5822957
"423" 2018 35721.9 5252.548176
"424" 2018 29251.26 4898.123487
"425" 2018 24156.33 4553.9513316
"426" 2018 19278.28 4015.665724
"427" 2018 15162.59 3465.63738335
"428" 2018 11828.31 2952.87844995
"429" 2018 8533.52 2322.7388088
"430" 2018 6044.99 1790.0424388
"431" 2018 4176.35 1338.70811075
"432" 2018 2386.82 823.9421981
"433" 2018 1471.97 544.38602495
"434" 2018 979.32 386.0087712
"435" 2018 561.18 234.5255397
"436" 2018 307.87 135.72910755
"437" 2018 173.93 80.49393435
"438" 2018 87.24 42.1831572
"439" 2018 41.65 20.9478675
"440" 2018 19.15 9.97667125
"441" 2018 8.49 4.5638844
"442" 2018 3.29 1.81836655
"443" 2018 0.92 0.717554
"444" 2018 0 0
"445" 2019 168443 547.43975
"446" 2019 170816 28.18464
"447" 2019 174256 20.03944
"448" 2019 173722 19.10942
"449" 2019 178825 12.51775
"450" 2019 175210 10.5126
"451" 2019 180043 12.60301
"452" 2019 183815 11.947975
"453" 2019 188854 13.21978
"454" 2019 189520 16.1092
"455" 2019 190090 15.2072
"456" 2019 186613 12.129845
"457" 2019 190026 14.25195
"458" 2019 191909 19.1909
"459" 2019 197677 23.72124
"460" 2019 204306 26.55978
"461" 2019 205638 33.93027
"462" 2019 207992 43.67832
"463" 2019 216614 51.98736
"464" 2019 217469 53.279905
"465" 2019 218315 53.487175
"466" 2019 212979 50.050065
"467" 2019 212854 50.02069
"468" 2019 214501 61.132785
"469" 2019 221276 71.9147
"470" 2019 221595 78.666225
"471" 2019 224138 77.32761
"472" 2019 227080 74.9364
"473" 2019 228156 78.71382
"474" 2019 220894 85.04419
"475" 2019 218629 88.544745
"476" 2019 218397 84.082845
"477" 2019 217522 93.53446
"478" 2019 212882 103.24777
"479" 2019 209476 111.02228
"480" 2019 203806 113.11233
"481" 2019 204401 119.574585
"482" 2019 208114 127.99011
"483" 2019 210971 145.56999
"484" 2019 204001 156.060765
"485" 2019 203992 163.1936
"486" 2019 201027 182.93457
"487" 2019 202851 207.922275
"488" 2019 204259 219.578425
"489" 2019 213259 251.64562
"490" 2019 220643 308.9002
"491" 2019 238587 372.19572
"492" 2019 249933 429.88476
"493" 2019 260536 508.0452
"494" 2019 266020 562.6323
"495" 2019 254909 619.42887
"496" 2019 251946 677.73474
"497" 2019 253097 714.999025
"498" 2019 256392 828.14616
"499" 2019 260512 967.80208
"500" 2019 255864 1022.17668
"501" 2019 250557 1082.40624
"502" 2019 247542 1221.61977
"503" 2019 240203 1322.317515
"504" 2019 237366 1434.87747
"505" 2019 230261 1550.807835
"506" 2019 224577 1647.272295
"507" 2019 219687 1771.775655
"508" 2019 213299 1848.235835
"509" 2019 209015 1982.507275
"510" 2019 204712 2174.04144
"511" 2019 203761 2341.21389
"512" 2019 194999 2415.062615
"513" 2019 194511 2617.145505
"514" 2019 195091 2966.358655
"515" 2019 198650 3467.43575
"516" 2019 206366 3851.82139
"517" 2019 209871 4128.16257
"518" 2019 147392 3252.20448
"519" 2019 151105 3697.53935
"520" 2019 140466 3821.37753
"521" 2019 126649 3907.754895
"522" 2019 117269 4066.302575
"523" 2019 116317 4554.392135
"524" 2019 108025 4809.813125
"525" 2019 101095 5163.9326
"526" 2019 90011 5175.6325
"527" 2019 84177 5393.22039
"528" 2019 76736 5551.46592
"529" 2019 70095 5779.33275
"530" 2019 62552 5929.61684
"531" 2019 57367 6090.08072
"532" 2019 49724.9 5886.930911
"533" 2019 43711.97 5764.95316345
"534" 2019 36180.16 5319.9307264
"535" 2019 30292.43 5072.4674035
"536" 2019 24318.43 4584.5104236
"537" 2019 19642.34 4091.499422
"538" 2019 15281.67 3492.85490355
"539" 2019 11651.72 2908.7936394
"540" 2019 8822.01 2401.2629019
"541" 2019 6206.63 1837.9072756
"542" 2019 4237.87 1358.42803915
"543" 2019 2856.31 986.01249355
"544" 2019 1607 594.324845
"545" 2019 937.27 369.4343432
"546" 2019 587.37 245.47073355
"547" 2019 325.68 143.5809132
"548" 2019 172.77 79.95709215
"549" 2019 94.28 45.5872084
"550" 2019 45.62 22.944579
"551" 2019 20.9 10.8883775
"552" 2019 8.96 4.8165376
"553" 2019 3.76 2.0781332
"554" 2019 1.21 0.9437395
"555" 2019 0 0
"556" 2020 169497 550.86525
"557" 2020 169918 28.03647
"558" 2020 171951 19.774365
"559" 2020 175319 19.28509
"560" 2020 174787 12.23509
"561" 2020 179581 10.77486
"562" 2020 176215 12.33505
"563" 2020 180969 11.762985
"564" 2020 184787 12.93509
"565" 2020 189871 16.139035
"566" 2020 190581 15.24648
"567" 2020 191201 12.428065
"568" 2020 187633 14.072475
"569" 2020 190949 19.0949
"570" 2020 192840 23.1408
"571" 2020 198577 25.81501
"572" 2020 205420 33.8943
"573" 2020 207149 43.50129
"574" 2020 213523 51.24552
"575" 2020 224489 54.999805
"576" 2020 222532 54.52034
"577" 2020 221651 52.087985
"578" 2020 216297 50.829795
"579" 2020 216448 61.68768
"580" 2020 217657 70.738525
"581" 2020 224513 79.702115
"582" 2020 224987 77.620515
"583" 2020 227651 75.12483
"584" 2020 230336 79.46592
"585" 2020 231478 89.11903
"586" 2020 224067 90.747135
"587" 2020 221567 85.303295
"588" 2020 221012 95.03516
"589" 2020 220272 106.83192
"590" 2020 215185 114.04805
"591" 2020 211608 117.44244
"592" 2020 205694 120.33099
"593" 2020 206135 126.773025
"594" 2020 209787 144.75303
"595" 2020 212604 162.64206
"596" 2020 205400 164.32
"597" 2020 205351 186.86941
"598" 2020 202233 207.288825
"599" 2020 203832 219.1194
"600" 2020 205192 242.12656
"601" 2020 214175 299.845
"602" 2020 221397 345.37932
"603" 2020 239141 411.32252
"604" 2020 250414 488.3073
"605" 2020 260941 551.890215
"606" 2020 266187 646.83441
"607" 2020 254922 685.74018
"608" 2020 251934 711.71355
"609" 2020 252798 816.53754
"610" 2020 255985 950.984275
"611" 2020 259958 1038.53221
"612" 2020 255085 1101.9672
"613" 2020 249709 1232.313915
"614" 2020 246676 1357.95138
"615" 2020 239164 1445.74638
"616" 2020 236163 1590.557805
"617" 2020 228921 1679.135535
"618" 2020 223075 1799.099875
"619" 2020 218121 1890.018465
"620" 2020 211518 2006.24823
"621" 2020 207231 2200.79322
"622" 2020 202623 2328.13827
"623" 2020 201498 2495.55273
"624" 2020 192697 2592.738135
"625" 2020 191999 2919.344795
"626" 2020 192332 3357.15506
"627" 2020 195686 3652.47919
"628" 2020 202910 3991.2397
"629" 2020 206012 4545.65478
"630" 2020 144279 3530.50713
"631" 2020 147609 4015.702845
"632" 2020 136821 4221.611955
"633" 2020 123046 4266.62005
"634" 2020 113620 4448.7911
"635" 2020 112104 4991.4306
"636" 2020 103556 5289.64048
"637" 2020 96472 5547.14
"638" 2020 85299 5465.10693
"639" 2020 79209 5730.375105
"640" 2020 71520 5896.824
"641" 2020 64712 6134.37404
"642" 2020 57004 6051.54464
"643" 2020 51687 6119.22393
"644" 2020 43987.66 5801.3125391
"645" 2020 38055.89 5595.7380656
"646" 2020 30868.27 5168.8918115
"647" 2020 25328.49 4774.9269348
"648" 2020 19897.49 4144.647167
"649" 2020 15656.85 3578.60792025
"650" 2020 11896.88 2969.9966076
"651" 2020 8854.17 2410.0165323
"652" 2020 6503.89 1925.9319068
"653" 2020 4398.85 1410.02937325
"654" 2020 2923.48 1009.1999134
"655" 2020 1917.11 709.01437685
"656" 2020 1023.45 403.403052
"657" 2020 589.04 246.1686516
"658" 2020 358.82 158.1911793
"659" 2020 194.1 89.8285095
"660" 2020 100.35 48.5222355
"661" 2020 53.26 26.787117
"662" 2020 24.97 13.00874575
"663" 2020 10.97 5.8970332
"664" 2020 4.24 2.3434268
"665" 2020 1.86 1.450707
"666" 2020 0.34 0.34
"667" 2021 168270 546.8775
"668" 2021 170354 28.10841
"669" 2021 170474 19.60451
"670" 2021 172564 18.98204
"671" 2021 175964 12.31748
"672" 2021 175403 10.52418
"673" 2021 180140 12.6098
"674" 2021 176907 11.498955
"675" 2021 181785 12.72495
"676" 2021 185592 15.77532
"677" 2021 190637 15.25096
"678" 2021 191484 12.44646
"679" 2021 192004 14.4003
"680" 2021 188438 18.8438
"681" 2021 191715 23.0058
"682" 2021 193570 25.1641
"683" 2021 199394 32.90001
"684" 2021 206527 43.37067
"685" 2021 212171 50.92104
"686" 2021 220073 53.917885
"687" 2021 227053 55.627985
"688" 2021 223141 52.438135
"689" 2021 222345 52.251075
"690" 2021 217581 62.010585
"691" 2021 217366 70.64395
"692" 2021 218668 77.62714
"693" 2021 225920 77.9424
"694" 2021 226583 74.77239
"695" 2021 229437 79.155765
"696" 2021 232334 89.44859
"697" 2021 233373 94.516065
"698" 2021 225767 86.920295
"699" 2021 223130 95.9459
"700" 2021 222511 107.917835
"701" 2021 221708 117.50524
"702" 2021 216405 120.104775
"703" 2021 212811 124.494435
"704" 2021 206720 127.1328
"705" 2021 207274 143.01906
"706" 2021 210876 161.32014
"707" 2021 213550 170.84
"708" 2021 206262 187.69842
"709" 2021 206100 211.2525
"710" 2021 203073 218.303475
"711" 2021 204503 241.31354
"712" 2021 205701 287.9814
"713" 2021 214822 335.12232
"714" 2021 221788 381.47536
"715" 2021 239467 466.96065
"716" 2021 250796 530.43354
"717" 2021 261085 634.43655
"718" 2021 266184 716.03496
"719" 2021 254782 719.75915
"720" 2021 251614 812.71322
"721" 2021 252466 937.91119
"722" 2021 255486 1020.66657
"723" 2021 259303 1120.18896
"724" 2021 254398 1255.45413
"725" 2021 248827 1369.792635
"726" 2021 245543 1484.307435
"727" 2021 237918 1602.37773
"728" 2021 234687 1721.429145
"729" 2021 227404 1834.01326
"730" 2021 221404 1918.46566
"731" 2021 216248 2051.11228
"732" 2021 209603 2225.98386
"733" 2021 205025 2355.73725
"734" 2021 200160 2478.9816
"735" 2021 198911 2676.347505
"736" 2021 190079 2890.151195
"737" 2021 189248 3303.32384
"738" 2021 189136 3530.22344
"739" 2021 192126 3779.11842
"740" 2021 198904 4388.81676
"741" 2021 201622 4933.69034
"742" 2021 140597 3824.941385
"743" 2021 143353 4423.156815
"744" 2021 132521 4595.165675
"745" 2021 118606 4644.01793
"746" 2021 108983 4852.468075
"747" 2021 107048 5468.01184
"748" 2021 98199 5646.4425
"749" 2021 90976 5828.83232
"750" 2021 79679 5764.377255
"751" 2021 73221 6037.07145
"752" 2021 65612 6219.68954
"753" 2021 58402 6199.95632
"754" 2021 50597 5990.17883
"755" 2021 45191 5960.015035
"756" 2021 37611.98 5530.4655392
"757" 2021 31883.25 5338.8502125
"758" 2021 25369.52 4782.6619104
"759" 2021 20376.11 4244.343713
"760" 2021 15572.62 3559.3558903
"761" 2021 11886.09 2967.30293805
"762" 2021 8781.55 2390.2500945
"763" 2021 6367.02 1885.4019624
"764" 2021 4499.95 1442.43647275
"765" 2021 2968.94 1024.8929327
"766" 2021 1915.49 708.41524415
"767" 2021 1190.9 469.405144
"768" 2021 611.67 255.62606805
"769" 2021 335.87 148.07332755
"770" 2021 196.83 91.09193985
"771" 2021 102.91 49.7600723
"772" 2021 51.15 25.7258925
"773" 2021 25.85 13.46720375
"774" 2021 11.37 6.1120572
"775" 2021 4.5 2.4871275
"776" 2021 1.37 1.0685315
"777" 2021 0.63 0.63
