"year" "population" "expected"
"1" 2015 174681 604.39626
"2" 2015 171587 30.027725
"3" 2015 176388 19.40268
"4" 2015 180486 18.0486
"5" 2015 185180 15.7403
"6" 2015 185874 13.94055
"7" 2015 186121 13.02847
"8" 2015 182919 10.97514
"9" 2015 186450 11.187
"10" 2015 188291 12.238915
"11" 2015 194196 12.62274
"12" 2015 201043 14.07301
"13" 2015 202009 16.16072
"14" 2015 203920 19.3724
"15" 2015 207921 25.990125
"16" 2015 203234 28.45276
"17" 2015 202135 36.3843
"18" 2015 196758 43.28676
"19" 2015 197661 47.43864
"20" 2015 201205 53.319325
"21" 2015 209201 55.438265
"22" 2015 209863 57.712325
"23" 2015 213499 61.91471
"24" 2015 217379 64.126805
"25" 2015 219090 65.727
"26" 2015 212104 66.81276
"27" 2015 210333 68.358225
"28" 2015 210997 72.793965
"29" 2015 210699 75.85164
"30" 2015 206541 77.452875
"31" 2015 203637 81.4548
"32" 2015 198397 83.32674
"33" 2015 199731 90.877605
"34" 2015 204007 95.88329
"35" 2015 206969 106.589035
"36" 2015 200407 110.22385
"37" 2015 201074 114.61218
"38" 2015 198140 121.8561
"39" 2015 200301 134.20167
"40" 2015 202078 147.51694
"41" 2015 211257 166.89303
"42" 2015 219074 197.1666
"43" 2015 237251 240.809765
"44" 2015 249140 279.0368
"45" 2015 260142 314.77182
"46" 2015 266003 355.114005
"47" 2015 254999 379.94851
"48" 2015 252511 411.59293
"49" 2015 254164 457.4952
"50" 2015 258240 512.6064
"51" 2015 262968 595.62252
"52" 2015 258304 654.80064
"53" 2015 253699 702.74623
"54" 2015 251034 783.22608
"55" 2015 244179 854.6265
"56" 2015 241775 927.207125
"57" 2015 234959 996.22616
"58" 2015 229715 1084.2548
"59" 2015 225555 1179.65265
"60" 2015 219382 1276.80324
"61" 2015 215677 1381.411185
"62" 2015 211829 1495.51274
"63" 2015 211610 1646.3258
"64" 2015 203469 1712.191635
"65" 2015 203599 1874.128795
"66" 2015 204833 2078.030785
"67" 2015 209441 2310.13423
"68" 2015 218499 2620.895505
"69" 2015 223372 2931.7575
"70" 2015 158287 2295.952935
"71" 2015 163289 2632.21868
"72" 2015 152781 2704.987605
"73" 2015 138932 2700.14342
"74" 2015 130097 2823.1049
"75" 2015 130644 3157.66548
"76" 2015 122728 3292.1786
"77" 2015 116871 3486.846285
"78" 2015 106130 3525.6386
"79" 2015 101767 3820.33318
"80" 2015 95038 4068.10159
"81" 2015 89524 4337.88542
"82" 2015 82687 4544.47752
"83" 2015 79222 4939.88781
"84" 2015 72009 5070.513735
"85" 2015 66579.04 5374.2601088
"86" 2015 58373.14 5383.1709708
"87" 2015 52181.44 5431.5660896
"88" 2015 44966.67 5287.6307253
"89" 2015 39188.99 5189.0141659
"90" 2015 33374.3 4970.768242
"91" 2015 28344.38 4721.3233766
"92" 2015 23652.01 4413.2285459
"93" 2015 18426.03 3823.49335515
"94" 2015 14418.84 3281.8721724
"95" 2015 11014.07 2750.4335604
"96" 2015 6892.73 1885.0927277
"97" 2015 4669.98 1391.5139406
"98" 2015 3379.27 1091.31835015
"99" 2015 2233.91 777.70225785
"100" 2015 1401.24 523.0198362
"101" 2015 913.56 363.6105834
"102" 2015 517.85 218.60260975
"103" 2015 280.38 124.8714387
"104" 2015 149.24 69.7697
"105" 2015 78.38 38.2780487
"106" 2015 39.36 19.9881888
"107" 2015 17.9 9.4122675
"108" 2015 8.2 4.446983
"109" 2015 3.15 1.755495
"110" 2015 1.17 0.9151857
"111" 2015 0.32 0.32
"112" 2016 170341 589.37986
"113" 2016 175721 30.751175
"114" 2016 172395 18.96345
"115" 2016 177204 17.7204
"116" 2016 181193 15.401405
"117" 2016 185795 13.934625
"118" 2016 186527 13.05689
"119" 2016 186954 11.21724
"120" 2016 183658 11.01948
"121" 2016 187104 12.16176
"122" 2016 188997 12.284805
"123" 2016 194943 13.64601
"124" 2016 201667 16.13336
"125" 2016 202739 19.260205
"126" 2016 204534 25.56675
"127" 2016 208704 29.21856
"128" 2016 204436 36.79848
"129" 2016 203669 44.80718
"130" 2016 200001 48.00024
"131" 2016 201917 53.508005
"132" 2016 204819 54.277035
"133" 2016 212265 58.372875
"134" 2016 212818 61.71722
"135" 2016 216388 63.83446
"136" 2016 219656 65.8968
"137" 2016 220839 69.564285
"138" 2016 213760 69.472
"139" 2016 211787 73.066515
"140" 2016 212374 76.45464
"141" 2016 212242 79.59075
"142" 2016 207828 83.1312
"143" 2016 204685 85.9677
"144" 2016 199525 90.783875
"145" 2016 200539 94.25333
"146" 2016 204764 105.45346
"147" 2016 207725 114.24875
"148" 2016 201021 114.58197
"149" 2016 201431 123.880065
"150" 2016 198588 133.05396
"151" 2016 200648 146.47304
"152" 2016 202442 159.92918
"153" 2016 211549 190.3941
"154" 2016 219286 222.57529
"155" 2016 237447 265.94064
"156" 2016 249258 301.60218
"157" 2016 260071 347.194785
"158" 2016 265868 396.14332
"159" 2016 254821 415.35823
"160" 2016 252236 454.0248
"161" 2016 253748 503.68978
"162" 2016 257576 583.40964
"163" 2016 262325 664.993875
"164" 2016 257664 713.72928
"165" 2016 252826 788.81712
"166" 2016 250128 875.448
"167" 2016 243213 932.721855
"168" 2016 240729 1020.69096
"169" 2016 233966 1104.31952
"170" 2016 228536 1195.24328
"171" 2016 224170 1304.6694
"172" 2016 217979 1396.155495
"173" 2016 214133 1511.77898
"174" 2016 210154 1634.99812
"175" 2016 209831 1765.727865
"176" 2016 201655 1856.234275
"177" 2016 201381 2043.010245
"178" 2016 202457 2233.10071
"179" 2016 206918 2481.98141
"180" 2016 215655 2830.471875
"181" 2016 220292 3195.33546
"182" 2016 155775 2511.093
"183" 2016 160391 2839.722655
"184" 2016 149943 2914.142205
"185" 2016 136237 2956.3429
"186" 2016 127166 3073.60222
"187" 2016 127374 3416.80755
"188" 2016 119370 3561.40395
"189" 2016 113391 3766.84902
"190" 2016 102414 3844.62156
"191" 2016 97796 4186.15778
"192" 2016 90838 4401.55529
"193" 2016 84960 4669.4016
"194" 2016 78007 4864.126485
"195" 2016 74135 5220.216025
"196" 2016 66790.4 5391.321088
"197" 2016 61072.12 5632.0709064
"198" 2016 52853.48 5501.5187332
"199" 2016 46648.91 5485.4453269
"200" 2016 39651.58 5250.2657078
"201" 2016 34035.92 5069.3099248
"202" 2016 28443.3 4737.800481
"203" 2016 23628.77 4408.8921943
"204" 2016 19228.6 3990.030643
"205" 2016 14603.08 3323.8070388
"206" 2016 11133.05 2780.145246
"207" 2016 8262.19 2259.6263431
"208" 2016 5046.91 1503.8277727
"209" 2016 3293.62 1063.6581109
"210" 2016 2329.79 811.08144165
"211" 2016 1497.88 559.0911994
"212" 2016 877.99 349.45318985
"213" 2016 531.59 224.40274465
"214" 2016 285.09 126.96910785
"215" 2016 145.51 68.025925
"216" 2016 72.53 35.42111345
"217" 2016 35.47 18.0127301
"218" 2016 16.22 8.5288815
"219" 2016 6.26 3.3948919
"220" 2016 2.42 1.348666
"221" 2016 0.65 0.5084365
"222" 2016 0 0
"223" 2017 172288 596.11648
"224" 2017 171594 30.02895
"225" 2017 176866 19.45526
"226" 2017 173270 17.327
"227" 2017 178271 15.153035
"228" 2017 182091 13.656825
"229" 2017 186849 13.07943
"230" 2017 187513 11.25078
"231" 2017 188054 11.28324
"232" 2017 184673 12.003745
"233" 2017 188090 12.22585
"234" 2017 190011 13.30077
"235" 2017 195938 15.67504
"236" 2017 202561 19.243295
"237" 2017 203699 25.462375
"238" 2017 205650 28.791
"239" 2017 210291 37.85238
"240" 2017 206389 45.40558
"241" 2017 207779 49.86696
"242" 2017 205296 54.40344
"243" 2017 206679 54.769935
"244" 2017 208519 57.342725
"245" 2017 215345 62.45005
"246" 2017 216378 63.83151
"247" 2017 219322 65.7966
"248" 2017 222186 69.98859
"249" 2017 223461 72.624825
"250" 2017 216058 74.54001
"251" 2017 214126 77.08536
"252" 2017 214256 80.346
"253" 2017 213919 85.5676
"254" 2017 209457 87.97194
"255" 2017 206225 93.832375
"256" 2017 200897 94.42159
"257" 2017 201624 103.83636
"258" 2017 205834 113.2087
"259" 2017 208767 118.99719
"260" 2017 201973 124.213395
"261" 2017 202260 135.5142
"262" 2017 199353 145.52769
"263" 2017 201258 158.99382
"264" 2017 203023 182.7207
"265" 2017 212159 215.341385
"266" 2017 219687 246.04944
"267" 2017 237753 287.68113
"268" 2017 249370 332.90895
"269" 2017 260176 387.66224
"270" 2017 265988 433.56044
"271" 2017 254849 458.7282
"272" 2017 252208 500.63288
"273" 2017 253491 574.157115
"274" 2017 257118 651.79413
"275" 2017 261761 725.07797
"276" 2017 257147 802.29864
"277" 2017 252100 882.35
"278" 2017 249394 956.42599
"279" 2017 242307 1027.38168
"280" 2017 239624 1131.02528
"281" 2017 232915 1218.14545
"282" 2017 227365 1323.2643
"283" 2017 222845 1427.322225
"284" 2017 216574 1529.01244
"285" 2017 212474 1653.04772
"286" 2017 208453 1754.131995
"287" 2017 207996 1914.60318
"288" 2017 199561 2024.546345
"289" 2017 199123 2196.32669
"290" 2017 200033 2399.395835
"291" 2017 204246 2680.72875
"292" 2017 212678 3084.89439
"293" 2017 217058 3498.97496
"294" 2017 153102 2710.67091
"295" 2017 157486 3060.74041
"296" 2017 146974 3189.3358
"297" 2017 133239 3220.38663
"298" 2017 124111 3329.277575
"299" 2017 123876 3695.84046
"300" 2017 115800 3846.876
"301" 2017 109546 4112.35684
"302" 2017 98552 4218.51836
"303" 2017 93547 4532.819885
"304" 2017 86458 4751.73168
"305" 2017 80199 5000.808645
"306" 2017 73038 5142.97077
"307" 2017 68877 5559.75144
"308" 2017 61273.34 5650.6274148
"309" 2017 55385.75 5765.1027175
"310" 2017 47361.22 5569.2058598
"311" 2017 41193.83 5454.4750303
"312" 2017 34404.05 5124.139207
"313" 2017 28882.9 4811.024653
"314" 2017 23683.23 4419.0538857
"315" 2017 19233.21 3990.98724105
"316" 2017 15339.52 3491.4281472
"317" 2017 11364.51 2837.9454372
"318" 2017 8293.12 2268.0853888
"319" 2017 5982.92 1782.7306724
"320" 2017 3567.31 1152.04492795
"321" 2017 2254.39 784.83206265
"322" 2017 1557.4 581.307337
"323" 2017 946.23 376.61373345
"324" 2017 541.33 228.51433955
"325" 2017 319.31 142.20949815
"326" 2017 167.38 78.25015
"327" 2017 83.73 40.89080145
"328" 2017 40.85 20.7448555
"329" 2017 19.52 10.264104
"330" 2017 8.47 4.59340805
"331" 2017 3.16 1.761068
"332" 2017 1.03 0.8056763
"333" 2017 0.28 0.28
"334" 2018 169566 586.69836
"335" 2018 173365 30.338875
"336" 2018 172815 19.00965
"337" 2018 177913 17.7913
"338" 2018 174440 14.8274
"339" 2018 179261 13.444575
"340" 2018 183075 12.81525
"341" 2018 187979 11.27874
"342" 2018 188589 11.31534
"343" 2018 189162 12.29553
"344" 2018 185788 12.07622
"345" 2018 189169 13.24183
"346" 2018 191108 15.28864
"347" 2018 196875 18.703125
"348" 2018 203519 25.439875
"349" 2018 204774 28.66836
"350" 2018 206878 37.23804
"351" 2018 211820 46.6004
"352" 2018 210774 50.58576
"353" 2018 213786 56.65329
"354" 2018 209792 55.59488
"355" 2018 209892 57.7203
"356" 2018 211308 61.27932
"357" 2018 218557 64.474315
"358" 2018 219232 65.7696
"359" 2018 221643 69.817545
"360" 2018 224418 72.93585
"361" 2018 225619 77.838555
"362" 2018 218319 78.59484
"363" 2018 216158 81.05925
"364" 2018 216233 86.4932
"365" 2018 215503 90.51126
"366" 2018 211127 96.062785
"367" 2018 207626 97.58422
"368" 2018 202300 104.1845
"369" 2018 202806 111.5433
"370" 2018 206883 117.92331
"371" 2018 209769 129.007935
"372" 2018 202927 135.96109
"373" 2018 202971 148.16883
"374" 2018 200028 158.02212
"375" 2018 201974 181.7766
"376" 2018 203622 206.67633
"377" 2018 212658 238.17696
"378" 2018 220030 266.2363
"379" 2018 238148 317.92758
"380" 2018 249678 372.02022
"381" 2018 260267 424.23521
"382" 2018 265974 478.7532
"383" 2018 254756 505.69066
"384" 2018 252051 570.895515
"385" 2018 253303 642.123105
"386" 2018 256811 711.36647
"387" 2018 261171 814.85352
"388" 2018 256510 897.785
"389" 2018 251271 963.624285
"390" 2018 248603 1054.07672
"391" 2018 241399 1139.40328
"392" 2018 238550 1247.6165
"393" 2018 231687 1348.41834
"394" 2018 226041 1447.792605
"395" 2018 221321 1562.52626
"396" 2018 215014 1672.80892
"397" 2018 210758 1773.52857
"398" 2018 206604 1901.78982
"399" 2018 206100 2090.8845
"400" 2018 197317 2176.40651
"401" 2018 196878 2361.55161
"402" 2018 197672 2594.445
"403" 2018 201570 2923.77285
"404" 2018 209616 3379.00992
"405" 2018 213639 3782.478495
"406" 2018 150383 2922.693605
"407" 2018 154469 3351.9773
"408" 2018 143818 3476.08106
"409" 2018 130091 3489.691075
"410" 2018 120818 3604.60503
"411" 2018 120219 3993.67518
"412" 2018 112105 4208.4217
"413" 2018 105507 4516.227135
"414" 2018 94315 4570.033325
"415" 2018 88990 4890.8904
"416" 2018 81765 5098.456575
"417" 2018 75261 5299.503315
"418" 2018 67924 5482.82528
"419" 2018 63234 5831.43948
"420" 2018 55596.1 5786.998049
"421" 2018 49620.99 5834.9322141
"422" 2018 41790.82 5533.5224762
"423" 2018 35721.9 5320.419786
"424" 2018 29251.26 4872.3823782
"425" 2018 24156.33 4507.3296147
"426" 2018 19278.28 4000.3394914
"427" 2018 15162.59 3451.1571099
"428" 2018 11828.31 2953.7655732
"429" 2018 8533.52 2333.8323848
"430" 2018 6044.99 1801.2256703
"431" 2018 4176.35 1348.73135075
"432" 2018 2386.82 830.9355807
"433" 2018 1471.97 549.42016235
"434" 2018 979.32 389.7840498
"435" 2018 561.18 236.8937193
"436" 2018 307.87 137.11452255
"437" 2018 173.93 81.312275
"438" 2018 87.24 42.6049626
"439" 2018 41.65 21.1511195
"440" 2018 19.15 10.06954875
"441" 2018 8.49 4.60425435
"442" 2018 3.29 1.833517
"443" 2018 0.92 0.7196332
"444" 2018 0 0
"445" 2019 168443 582.81278
"446" 2019 170816 29.8928
"447" 2019 174256 19.16816
"448" 2019 173722 17.3722
"449" 2019 178825 15.200125
"450" 2019 175210 13.14075
"451" 2019 180043 12.60301
"452" 2019 183815 11.0289
"453" 2019 188854 11.33124
"454" 2019 189520 12.3188
"455" 2019 190090 12.35585
"456" 2019 186613 13.06291
"457" 2019 190026 15.20208
"458" 2019 191909 18.231355
"459" 2019 197677 24.709625
"460" 2019 204306 28.60284
"461" 2019 205638 37.01484
"462" 2019 207992 45.75824
"463" 2019 216614 51.98736
"464" 2019 217469 57.629285
"465" 2019 218315 57.853475
"466" 2019 212979 58.569225
"467" 2019 212854 61.72766
"468" 2019 214501 63.277795
"469" 2019 221276 66.3828
"470" 2019 221595 69.802425
"471" 2019 224138 72.84485
"472" 2019 227080 78.3426
"473" 2019 228156 82.13616
"474" 2019 220894 82.83525
"475" 2019 218629 87.4516
"476" 2019 218397 91.72674
"477" 2019 217522 98.97251
"478" 2019 212882 100.05454
"479" 2019 209476 107.88014
"480" 2019 203806 112.0933
"481" 2019 204401 116.50857
"482" 2019 208114 127.99011
"483" 2019 210971 141.35057
"484" 2019 204001 148.92073
"485" 2019 203992 161.15368
"486" 2019 201027 180.9243
"487" 2019 202851 205.893765
"488" 2019 204259 228.77008
"489" 2019 213259 258.04339
"490" 2019 220643 294.558405
"491" 2019 238587 355.49463
"492" 2019 249933 407.39079
"493" 2019 260536 468.9648
"494" 2019 266020 528.0497
"495" 2019 254909 577.368885
"496" 2019 251946 638.68311
"497" 2019 253097 701.07869
"498" 2019 256392 799.94304
"499" 2019 260512 911.792
"500" 2019 255864 981.23844
"501" 2019 250557 1062.36168
"502" 2019 247542 1168.39824
"503" 2019 240203 1256.26169
"504" 2019 237366 1381.47012
"505" 2019 230261 1474.821705
"506" 2019 224577 1585.51362
"507" 2019 219687 1709.16486
"508" 2019 213299 1794.911085
"509" 2019 209015 1923.983075
"510" 2019 204712 2076.80324
"511" 2019 203761 2247.48383
"512" 2019 194999 2339.013005
"513" 2019 194511 2552.956875
"514" 2019 195091 2829.794955
"515" 2019 198650 3202.238
"516" 2019 206366 3653.71003
"517" 2019 209871 4078.842885
"518" 2019 147392 3198.4064
"519" 2019 151105 3652.20785
"520" 2019 140466 3768.00045
"521" 2019 126649 3778.572915
"522" 2019 117269 3895.67618
"523" 2019 116317 4366.54018
"524" 2019 108025 4624.010125
"525" 2019 101095 4898.558225
"526" 2019 90011 4947.00456
"527" 2019 84177 5248.856835
"528" 2019 76736 5403.36544
"529" 2019 70095 5658.0684
"530" 2019 62552 5768.54544
"531" 2019 57367 5971.33103
"532" 2019 49724.9 5847.150991
"533" 2019 43711.97 5787.9019477
"534" 2019 36180.16 5388.6730304
"535" 2019 30292.43 5045.8100651
"536" 2019 24318.43 4537.5758537
"537" 2019 19642.34 4075.8837617
"538" 2019 15281.67 3478.2609087
"539" 2019 11651.72 2909.6675184
"540" 2019 8822.01 2412.7315149
"541" 2019 6206.63 1849.3895411
"542" 2019 4237.87 1368.59892715
"543" 2019 2856.31 994.38148185
"544" 2019 1607 599.820785
"545" 2019 937.27 373.04751905
"546" 2019 587.37 247.94943495
"547" 2019 325.68 145.0464732
"548" 2019 172.77 80.769975
"549" 2019 94.28 46.0430522
"550" 2019 45.62 23.1672046
"551" 2019 20.9 10.9897425
"552" 2019 8.96 4.8591424
"553" 2019 3.76 2.095448
"554" 2019 1.21 0.9464741
"555" 2019 0 0
"556" 2020 169497 586.45962
"557" 2020 169918 29.73565
"558" 2020 171951 18.91461
"559" 2020 175319 17.5319
"560" 2020 174787 14.856895
"561" 2020 179581 13.468575
"562" 2020 176215 12.33505
"563" 2020 180969 10.85814
"564" 2020 184787 11.08722
"565" 2020 189871 12.341615
"566" 2020 190581 12.387765
"567" 2020 191201 13.38407
"568" 2020 187633 15.01064
"569" 2020 190949 18.140155
"570" 2020 192840 24.105
"571" 2020 198577 27.80078
"572" 2020 205420 36.9756
"573" 2020 207149 45.57278
"574" 2020 213523 51.24552
"575" 2020 224489 59.489585
"576" 2020 222532 58.97098
"577" 2020 221651 60.954025
"578" 2020 216297 62.72613
"579" 2020 216448 63.85216
"580" 2020 217657 65.2971
"581" 2020 224513 70.721595
"582" 2020 224987 73.120775
"583" 2020 227651 78.539595
"584" 2020 230336 82.92096
"585" 2020 231478 86.80425
"586" 2020 224067 89.6268
"587" 2020 221567 93.05814
"588" 2020 221012 100.56046
"589" 2020 220272 103.52784
"590" 2020 215185 110.820275
"591" 2020 211608 116.3844
"592" 2020 205694 117.24558
"593" 2020 206135 126.773025
"594" 2020 209787 140.55729
"595" 2020 212604 155.20092
"596" 2020 205400 162.266
"597" 2020 205351 184.8159
"598" 2020 202233 205.266495
"599" 2020 203832 228.29184
"600" 2020 205192 248.28232
"601" 2020 214175 285.923625
"602" 2020 221397 329.88153
"603" 2020 239141 389.79983
"604" 2020 250414 450.7452
"605" 2020 260941 517.967885
"606" 2020 266187 602.913555
"607" 2020 254922 646.22727
"608" 2020 251934 697.85718
"609" 2020 252798 788.72976
"610" 2020 255985 895.9475
"611" 2020 259958 996.93893
"612" 2020 255085 1081.5604
"613" 2020 249709 1178.62648
"614" 2020 246676 1290.11548
"615" 2020 239164 1391.93448
"616" 2020 236163 1512.624015
"617" 2020 228921 1616.18226
"618" 2020 223075 1735.5235
"619" 2020 218121 1835.488215
"620" 2020 211518 1947.02319
"621" 2020 207231 2102.358495
"622" 2020 202623 2234.93169
"623" 2020 201498 2416.96851
"624" 2020 192697 2529.148125
"625" 2020 191999 2784.945495
"626" 2020 192332 3100.39184
"627" 2020 195686 3464.62063
"628" 2020 202910 3943.55585
"629" 2020 206012 4470.4604
"630" 2020 144279 3487.22343
"631" 2020 147609 3959.611425
"632" 2020 136821 4082.054535
"633" 2020 123046 4087.58812
"634" 2020 113620 4265.2948
"635" 2020 112104 4798.61172
"636" 2020 103556 5017.80598
"637" 2020 96472 5302.10112
"638" 2020 85299 5318.819145
"639" 2020 79209 5577.501735
"640" 2020 71520 5773.0944
"641" 2020 64712 5967.74064
"642" 2020 57004 5933.54636
"643" 2020 51687 6077.87433
"644" 2020 43987.66 5824.4060606
"645" 2020 38055.89 5668.0442566
"646" 2020 30868.27 5141.7277339
"647" 2020 25328.49 4726.0429491
"648" 2020 19897.49 4128.82866245
"649" 2020 15656.85 3563.6556285
"650" 2020 11896.88 2970.8888736
"651" 2020 8854.17 2421.5269533
"652" 2020 6503.89 1937.9641033
"653" 2020 4398.85 1420.58661325
"654" 2020 2923.48 1017.7657098
"655" 2020 1917.11 715.57089305
"656" 2020 1023.45 407.34845175
"657" 2020 589.04 248.6544004
"658" 2020 358.82 159.8058693
"659" 2020 194.1 90.74175
"660" 2020 100.35 49.00742775
"661" 2020 53.26 27.0470258
"662" 2020 24.97 13.12985025
"663" 2020 10.97 5.94919555
"664" 2020 4.24 2.362952
"665" 2020 1.86 1.4549106
"666" 2020 0.34 0.34
"667" 2021 168270 582.2142
"668" 2021 170354 29.81195
"669" 2021 170474 18.75214
"670" 2021 172564 17.2564
"671" 2021 175964 14.95694
"672" 2021 175403 13.155225
"673" 2021 180140 12.6098
"674" 2021 176907 10.61442
"675" 2021 181785 10.9071
"676" 2021 185592 12.06348
"677" 2021 190637 12.391405
"678" 2021 191484 13.40388
"679" 2021 192004 15.36032
"680" 2021 188438 17.90161
"681" 2021 191715 23.964375
"682" 2021 193570 27.0998
"683" 2021 199394 35.89092
"684" 2021 206527 45.43594
"685" 2021 212171 50.92104
"686" 2021 220073 58.319345
"687" 2021 227053 60.169045
"688" 2021 223141 61.363775
"689" 2021 222345 64.48005
"690" 2021 217581 64.186395
"691" 2021 217366 65.2098
"692" 2021 218668 68.88042
"693" 2021 225920 73.424
"694" 2021 226583 78.171135
"695" 2021 229437 82.59732
"696" 2021 232334 87.12525
"697" 2021 233373 93.3492
"698" 2021 225767 94.82214
"699" 2021 223130 101.52415
"700" 2021 222511 104.58017
"701" 2021 221708 114.17962
"702" 2021 216405 119.02275
"703" 2021 212811 121.30227
"704" 2021 206720 127.1328
"705" 2021 207274 138.87358
"706" 2021 210876 153.93948
"707" 2021 213550 168.7045
"708" 2021 206262 185.6358
"709" 2021 206100 209.1915
"710" 2021 203073 227.44176
"711" 2021 204503 247.44863
"712" 2021 205701 274.610835
"713" 2021 214822 320.08478
"714" 2021 221788 361.51444
"715" 2021 239467 431.0406
"716" 2021 250796 497.83006
"717" 2021 261085 591.357525
"718" 2021 266184 674.77644
"719" 2021 254782 705.74614
"720" 2021 251614 785.03568
"721" 2021 252466 883.631
"722" 2021 255486 979.78881
"723" 2021 259303 1099.44472
"724" 2021 254398 1200.75856
"725" 2021 248827 1301.36521
"726" 2021 245543 1429.06026
"727" 2021 237918 1523.86479
"728" 2021 234687 1656.89022
"729" 2021 227404 1769.20312
"730" 2021 221404 1863.11466
"731" 2021 216248 1990.56284
"732" 2021 209603 2126.422435
"733" 2021 205025 2261.42575
"734" 2021 200160 2400.9192
"735" 2021 198911 2610.706875
"736" 2021 190079 2757.095895
"737" 2021 189248 3050.67776
"738" 2021 189136 3348.65288
"739" 2021 192126 3733.96881
"740" 2021 198904 4316.2168
"741" 2021 201622 4873.20374
"742" 2021 140597 3771.514525
"743" 2021 143353 4276.936755
"744" 2021 132521 4402.34762
"745" 2021 118606 4452.46924
"746" 2021 108983 4665.017315
"747" 2021 107048 5187.01084
"748" 2021 98199 5397.01704
"749" 2021 90976 5672.80848
"750" 2021 79679 5610.596785
"751" 2021 73221 5910.39912
"752" 2021 65612 6050.73864
"753" 2021 58402 6079.06418
"754" 2021 50597 5949.70123
"755" 2021 45191 5983.74031
"756" 2021 37611.98 5601.9283012
"757" 2021 31883.25 5310.7929525
"758" 2021 25369.52 4733.6987368
"759" 2021 20376.11 4228.14470555
"760" 2021 15572.62 3544.4840382
"761" 2021 11886.09 2968.1943948
"762" 2021 8781.55 2401.6661095
"763" 2021 6367.02 1897.1809494
"764" 2021 4499.95 1453.23635275
"765" 2021 2968.94 1033.5919269
"766" 2021 1915.49 714.96621995
"767" 2021 1190.9 473.9960635
"768" 2021 611.67 258.20731545
"769" 2021 335.87 149.58474255
"770" 2021 196.83 92.018025
"771" 2021 102.91 50.25764215
"772" 2021 51.15 25.9755045
"773" 2021 25.85 13.59257625
"774" 2021 11.37 6.16612155
"775" 2021 4.5 2.50785
"776" 2021 1.37 1.0716277
"777" 2021 0.63 0.63
