"year" "population" "expected"
"1" 2015 199275 815.699
"2" 2015 197591 46.7632033333333
"3" 2015 237780 38.0448
"4" 2015 201100 26.4781666666667
"5" 2015 169380 20.8902
"6" 2015 195576 21.51336
"7" 2015 199553 21.6182416666667
"8" 2015 206252 22.68772
"9" 2015 207012 19.32112
"10" 2015 208419 20.8419
"11" 2015 218606 25.8683766666667
"12" 2015 227519 25.7854866666667
"13" 2015 246372 30.7965
"14" 2015 256965 42.8275
"15" 2015 305900 63.7291666666667
"16" 2015 282694 67.3754033333333
"17" 2015 267134 76.13319
"18" 2015 322664 121.536773333333
"19" 2015 321678 139.3938
"20" 2015 323631 137.543175
"21" 2015 321370 142.474033333333
"22" 2015 324902 148.913416666667
"23" 2015 318462 143.3079
"24" 2015 316596 138.77458
"25" 2015 332553 146.32332
"26" 2015 308168 139.189213333333
"27" 2015 338519 159.668128333333
"28" 2015 307113 152.020935
"29" 2015 300357 154.683855
"30" 2015 339080 193.2756
"31" 2015 366438 234.52032
"32" 2015 378990 260.87145
"33" 2015 401126 314.88391
"34" 2015 411805 356.897666666667
"35" 2015 407133 359.63415
"36" 2015 415991 413.911045
"37" 2015 404546 453.765763333333
"38" 2015 385104 471.7524
"39" 2015 417643 581.219841666667
"40" 2015 360943 567.282081666667
"41" 2015 354656 604.68848
"42" 2015 353348 644.271186666667
"43" 2015 352555 717.449425
"44" 2015 362460 822.7842
"45" 2015 371639 907.418558333333
"46" 2015 372238 982.70832
"47" 2015 370855 1066.208125
"48" 2015 352494 1093.31889
"49" 2015 377344 1272.90709333333
"50" 2015 372173 1361.53289166667
"51" 2015 377751 1477.00641
"52" 2015 382915 1590.37363333333
"53" 2015 376283 1683.23928666667
"54" 2015 369769 1783.51914333333
"55" 2015 365434 1864.32245666667
"56" 2015 361224 1968.06876
"57" 2015 349083 2043.29916
"58" 2015 330790 2086.73358333333
"59" 2015 340908 2293.17448
"60" 2015 331830 2332.21185
"61" 2015 313006 2312.07098666667
"62" 2015 299950 2383.60266666667
"63" 2015 292388 2531.10545333333
"64" 2015 294743 2782.86515833333
"65" 2015 247287 2499.24728
"66" 2015 228183 2452.586945
"67" 2015 199584 2333.4696
"68" 2015 173972 2225.39183333333
"69" 2015 139862 1968.09144333333
"70" 2015 124280 1958.23853333333
"71" 2015 143470 2457.40198333333
"72" 2015 143945 2706.64581666667
"73" 2015 139162 2892.01829666667
"74" 2015 137755 3198.90069166667
"75" 2015 134359 3494.005795
"76" 2015 124988 3538.20196666667
"77" 2015 113837 3572.01533166667
"78" 2015 108401 3821.13525
"79" 2015 98800 3893.04933333333
"80" 2015 94364 4162.08149333333
"81" 2015 87134 4337.24007333333
"82" 2015 79764 4480.47682
"83" 2015 75667 4734.35807833333
"84" 2015 72842.63 5081.01625126667
"85" 2015 66528.64 5192.67123306667
"86" 2015 59146.14 5155.8676007
"87" 2015 51333.43 5004.4960907
"88" 2015 43811.15 4744.23641491667
"89" 2015 37700.63 4545.50212471667
"90" 2015 29408.94 3936.0435147
"91" 2015 23665.27 3462.30788523333
"92" 2015 17846.07 2839.4287108
"93" 2015 14776.85 2583.1411485
"94" 2015 11510.14 2205.47710896667
"95" 2015 7843.75 1634.8728125
"96" 2015 5335.27 1209.11445586667
"97" 2015 3837.62 941.8095123
"98" 2015 2851.9 755.373246666667
"99" 2015 1754.66 499.852918633333
"100" 2015 1210.37 369.525961
"101" 2015 820.75 267.5727075
"102" 2015 521.44 180.859725866667
"103" 2015 313.61 115.299761866667
"104" 2015 172.34 66.9147390333333
"105" 2015 95.19 38.88939855
"106" 2015 53.11 22.7485177833333
"107" 2015 27.31 12.2208608666667
"108" 2015 14.09 6.56450751666667
"109" 2015 6.73 3.25374188333333
"110" 2015 2.58 1.924723
"111" 2015 0.64 0.64
"112" 2016 201523 824.900813333333
"113" 2016 214239 50.70323
"114" 2016 197973 31.67568
"115" 2016 237636 31.28874
"116" 2016 201084 24.80036
"117" 2016 169399 18.63389
"118" 2016 195526 21.1819833333333
"119" 2016 199430 21.9373
"120" 2016 206148 19.24048
"121" 2016 207015 20.7015
"122" 2016 208448 24.6663466666667
"123" 2016 218658 24.78124
"124" 2016 227460 28.4325
"125" 2016 246278 41.0463333333333
"126" 2016 256963 53.5339583333333
"127" 2016 305984 72.9261866666667
"128" 2016 282667 80.560095
"129" 2016 266926 100.542126666667
"130" 2016 322617 139.8007
"131" 2016 321641 136.697425
"132" 2016 323431 143.387743333333
"133" 2016 321098 147.169916666667
"134" 2016 324667 146.10015
"135" 2016 318337 139.537718333333
"136" 2016 316430 139.2292
"137" 2016 332348 150.110513333333
"138" 2016 308011 145.278521666667
"139" 2016 338449 167.532255
"140" 2016 307124 158.16886
"141" 2016 300495 171.28215
"142" 2016 339255 217.1232
"143" 2016 366562 252.316843333333
"144" 2016 379126 297.61391
"145" 2016 401172 347.6824
"146" 2016 411809 363.764616666667
"147" 2016 406966 404.93117
"148" 2016 415773 466.358715
"149" 2016 404535 495.555375
"150" 2016 384667 535.328241666667
"151" 2016 417133 655.594031666667
"152" 2016 360544 614.72752
"153" 2016 354190 645.806433333333
"154" 2016 352741 717.827935
"155" 2016 351872 798.74944
"156" 2016 361685 883.114208333333
"157" 2016 370720 978.7008
"158" 2016 371195 1067.185625
"159" 2016 369814 1147.03975666667
"160" 2016 351410 1185.42306666667
"161" 2016 375985 1375.47845833333
"162" 2016 370822 1449.91402
"163" 2016 376358 1563.14022666667
"164" 2016 381378 1706.03092
"165" 2016 374686 1807.23547333333
"166" 2016 368073 1877.785755
"167" 2016 363637 1981.21558833333
"168" 2016 359182 2102.41197333333
"169" 2016 347045 2189.27554166667
"170" 2016 328805 2211.76163333333
"171" 2016 338677 2380.33484833333
"172" 2016 329551 2434.28338666667
"173" 2016 310775 2469.62533333333
"174" 2016 297535 2575.66131666667
"175" 2016 289728 2735.5152
"176" 2016 292084 2951.99562666667
"177" 2016 244977 2633.094455
"178" 2016 225649 2638.21289166667
"179" 2016 197067 2520.815375
"180" 2016 171575 2414.34620833333
"181" 2016 137746 2170.41780666667
"182" 2016 122225 2093.51054166667
"183" 2016 140802 2647.54694
"184" 2016 141040 2931.04626666667
"185" 2016 136109 3160.67782833333
"186" 2016 134324 3493.09562
"187" 2016 130664 3698.88006666667
"188" 2016 121156 3801.67335333333
"189" 2016 109793 3870.20325
"190" 2016 104238 4107.32466
"191" 2016 94708 4177.25418666667
"192" 2016 89865 4473.18015
"193" 2016 82520 4635.28593333333
"194" 2016 75089 4698.19358166667
"195" 2016 70654 4928.35201333333
"196" 2016 67510.34 5269.29455423333
"197" 2016 61116.91 5327.66290621667
"198" 2016 53848.53 5249.6931897
"199" 2016 46234.46 5006.65261596667
"200" 2016 39050.14 4708.21029623333
"201" 2016 33188.05 4441.83329858333
"202" 2016 25440 3721.9568
"203" 2016 20202.94 3214.42244026667
"204" 2016 14992.48 2620.8354288
"205" 2016 12196.09 2336.91313171667
"206" 2016 9364.62 1951.8677466
"207" 2016 6231.28 1412.17421546667
"208" 2016 4136.68 1015.2033222
"209" 2016 2910.12 770.793784
"210" 2016 2135.47 608.334898016667
"211" 2016 1300.02 396.896106
"212" 2016 850.64 277.3171464
"213" 2016 534.9 185.528282
"214" 2016 326.41 120.005724533333
"215" 2016 187.83 72.92906715
"216" 2016 98.7 40.3233915
"217" 2016 52.21 22.3630222833333
"218" 2016 27.44 12.2790341333333
"219" 2016 13.04 6.07531426666667
"220" 2016 6.06 2.9298181
"221" 2016 2.37 1.7680595
"222" 2016 0.33 0.33
"223" 2017 196873 805.866813333333
"224" 2017 216007 51.1216566666667
"225" 2017 214590 34.3344
"226" 2017 197963 26.0651283333333
"227" 2017 237630 29.3077
"228" 2017 201142 22.12562
"229" 2017 169367 18.3480916666667
"230" 2017 195401 21.49411
"231" 2017 199267 18.5982533333333
"232" 2017 206089 20.6089
"233" 2017 206976 24.49216
"234" 2017 208344 23.61232
"235" 2017 218583 27.322875
"236" 2017 227389 37.8981666666667
"237" 2017 246260 51.3041666666667
"238" 2017 257011 61.2542883333333
"239" 2017 305886 87.17751
"240" 2017 282424 106.379706666667
"241" 2017 266868 115.6428
"242" 2017 322587 137.099475
"243" 2017 321441 142.50551
"244" 2017 323185 148.126458333333
"245" 2017 320908 144.4086
"246" 2017 324507 142.242235
"247" 2017 318108 139.96752
"248" 2017 316230 142.83055
"249" 2017 332156 156.666913333333
"250" 2017 307919 152.419905
"251" 2017 338460 174.3069
"252" 2017 307272 175.14504
"253" 2017 300731 192.46784
"254" 2017 339442 233.649243333333
"255" 2017 366816 287.95056
"256" 2017 379219 328.656466666667
"257" 2017 401359 354.533783333333
"258" 2017 411784 409.72508
"259" 2017 406818 456.31419
"260" 2017 415896 509.4726
"261" 2017 404324 562.684233333333
"262" 2017 384350 604.070083333333
"263" 2017 416672 710.42576
"264" 2017 360097 656.576863333333
"265" 2017 353646 719.66961
"266" 2017 352128 799.33056
"267" 2017 351210 857.53775
"268" 2017 360912 952.80768
"269" 2017 369817 1063.223875
"270" 2017 370276 1148.47272666667
"271" 2017 368754 1243.93016
"272" 2017 350238 1281.28735
"273" 2017 374649 1464.87759
"274" 2017 369368 1534.10842666667
"275" 2017 374825 1676.71716666667
"276" 2017 379775 1831.78141666667
"277" 2017 373031 1903.07981833333
"278" 2017 366236 1995.37580666667
"279" 2017 361796 2117.71258666667
"280" 2017 357104 2252.73106666667
"281" 2017 344853 2319.71118
"282" 2017 326668 2295.93159333333
"283" 2017 336465 2485.3548
"284" 2017 327186 2600.03808
"285" 2017 308212 2668.08854666667
"286" 2017 295064 2785.89593333333
"287" 2017 287147 2902.09901333333
"288" 2017 289366 3110.20222333333
"289" 2017 242369 2833.69755833333
"290" 2017 222904 2851.31366666667
"291" 2017 194477 2736.61551833333
"292" 2017 169105 2664.53111666667
"293" 2017 135414 2319.41613
"294" 2017 120056 2257.45298666667
"295" 2017 137966 2867.16342333333
"296" 2017 137762 3199.06324333333
"297" 2017 132789 3453.177945
"298" 2017 130681 3699.36130833333
"299" 2017 126643 3973.84626833333
"300" 2017 117002 4124.3205
"301" 2017 105628 4162.09529333333
"302" 2017 99840 4403.6096
"303" 2017 90094 4484.57900666667
"304" 2017 85040 4776.83853333333
"305" 2017 77431 4844.72861833333
"306" 2017 69977 4881.12900666667
"307" 2017 65175 5087.017375
"308" 2017 61773.9 5384.9338195
"309" 2017 55467.76 5407.5519224
"310" 2017 48368.88 5237.7854004
"311" 2017 41002.02 4943.5452147
"312" 2017 34145.86 4570.02499263333
"313" 2017 28647.54 4191.2305938
"314" 2017 21645.83 3443.99585853333
"315" 2017 16833.88 2942.7305628
"316" 2017 12287.82 2354.4896699
"317" 2017 9843.53 2051.6869579
"318" 2017 7331.58 1661.5315368
"319" 2017 4797.95 1177.48889925
"320" 2017 3139.23 831.477386
"321" 2017 2133.39 607.74236495
"322" 2017 1539.33 469.957449
"323" 2017 890 290.1489
"324" 2017 553.36 191.931071466667
"325" 2017 335.13 123.2116616
"326" 2017 196.5 76.2953825
"327" 2017 108.18 44.1963981
"328" 2017 54.34 23.2753616333333
"329" 2017 27.58 12.3416822666667
"330" 2017 13.51 6.29428648333333
"331" 2017 5.71 2.76060418333333
"332" 2017 2.16 1.611396
"333" 2017 0.36 0.36
"334" 2018 183442 750.889253333333
"335" 2018 210181 49.7428366666667
"336" 2018 216300 34.608
"337" 2018 214516 28.2446066666667
"338" 2018 197960 24.4150666666667
"339" 2018 237687 26.14557
"340" 2018 201057 21.781175
"341" 2018 169223 18.61453
"342" 2018 195282 18.22632
"343" 2018 199183 19.9183
"344" 2018 206073 24.385305
"345" 2018 206875 23.4458333333333
"346" 2018 208263 26.032875
"347" 2018 218477 36.4128333333333
"348" 2018 227354 47.3654166666667
"349" 2018 246270 58.69435
"350" 2018 256917 73.221345
"351" 2018 305602 115.110086666667
"352" 2018 282430 122.386333333333
"353" 2018 266853 113.412525
"354" 2018 322388 142.925346666667
"355" 2018 321177 147.206125
"356" 2018 322978 145.3401
"357" 2018 320704 140.575253333333
"358" 2018 324297 142.69068
"359" 2018 317902 143.585736666667
"360" 2018 315980 149.037233333333
"361" 2018 331978 164.32911
"362" 2018 307932 158.58498
"363" 2018 338418 192.89826
"364" 2018 307354 196.70656
"365" 2018 300784 207.039653333333
"366" 2018 339409 266.436065
"367" 2018 366739 317.840466666667
"368" 2018 379149 334.91495
"369" 2018 401378 399.37111
"370" 2018 411575 461.649958333333
"371" 2018 406846 498.38635
"372" 2018 415688 578.499133333333
"373" 2018 404052 635.03506
"374" 2018 383923 654.588715
"375" 2018 416222 758.911446666667
"376" 2018 359566 731.71681
"377" 2018 353036 801.39172
"378" 2018 351344 857.864933333333
"379" 2018 350463 925.22232
"380" 2018 359979 1034.939625
"381" 2018 368893 1144.18312166667
"382" 2018 369178 1245.36045333333
"383" 2018 367629 1344.909425
"384" 2018 349016 1364.65256
"385" 2018 373296 1550.42272
"386" 2018 368010 1646.2314
"387" 2018 373296 1800.53104
"388" 2018 378033 1928.598355
"389" 2018 371201 2022.42678166667
"390" 2018 364325 2132.51566666667
"391" 2018 359658 2268.84255
"392" 2018 355037 2388.21555333333
"393" 2018 342631 2408.12487833333
"394" 2018 324543 2397.29096
"395" 2018 334233 2656.03824
"396" 2018 324775 2811.46891666667
"397" 2018 305710 2886.41191666667
"398" 2018 292544 2956.64469333333
"399" 2018 284508 3057.98682
"400" 2018 286374 3348.18935
"401" 2018 239545 3064.17979166667
"402" 2018 220124 3097.51155333333
"403" 2018 191605 3019.05611666667
"404" 2018 166464 2851.25088
"405" 2018 132907 2499.09462333333
"406" 2018 117648 2444.92152
"407" 2018 135026 3135.52876333333
"408" 2018 134433 3495.930165
"409" 2018 129230 3658.28591666667
"410" 2018 126792 3978.52164
"411" 2018 122428 4315.587
"412" 2018 112701 4440.79507
"413" 2018 101239 4465.31482666667
"414" 2018 95178 4737.64358
"415" 2018 85506 4803.01453
"416" 2018 80145 5014.539075
"417" 2018 72456 5054.04752
"418" 2018 64947 5069.221595
"419" 2018 60099 5238.929995
"420" 2018 56217.89 5480.6820961
"421" 2018 50041.27 5418.88572618333
"422" 2018 43073.46 5193.2952831
"423" 2018 35924.19 4808.03371595
"424" 2018 29446.05 4308.0552685
"425" 2018 24330.85 3871.20044066667
"426" 2018 18090.65 3162.4265265
"427" 2018 13801.08 2644.4479406
"428" 2018 9866.77 2056.5308711
"429" 2018 7747.15 1755.71078066667
"430" 2018 5677.41 1393.32157515
"431" 2018 3619.18 958.600142666667
"432" 2018 2313.18 658.9594419
"433" 2018 1559.33 476.063449
"434" 2018 1081.52 352.5863352
"435" 2018 589.46 204.452236133333
"436" 2018 355.65 130.755908
"437" 2018 208.91 81.1138338833333
"438" 2018 118.66 48.4779497
"439" 2018 63.16 27.0532175333333
"440" 2018 30.46 13.6304438666667
"441" 2018 14.89 6.93722618333334
"442" 2018 6.74 3.25857656666667
"443" 2018 2.34 1.745679
"444" 2018 0.66 0.66
"445" 2019 170572 698.208053333333
"446" 2019 197260 46.6848666666667
"447" 2019 210485 33.6776
"448" 2019 216231 28.470415
"449" 2019 214431 26.44649
"450" 2019 197941 21.77351
"451" 2019 237529 25.7323083333333
"452" 2019 200824 22.09064
"453" 2019 169089 15.78164
"454" 2019 195197 19.5197
"455" 2019 199125 23.563125
"456" 2019 206028 23.34984
"457" 2019 206825 25.853125
"458" 2019 208215 34.7025
"459" 2019 218475 45.515625
"460" 2019 227396 54.1960466666667
"461" 2019 246180 70.1613
"462" 2019 256717 96.6967366666667
"463" 2019 305561 132.409766666667
"464" 2019 282411 120.024675
"465" 2019 266753 118.260496666667
"466" 2019 322175 147.663541666667
"467" 2019 320937 144.42165
"468" 2019 322767 141.479535
"469" 2019 320477 141.00988
"470" 2019 324083 146.377488333333
"471" 2019 317688 149.84284
"472" 2019 315859 156.350205
"473" 2019 331898 170.92747
"474" 2019 307863 175.48191
"475" 2019 338421 216.58944
"476" 2019 307404 211.59642
"477" 2019 300863 236.177455
"478" 2019 339483 294.2186
"479" 2019 366767 323.977516666667
"480" 2019 379058 377.16271
"481" 2019 401276 450.097913333333
"482" 2019 411600 504.21
"483" 2019 406694 565.982483333333
"484" 2019 415274 652.672303333333
"485" 2019 403648 688.21984
"486" 2019 383391 699.04959
"487" 2019 415622 845.79077
"488" 2019 358970 814.8619
"489" 2019 352417 860.484841666667
"490" 2019 350600 925.584
"491" 2019 349664 1005.284
"492" 2019 359081 1113.74956833333
"493" 2019 367831 1240.81657333333
"494" 2019 368074 1346.53738333333
"495" 2019 366461 1432.86251
"496" 2019 347785 1444.46703333333
"497" 2019 371843 1663.37768666667
"498" 2019 366491 1767.70825666667
"499" 2019 371614 1895.85075666667
"500" 2019 376257 2049.973555
"501" 2019 369355 2161.95793333333
"502" 2019 362390 2286.07691666667
"503" 2019 357568 2405.24074666667
"504" 2019 352721 2479.04076166667
"505" 2019 340459 2514.85714666667
"506" 2019 322227 2560.63056
"507" 2019 331739 2871.75394333333
"508" 2019 322268 3042.74703333333
"509" 2019 303107 3063.40141333333
"510" 2019 290064 3117.70456
"511" 2019 281714 3293.70618333333
"512" 2019 283146 3621.90925
"513" 2019 236524 3328.28688666667
"514" 2019 217128 3421.21352
"515" 2019 188624 3230.81474666667
"516" 2019 163682 3077.76720666667
"517" 2019 130361 2709.11884833333
"518" 2019 115094 2672.67450333333
"519" 2019 131793 3427.276965
"520" 2019 130980 3707.8255
"521" 2019 125531 3938.95356166667
"522" 2019 122657 4323.65925
"523" 2019 118131 4654.75517
"524" 2019 108186 4771.72384
"525" 2019 96615 4809.17265
"526" 2019 90310 5072.86321666667
"527" 2019 80748 5052.26778
"528" 2019 75140 5241.26546666667
"529" 2019 67241 5248.27211833333
"530" 2019 59830 5215.48081666667
"531" 2019 54914 5353.56586
"532" 2019 50715.01 5491.84390788333
"533" 2019 44611.41 5378.72335135
"534" 2019 38002.77 5086.22739885
"535" 2019 31228.72 4568.86583173333
"536" 2019 25271.32 4020.83548746667
"537" 2019 20572.52 3596.2822212
"538" 2019 15015.97 2877.23503831667
"539" 2019 11225.2 2339.668436
"540" 2019 7823.58 1773.0318568
"541" 2019 6024.25 1478.44131375
"542" 2019 4326.97 1146.07012066667
"543" 2019 2680.65 763.64123325
"544" 2019 1678.68 512.501004
"545" 2019 1091.22 355.7486322
"546" 2019 710.83 246.549016066667
"547" 2019 374.05 137.520729333333
"548" 2019 217.2 84.332606
"549" 2019 122.48 50.0385916
"550" 2019 66.51 28.48811745
"551" 2019 33.57 15.0221274
"552" 2019 15.13 7.04904178333333
"553" 2019 6.92 3.34560086666667
"554" 2019 2.57 1.91726283333333
"555" 2019 0.3 0.3
"556" 2020 168211 688.543693333333
"557" 2020 183215 43.3608833333333
"558" 2020 197667 31.62672
"559" 2020 210503 27.7162283333333
"560" 2020 216205 26.6652833333333
"561" 2020 214439 23.58829
"562" 2020 197799 21.428225
"563" 2020 237288 26.10168
"564" 2020 200725 18.7343333333333
"565" 2020 169071 16.9071
"566" 2020 195206 23.0993766666667
"567" 2020 199082 22.5626266666667
"568" 2020 205973 25.746625
"569" 2020 206751 34.4585
"570" 2020 208216 43.3783333333333
"571" 2020 218524 52.0815533333333
"572" 2020 227337 64.791045
"573" 2020 245995 92.6581166666667
"574" 2020 256704 111.2384
"575" 2020 305581 129.871925
"576" 2020 282248 125.129946666667
"577" 2020 266558 122.172416666667
"578" 2020 321943 144.87435
"579" 2020 320796 140.61558
"580" 2020 322560 141.9264
"581" 2020 320321 144.678318333333
"582" 2020 323947 152.795001666667
"583" 2020 317568 157.19616
"584" 2020 315747 162.609705
"585" 2020 331871 189.16647
"586" 2020 307848 197.02272
"587" 2020 338438 232.958156666667
"588" 2020 307431 241.333335
"589" 2020 300904 260.783466666667
"590" 2020 339511 299.901383333333
"591" 2020 366742 364.90829
"592" 2020 379001 425.112788333333
"593" 2020 401287 491.576575
"594" 2020 411523 572.702841666667
"595" 2020 406392 638.71276
"596" 2020 414901 707.406205
"597" 2020 403132 735.044013333333
"598" 2020 382931 779.264585
"599" 2020 414904 941.83208
"600" 2020 358420 875.142166666667
"601" 2020 351659 928.37976
"602" 2020 349872 1005.882
"603" 2020 348823 1081.93267166667
"604" 2020 358213 1208.37185333333
"605" 2020 366761 1341.73399166667
"606" 2020 366966 1434.83706
"607" 2020 365147 1516.57720666667
"608" 2020 346620 1550.5468
"609" 2020 370467 1786.88583
"610" 2020 364946 1861.83284333333
"611" 2020 370010 2015.93781666667
"612" 2020 374547 2192.34844
"613" 2020 367434 2317.89615
"614" 2020 360320 2423.75253333333
"615" 2020 355274 2496.98409666667
"616" 2020 350537 2589.29997333333
"617" 2020 338221 2687.72954666667
"618" 2020 320007 2770.19393
"619" 2020 329071 3106.97869166667
"620" 2020 319683 3230.92952
"621" 2020 300439 3229.21851833333
"622" 2020 287331 3359.378275
"623" 2020 278617 3563.97579166667
"624" 2020 279717 3936.084385
"625" 2020 233413 3677.81083666667
"626" 2020 213814 3662.27746333333
"627" 2020 185485 3487.73628333333
"628" 2020 160781 3341.29714833333
"629" 2020 127696 2965.31394666667
"630" 2020 112390 2922.70195
"631" 2020 128446 3636.09218333333
"632" 2020 127340 3995.71696666667
"633" 2020 121744 4291.476
"634" 2020 118470 4668.1129
"635" 2020 113634 5012.01696
"636" 2020 103638 5158.75418
"637" 2020 92010 5168.35505
"638" 2020 85271 5335.26435166667
"639" 2020 75821 5288.76748666667
"640" 2020 69875 5453.86020833333
"641" 2020 62062 5410.04797666667
"642" 2020 54631 5325.97619
"643" 2020 49578 5368.71899
"644" 2020 45389.27 5472.50863511667
"645" 2020 39360.33 5267.92096665
"646" 2020 32907.57 4814.4871829
"647" 2020 26730.5 4253.00075333333
"648" 2020 21349.46 3732.0991026
"649" 2020 17063.08 3269.48519726667
"650" 2020 12170.09 2536.6118587
"651" 2020 8884.96 2013.56886826667
"652" 2020 6098.04 1496.5504866
"653" 2020 4624.26 1224.812332
"654" 2020 3235.56 921.7193698
"655" 2020 1958.63 597.969739
"656" 2020 1184.76 386.2436076
"657" 2020 732.64 254.113741866667
"658" 2020 464.6 170.811738666667
"659" 2020 238.42 92.5717307666667
"660" 2020 134.74 55.0473533
"661" 2020 73.86 31.6363307
"662" 2020 38.83 17.3759072666667
"663" 2020 18.75 8.73559375
"664" 2020 7.89 3.81456515
"665" 2020 3.38 2.52153633333333
"666" 2020 0.81 0.81
"667" 2021 157307 643.909986666667
"668" 2021 177373 41.9782766666667
"669" 2021 183276 29.32416
"670" 2021 197323 25.9808616666667
"671" 2021 210023 25.9028366666667
"672" 2021 215813 23.73943
"673" 2021 213958 23.1787833333333
"674" 2021 197348 21.70828
"675" 2021 236734 22.0951733333333
"676" 2021 200333 20.0333
"677" 2021 168677 19.9601116666667
"678" 2021 194799 22.07722
"679" 2021 198612 24.8265
"680" 2021 205500 34.25
"681" 2021 206320 42.9833333333333
"682" 2021 207797 49.5249516666667
"683" 2021 218036 62.14026
"684" 2021 226738 85.4046466666667
"685" 2021 245495 106.381166666667
"686" 2021 256360 108.953
"687" 2021 305090 135.256566666667
"688" 2021 281779 129.148708333333
"689" 2021 266146 119.7657
"690" 2021 321515 140.930741666667
"691" 2021 320353 140.95532
"692" 2021 322040 145.454733333333
"693" 2021 319760 150.820133333333
"694" 2021 323461 160.113195
"695" 2021 317121 163.317315
"696" 2021 315231 179.68167
"697" 2021 331325 212.048
"698" 2021 307405 211.597108333333
"699" 2021 337865 265.224025
"700" 2021 306949 266.022466666667
"701" 2021 300399 265.35245
"702" 2021 338830 337.13585
"703" 2021 366058 410.595056666667
"704" 2021 378305 463.423625
"705" 2021 400512 557.3792
"706" 2021 410569 645.277611666667
"707" 2021 405412 691.22746
"708" 2021 413861 754.606556666667
"709" 2021 401958 817.98453
"710" 2021 381781 866.64287
"711" 2021 413597 1009.86600833333
"712" 2021 357216 943.05024
"713" 2021 350440 1007.515
"714" 2021 348506 1080.94944333333
"715" 2021 347451 1172.06804
"716" 2021 356604 1304.5763
"717" 2021 365204 1427.94764
"718" 2021 365171 1516.67688666667
"719" 2021 363228 1624.83992
"720" 2021 344723 1662.71393666667
"721" 2021 368317 1879.03056166667
"722" 2021 362854 1976.94954333333
"723" 2021 367622 2151.81410666667
"724" 2021 372057 2347.059575
"725" 2021 364789 2453.81400666667
"726" 2021 357510 2512.69945
"727" 2021 352304 2602.35221333333
"728" 2021 347427 2760.88656
"729" 2021 335052 2900.43348
"730" 2021 316838 2991.47878333333
"731" 2021 325464 3289.35616
"732" 2021 315908 3395.48448666667
"733" 2021 296709 3469.022725
"734" 2021 283456 3625.87466666667
"735" 2021 274583 3863.84044833333
"736" 2021 275183 4335.96680333333
"737" 2021 229401 3929.256795
"738" 2021 209764 3944.26241333333
"739" 2021 181576 3773.45190666667
"740" 2021 157138 3649.00625666667
"741" 2021 124470 3236.84235
"742" 2021 109223 3091.92109166667
"743" 2021 124620 3910.3679
"744" 2021 123333 4347.48825
"745" 2021 117476 4628.94598666667
"746" 2021 113841 5021.14704
"747" 2021 108725 5411.96808333333
"748" 2021 98729 5545.77247833333
"749" 2021 87027 5445.134345
"750" 2021 80212 5595.05437333333
"751" 2021 70730 5520.59438333333
"752" 2021 64652 5635.82259333333
"753" 2021 56798 5537.23702
"754" 2021 49562 5366.98637666667
"755" 2021 44468 5361.43264666667
"756" 2021 40268.97 5389.53182985
"757" 2021 34388.52 5031.1551044
"758" 2021 28451.37 4526.8026428
"759" 2021 22782.48 3982.6053288
"760" 2021 17833.64 3417.13348313333
"761" 2021 14010.83 2920.2772969
"762" 2021 9769.11 2213.9408356
"763" 2021 7023.65 1723.70906475
"764" 2021 4758.56 1260.38392533333
"765" 2021 3527.11 1004.77370421667
"766" 2021 2425.95 740.642535
"767" 2021 1407.25 458.7775725
"768" 2021 807.08 279.933007733333
"769" 2021 478.39 175.881678133333
"770" 2021 293.36 113.903376133333
"771" 2021 145.91 59.61080095
"772" 2021 79.38 34.0007031
"773" 2021 41.69 18.6557191333333
"774" 2021 20.75 9.66739041666667
"775" 2021 9.2 4.44790866666667
"776" 2021 3.25 2.42455416666667
"777" 2021 1.11 1.11
