"year" "population" "expected"
"1" 2015 57670 115.724466666667
"2" 2015 58804 11.2707666666667
"3" 2015 60419 6.948185
"4" 2015 60983 4.77700166666667
"5" 2015 62260 3.52806666666667
"6" 2015 61875 3.7125
"7" 2015 61272 3.77844
"8" 2015 60621 3.03105
"9" 2015 60891 3.04455
"10" 2015 59514 2.67813
"11" 2015 59692 3.58152
"12" 2015 58560 4.1968
"13" 2015 57497 4.21644666666667
"14" 2015 57921 7.52973
"15" 2015 58629 10.55322
"16" 2015 59307 14.134835
"17" 2015 58659 18.37982
"18" 2015 60918 25.68709
"19" 2015 62655 32.685025
"20" 2015 65043 34.6896
"21" 2015 67100 38.6943333333333
"22" 2015 66958 41.0675733333333
"23" 2015 69451 38.3138016666667
"24" 2015 68819 37.9651483333333
"25" 2015 69758 41.15722
"26" 2015 68373 39.88425
"27" 2015 68998 41.74379
"28" 2015 65946 39.01805
"29" 2015 67013 38.6441633333333
"30" 2015 69235 45.2335333333333
"31" 2015 71482 49.7991266666667
"32" 2015 73130 51.0691166666667
"33" 2015 72412 48.6367266666667
"34" 2015 69462 46.53954
"35" 2015 68901 49.37905
"36" 2015 68481 54.55653
"37" 2015 68702 59.77074
"38" 2015 69352 62.1856266666667
"39" 2015 69641 65.810745
"40" 2015 68253 68.253
"41" 2015 65153 69.387945
"42" 2015 59381 68.3871183333333
"43" 2015 61375 79.5829166666667
"44" 2015 63362 91.6636933333333
"45" 2015 65408 92.4433066666667
"46" 2015 66773 95.5966783333333
"47" 2015 71449 117.652686666667
"48" 2015 73309 140.75328
"49" 2015 73789 162.827726666667
"50" 2015 73997 180.059366666667
"51" 2015 75413 195.31967
"52" 2015 76087 216.340703333333
"53" 2015 75156 237.49296
"54" 2015 74706 257.48668
"55" 2015 74223 275.491035
"56" 2015 73784 299.440066666667
"57" 2015 71329 314.798653333333
"58" 2015 74333 356.302846666667
"59" 2015 76138 419.266586666667
"60" 2015 75313 458.279605
"61" 2015 75229 500.022086666667
"62" 2015 74106 543.07347
"63" 2015 76436 607.6662
"64" 2015 73498 640.16758
"65" 2015 75961 731.884235
"66" 2015 77868 823.97322
"67" 2015 78810 876.6299
"68" 2015 77925 939.256
"69" 2015 75358 1006.53168666667
"70" 2015 66653 967.690471666667
"71" 2015 52905 844.451975
"72" 2015 49926 871.54154
"73" 2015 39539 752.624865
"74" 2015 56795 1174.70991666667
"75" 2015 39708 909.71028
"76" 2015 45259 1148.74885166667
"77" 2015 42862 1211.20868333333
"78" 2015 39244 1230.43021333333
"79" 2015 36089 1269.91176166667
"80" 2015 34970 1418.61633333333
"81" 2015 31938 1445.56711
"82" 2015 28873 1460.9738
"83" 2015 28790 1627.2108
"84" 2015 27596 1773.41094666667
"85" 2015 26271 1935.90999
"86" 2015 23524 1980.21111333333
"87" 2015 21068 2024.6348
"88" 2015 17765 1902.39463333333
"89" 2015 15349 1845.947485
"90" 2015 13419 1844.93358
"91" 2015 10671 1658.94923
"92" 2015 8897 1549.39772166667
"93" 2015 6743 1308.69267833333
"94" 2015 5313 1136.69864
"95" 2015 3910 919.2019
"96" 2015 2276 587.31042
"97" 2015 1866 526.68161
"98" 2015 1239 380.556785
"99" 2015 814 270.62651
"100" 2015 527 188.619448333333
"101" 2015 322 123.384496666667
"102" 2015 204 83.22724
"103" 2015 117 50.54634
"104" 2015 48 21.84312
"105" 2015 24 11.4458
"106" 2015 16 7.95824
"107" 2015 8 4.13122666666667
"108" 2015 1 0.533888333333333
"109" 2015 1 0.549826666666667
"110" 2015 0 0
"111" 2015 1 1
"112" 2016 55560 111.4904
"113" 2016 58008 11.1182
"114" 2016 59050 6.79075
"115" 2016 60615 4.748175
"116" 2016 61145 3.46488333333333
"117" 2016 62436 3.74616
"118" 2016 62095 3.82919166666667
"119" 2016 61437 3.07185
"120" 2016 60772 3.0386
"121" 2016 60978 2.74401
"122" 2016 59678 3.58068
"123" 2016 59845 4.28889166666667
"124" 2016 58703 4.30488666666667
"125" 2016 57656 7.49528
"126" 2016 58045 10.4481
"127" 2016 58777 14.0085183333333
"128" 2016 59444 18.6257866666667
"129" 2016 58816 24.8007466666667
"130" 2016 61306 31.9812966666667
"131" 2016 62828 33.5082666666667
"132" 2016 65197 37.5969366666667
"133" 2016 67329 41.29512
"134" 2016 67315 37.1354416666667
"135" 2016 69996 38.61446
"136" 2016 69379 40.93361
"137" 2016 70355 41.0404166666667
"138" 2016 68937 41.706885
"139" 2016 69477 41.107225
"140" 2016 66322 38.2456866666667
"141" 2016 67437 44.05884
"142" 2016 69575 48.4705833333333
"143" 2016 71730 50.09145
"144" 2016 73330 49.2533166666667
"145" 2016 72673 48.69091
"146" 2016 69624 49.8972
"147" 2016 69112 55.0592266666667
"148" 2016 68591 59.67417
"149" 2016 68835 61.72205
"150" 2016 69454 65.63403
"151" 2016 69824 69.824
"152" 2016 68370 72.81405
"153" 2016 65230 75.1232166666667
"154" 2016 59454 77.09202
"155" 2016 61463 88.9164733333333
"156" 2016 63362 89.5516266666667
"157" 2016 65398 93.6281366666667
"158" 2016 66708 109.84584
"159" 2016 71400 137.088
"160" 2016 73195 161.516966666667
"161" 2016 73668 179.2588
"162" 2016 73874 191.33366
"163" 2016 75258 213.98358
"164" 2016 75911 239.87876
"165" 2016 74940 258.2932
"166" 2016 74518 276.585976666667
"167" 2016 73985 300.255791666667
"168" 2016 73461 324.20788
"169" 2016 71006 340.355426666667
"170" 2016 73945 407.190466666667
"171" 2016 75713 460.713605
"172" 2016 74867 497.615993333333
"173" 2016 74719 547.565738333333
"174" 2016 73535 584.60325
"175" 2016 75774 659.99154
"176" 2016 72765 701.090775
"177" 2016 75174 795.46621
"178" 2016 76975 856.218583333333
"179" 2016 77913 939.11136
"180" 2016 76912 1027.28794666667
"181" 2016 74289 1078.552465
"182" 2016 65680 1048.36226666667
"183" 2016 52042 908.479846666667
"184" 2016 49052 933.70482
"185" 2016 38787 802.24445
"186" 2016 55604 1273.88764
"187" 2016 38771 984.072598333333
"188" 2016 44103 1246.277275
"189" 2016 41592 1304.04784
"190" 2016 37987 1336.69921833333
"191" 2016 34741 1409.32656666667
"192" 2016 33547 1518.39313166667
"193" 2016 30519 1544.2614
"194" 2016 27376 1547.29152
"195" 2016 27078 1740.12254
"196" 2016 25715 1894.93835
"197" 2016 24237 2040.230265
"198" 2016 21381 2054.7141
"199" 2016 18909 2024.90178
"200" 2016 15770 1896.57905
"201" 2016 13409 1843.55871333333
"202" 2016 11494 1786.89555333333
"203" 2016 8989 1565.41936833333
"204" 2016 7365 1429.411475
"205" 2016 5401 1155.52594666667
"206" 2016 4136 972.33224
"207" 2016 2925 754.781625
"208" 2016 1684 475.311806666667
"209" 2016 1345 413.114508333333
"210" 2016 863 286.917295
"211" 2016 545 195.061858333333
"212" 2016 332 127.216313333333
"213" 2016 185 75.4756833333333
"214" 2016 120 51.8424
"215" 2016 68 30.94442
"216" 2016 28 13.3534333333333
"217" 2016 11 5.47129
"218" 2016 6 3.09842
"219" 2016 5 2.66944166666667
"220" 2016 0 0
"221" 2016 1 0.778705
"222" 2016 0 0
"223" 2017 53155 106.664366666667
"224" 2017 55856 10.7057333333333
"225" 2017 58331 6.708065
"226" 2017 59315 4.64634166666667
"227" 2017 60880 3.44986666666667
"228" 2017 61373 3.68238
"229" 2017 62645 3.86310833333333
"230" 2017 62280 3.114
"231" 2017 61616 3.0808
"232" 2017 60983 2.744235
"233" 2017 61176 3.67056
"234" 2017 59882 4.29154333333333
"235" 2017 59999 4.39992666666667
"236" 2017 58865 7.65245
"237" 2017 57822 10.40796
"238" 2017 58325 13.9007916666667
"239" 2017 59168 18.5393066666667
"240" 2017 60234 25.39867
"241" 2017 59423 30.9989983333333
"242" 2017 61514 32.8074666666667
"243" 2017 63075 36.37325
"244" 2017 65484 40.16352
"245" 2017 67783 37.3936216666667
"246" 2017 67980 37.5023
"247" 2017 70718 41.72362
"248" 2017 70095 40.88875
"249" 2017 71057 42.989485
"250" 2017 69658 41.2143166666667
"251" 2017 70100 40.4243333333333
"252" 2017 66929 43.7269466666667
"253" 2017 67901 47.3043633333333
"254" 2017 70023 48.899395
"255" 2017 72118 48.4392566666667
"256" 2017 73581 49.29927
"257" 2017 72940 52.2736666666667
"258" 2017 69884 55.6742533333333
"259" 2017 69363 60.34581
"260" 2017 68789 61.6808033333333
"261" 2017 68942 65.15019
"262" 2017 69626 69.626
"263" 2017 69963 74.510595
"264" 2017 68459 78.8419483333333
"265" 2017 65306 84.6801133333333
"266" 2017 59516 86.0998133333333
"267" 2017 61502 86.9228266666667
"268" 2017 63347 90.6917883333333
"269" 2017 65334 107.58332
"270" 2017 66652 127.97184
"271" 2017 71385 157.5229
"272" 2017 73100 177.876666666667
"273" 2017 73504 190.37536
"274" 2017 73703 209.562196666667
"275" 2017 75078 237.24648
"276" 2017 75703 260.923006666667
"277" 2017 74747 277.435948333333
"278" 2017 74263 301.384008333333
"279" 2017 73717 325.337693333333
"280" 2017 73192 350.833653333333
"281" 2017 70705 389.348866666667
"282" 2017 73547 447.533495
"283" 2017 75236 500.068613333333
"284" 2017 74367 544.986165
"285" 2017 74143 589.43685
"286" 2017 72935 635.26385
"287" 2017 75030 722.91405
"288" 2017 72007 761.954071666667
"289" 2017 74298 826.44142
"290" 2017 76083 917.05376
"291" 2017 76947 1027.75543
"292" 2017 75884 1101.70920666667
"293" 2017 73221 1168.729195
"294" 2017 64609 1127.85777666667
"295" 2017 51109 972.859815
"296" 2017 48055 993.937583333333
"297" 2017 37921 868.77011
"298" 2017 54296 1378.12297333333
"299" 2017 37746 1066.63905
"300" 2017 42885 1344.5877
"301" 2017 40242 1416.04891
"302" 2017 36573 1483.6447
"303" 2017 33335 1508.79765833333
"304" 2017 31961 1617.2266
"305" 2017 29001 1639.13652
"306" 2017 25740 1654.1382
"307" 2017 25185 1855.88265
"308" 2017 23755 1999.65630833333
"309" 2017 22155 2129.0955
"310" 2017 19195 2055.52856666667
"311" 2017 16727 2011.672655
"312" 2017 13652 1876.96797333333
"313" 2017 11442 1778.81146
"314" 2017 9687 1686.974905
"315" 2017 7446 1445.13209
"316" 2017 5895 1261.2156
"317" 2017 4235 995.60615
"318" 2017 3084 795.81078
"319" 2017 2158 609.099096666667
"320" 2017 1157 355.370621666667
"321" 2017 907 301.545755
"322" 2017 570 204.00965
"323" 2017 361 138.328581666667
"324" 2017 209 85.2671233333333
"325" 2017 104 44.93008
"326" 2017 70 31.85455
"327" 2017 42 20.03015
"328" 2017 14 6.96346
"329" 2017 5 2.58201666666667
"330" 2017 2 1.06777666666667
"331" 2017 3 1.64948
"332" 2017 0 0
"333" 2017 1 1
"334" 2018 50588 101.513253333333
"335" 2018 53542 10.2622166666667
"336" 2018 56167 6.459205
"337" 2018 58598 4.59017666666667
"338" 2018 59615 3.37818333333333
"339" 2018 61137 3.66822
"340" 2018 61644 3.80138
"341" 2018 62914 3.1457
"342" 2018 62525 3.12625
"343" 2018 61844 2.78298
"344" 2018 61192 3.67152
"345" 2018 61417 4.40155166666667
"346" 2018 60058 4.40425333333333
"347" 2018 60180 7.8234
"348" 2018 59003 10.62054
"349" 2018 57980 13.8185666666667
"350" 2018 58504 18.3312533333333
"351" 2018 59353 25.0271816666667
"352" 2018 60635 31.6312583333333
"353" 2018 59583 31.7776
"354" 2018 61663 35.5589966666667
"355" 2018 63354 38.85712
"356" 2018 65939 36.3763483333333
"357" 2018 68253 37.652905
"358" 2018 68543 40.44037
"359" 2018 71222 41.5461666666667
"360" 2018 70675 42.758375
"361" 2018 71691 42.417175
"362" 2018 70202 40.4831533333333
"363" 2018 70535 46.0828666666667
"364" 2018 67315 46.8961166666667
"365" 2018 68282 47.6835966666667
"366" 2018 70431 47.306155
"367" 2018 72402 48.50934
"368" 2018 73839 52.91795
"369" 2018 73065 58.20845
"370" 2018 70040 60.9348
"371" 2018 69501 62.31923
"372" 2018 68857 65.069865
"373" 2018 69035 69.035
"374" 2018 69661 74.188965
"375" 2018 69965 80.5763583333333
"376" 2018 68429 88.7296033333333
"377" 2018 65261 94.4109133333333
"378" 2018 59498 84.0905066666667
"379" 2018 61433 87.9515783333333
"380" 2018 63308 104.247173333333
"381" 2018 65305 125.3856
"382" 2018 66580 146.919866666667
"383" 2018 71263 173.406633333333
"384" 2018 72886 188.77474
"385" 2018 73253 208.282696666667
"386" 2018 73454 232.11464
"387" 2018 74757 257.66246
"388" 2018 75406 279.881936666667
"389" 2018 74448 302.1348
"390" 2018 73940 326.321866666667
"391" 2018 73343 351.557446666667
"392" 2018 72808 400.929386666667
"393" 2018 70259 427.526015
"394" 2018 73065 485.6387
"395" 2018 74666 547.177336666667
"396" 2018 73766 586.4397
"397" 2018 73522 640.37662
"398" 2018 72213 695.772255
"399" 2018 74283 786.037945
"400" 2018 71273 792.793336666667
"401" 2018 73404 884.76288
"402" 2018 75153 1003.79357
"403" 2018 75888 1101.76728
"404" 2018 74819 1194.23593833333
"405" 2018 72028 1257.36878666667
"406" 2018 63500 1208.7225
"407" 2018 50120 1036.64866666667
"408" 2018 47050 1077.9155
"409" 2018 37069 940.873001666667
"410" 2018 52957 1496.47655833333
"411" 2018 36694 1150.47921333333
"412" 2018 41541 1461.758555
"413" 2018 38802 1574.0678
"414" 2018 35073 1587.462435
"415" 2018 31788 1608.4728
"416" 2018 30336 1714.59072
"417" 2018 27318 1755.54574
"418" 2018 24057 1772.76033
"419" 2018 23317 1962.78619833333
"420" 2018 21746 2089.7906
"421" 2018 20018 2143.66089333333
"422" 2018 17068 2052.68302
"423" 2018 14643 2013.21726
"424" 2018 11724 1822.65212
"425" 2018 9619 1675.13281833333
"426" 2018 7983 1549.353945
"427" 2018 6064 1297.37258666667
"428" 2018 4605 1082.58945
"429" 2018 3288 848.45196
"430" 2018 2246 633.937243333333
"431" 2018 1569 481.915735
"432" 2018 797 264.974605
"433" 2018 603 215.820735
"434" 2018 365 139.861308333333
"435" 2018 221 90.1628433333333
"436" 2018 128 55.29856
"437" 2018 64 29.12416
"438" 2018 35 16.6917916666667
"439" 2018 23 11.43997
"440" 2018 7 3.61482333333333
"441" 2018 2 1.06777666666667
"442" 2018 2 1.09965333333333
"443" 2018 2 1.55741
"444" 2018 0 0
"445" 2019 47663 95.6437533333333
"446" 2019 50934 9.76235
"447" 2019 53817 6.188955
"448" 2019 56444 4.42144666666667
"449" 2019 58828 3.33358666666667
"450" 2019 59868 3.59208
"451" 2019 61378 3.78497666666667
"452" 2019 61893 3.09465
"453" 2019 63132 3.1566
"454" 2019 62739 2.823255
"455" 2019 62026 3.72156
"456" 2019 61379 4.39882833333333
"457" 2019 61590 4.5166
"458" 2019 60193 7.82509
"459" 2019 60350 10.863
"460" 2019 59122 14.0907433333333
"461" 2019 58107 18.20686
"462" 2019 58628 24.7214733333333
"463" 2019 59600 31.0913333333333
"464" 2019 60710 32.3786666666667
"465" 2019 59640 34.3924
"466" 2019 61894 37.9616533333333
"467" 2019 63720 35.1522
"468" 2019 66388 36.6240466666667
"469" 2019 68734 40.55306
"470" 2019 69063 40.28675
"471" 2019 71766 43.41843
"472" 2019 71153 42.0988583333333
"473" 2019 72182 41.6249533333333
"474" 2019 70708 46.1958933333333
"475" 2019 70898 49.3922733333333
"476" 2019 67638 47.23387
"477" 2019 68548 46.0414066666667
"478" 2019 70664 47.34488
"479" 2019 72648 52.0644
"480" 2019 73972 58.9310266666667
"481" 2019 73161 63.65007
"482" 2019 70145 62.8966833333333
"483" 2019 69593 65.765385
"484" 2019 68880 68.88
"485" 2019 69052 73.54038
"486" 2019 69678 80.24583
"487" 2019 69956 90.7096133333333
"488" 2019 68421 98.98238
"489" 2019 65258 92.2313066666667
"490" 2019 59442 85.10113
"491" 2019 61378 101.069106666667
"492" 2019 63178 121.30176
"493" 2019 65147 143.757713333333
"494" 2019 66433 161.653633333333
"495" 2019 71078 184.09202
"496" 2019 72753 206.86103
"497" 2019 73031 230.77796
"498" 2019 73207 252.320126666667
"499" 2019 74480 276.444933333333
"500" 2019 75114 304.83765
"501" 2019 74138 327.195706666667
"502" 2019 73574 352.664706666667
"503" 2019 72991 401.937106666667
"504" 2019 72416 440.65136
"505" 2019 69831 464.14338
"506" 2019 72549 531.663255
"507" 2019 74158 589.5561
"508" 2019 73129 636.95359
"509" 2019 72894 702.33369
"510" 2019 71459 756.155318333333
"511" 2019 73497 817.53163
"512" 2019 70572 850.62784
"513" 2019 72530 968.759033333333
"514" 2019 74150 1076.53441666667
"515" 2019 74793 1193.820935
"516" 2019 73683 1286.25957
"517" 2019 70796 1347.60186
"518" 2019 62308 1288.73713333333
"519" 2019 49080 1124.4228
"520" 2019 45971 1166.82059833333
"521" 2019 36179 1022.35824166667
"522" 2019 51476 1613.94418666667
"523" 2019 35499 1249.150645
"524" 2019 40134 1628.1026
"525" 2019 37256 1686.26865333333
"526" 2019 33476 1693.8856
"527" 2019 30151 1704.13452
"528" 2019 28614 1838.83102
"529" 2019 25592 1885.87448
"530" 2019 22219 1870.35838833333
"531" 2019 21307 2047.6027
"532" 2019 19594 2098.25614666667
"533" 2019 17843 2145.888395
"534" 2019 15088 2074.39882666667
"535" 2019 12608 1960.08170666667
"536" 2019 9918 1727.20317
"537" 2019 7943 1541.59067833333
"538" 2019 6427 1375.03522666667
"539" 2019 4737 1113.62133
"540" 2019 3487 899.802915
"541" 2019 2361 666.396185
"542" 2019 1569 481.915735
"543" 2019 1078 358.39727
"544" 2019 533 190.766918333333
"545" 2019 389 149.057668333333
"546" 2019 214 87.3070066666667
"547" 2019 137 59.18674
"548" 2019 74 33.67481
"549" 2019 37 17.6456083333333
"550" 2019 19 9.45041
"551" 2019 12 6.19684
"552" 2019 6 3.20333
"553" 2019 1 0.549826666666667
"554" 2019 1 0.778705
"555" 2019 0 0
"556" 2020 45746 91.7969733333333
"557" 2020 48090 9.21725
"558" 2020 51271 5.896165
"559" 2020 54114 4.23893
"560" 2020 56703 3.21317
"561" 2020 59068 3.54408
"562" 2020 60087 3.705365
"563" 2020 61642 3.0821
"564" 2020 62121 3.10605
"565" 2020 63369 2.851605
"566" 2020 62943 3.77658
"567" 2020 62215 4.45874166666667
"568" 2020 61565 4.51476666666667
"569" 2020 61770 8.0301
"570" 2020 60332 10.85976
"571" 2020 60472 14.4124933333333
"572" 2020 59310 18.5838
"573" 2020 58239 24.557445
"574" 2020 58939 30.7465116666667
"575" 2020 59711 31.8458666666667
"576" 2020 60796 35.0590266666667
"577" 2020 59796 36.67488
"578" 2020 62211 34.319735
"579" 2020 64230 35.43355
"580" 2020 66911 39.47749
"581" 2020 69316 40.4343333333333
"582" 2020 69568 42.08864
"583" 2020 72329 42.7946583333333
"584" 2020 71682 41.33662
"585" 2020 72790 47.5561333333333
"586" 2020 71313 49.68139
"587" 2020 71434 49.8847433333333
"588" 2020 68069 45.7196783333333
"589" 2020 68967 46.20789
"590" 2020 70985 50.8725833333333
"591" 2020 72961 58.1255966666667
"592" 2020 74223 64.57401
"593" 2020 73437 65.84851
"594" 2020 70361 66.491145
"595" 2020 69800 69.8
"596" 2020 69056 73.54464
"597" 2020 69134 79.6193233333333
"598" 2020 69773 90.4723233333333
"599" 2020 69996 101.26088
"600" 2020 68516 96.8359466666667
"601" 2020 65276 93.4534733333333
"602" 2020 59488 97.9569066666667
"603" 2020 61407 117.90144
"604" 2020 63138 139.32452
"605" 2020 65064 158.3224
"606" 2020 66339 171.81801
"607" 2020 70970 201.791366666667
"608" 2020 72571 229.32436
"609" 2020 72862 251.131026666667
"610" 2020 73052 271.144673333333
"611" 2020 74260 301.371833333333
"612" 2020 74821 330.210013333333
"613" 2020 73880 354.131466666667
"614" 2020 73260 403.4184
"615" 2020 72650 442.07525
"616" 2020 72007 478.606526666667
"617" 2020 69453 508.974735
"618" 2020 72098 573.1791
"619" 2020 73585 640.92535
"620" 2020 72476 698.30626
"621" 2020 72173 763.710628333333
"622" 2020 70726 786.708873333333
"623" 2020 72730 876.638933333333
"624" 2020 69771 931.90799
"625" 2020 71560 1038.93193333333
"626" 2020 73079 1166.46263833333
"627" 2020 73689 1286.36431
"628" 2020 72408 1378.28628
"629" 2020 69492 1437.3262
"630" 2020 61063 1398.95333
"631" 2020 47990 1218.06618333333
"632" 2020 44814 1266.36895
"633" 2020 35182 1103.07297333333
"634" 2020 49918 1756.53122333333
"635" 2020 34273 1390.34136666667
"636" 2020 38583 1746.330885
"637" 2020 35637 1803.2322
"638" 2020 31858 1800.61416
"639" 2020 28475 1829.89841666667
"640" 2020 26843 1978.06067
"641" 2020 23816 2004.79118666667
"642" 2020 20450 1965.245
"643" 2020 19346 2071.69865333333
"644" 2020 17515 2106.441475
"645" 2020 15739 2163.90264666667
"646" 2020 13054 2029.41835333333
"647" 2020 10692 1861.99398
"648" 2020 8208 1593.02232
"649" 2020 6394 1367.97498666667
"650" 2020 5083 1194.96247
"651" 2020 3633 937.477485
"652" 2020 2613 737.523605
"653" 2020 1703 523.073611666667
"654" 2020 1113 370.033545
"655" 2020 725 259.485958333333
"656" 2020 346 132.580856666667
"657" 2020 260 106.073933333333
"658" 2020 131 56.59462
"659" 2020 87 39.590655
"660" 2020 44 20.9839666666667
"661" 2020 19 9.45041
"662" 2020 7 3.61482333333333
"663" 2020 9 4.804995
"664" 2020 4 2.19930666666667
"665" 2020 0 0
"666" 2020 1 1
"667" 2021 46524 93.35816
"668" 2021 46120 8.83966666666667
"669" 2021 48387 5.564505
"670" 2021 51555 4.038475
"671" 2021 54406 3.08300666666667
"672" 2021 56983 3.41898
"673" 2021 59376 3.66152
"674" 2021 60335 3.01675
"675" 2021 61874 3.0937
"676" 2021 62382 2.80719
"677" 2021 63599 3.81594
"678" 2021 63170 4.52718333333333
"679" 2021 62420 4.57746666666667
"680" 2021 61773 8.03049
"681" 2021 61957 11.15226
"682" 2021 60495 14.417975
"683" 2021 60658 19.0061733333333
"684" 2021 59512 25.0942266666667
"685" 2021 58532 30.5341933333333
"686" 2021 59035 31.4853333333333
"687" 2021 59870 34.5250333333333
"688" 2021 60955 37.3857333333333
"689" 2021 60148 33.1816466666667
"690" 2021 62734 34.6082566666667
"691" 2021 64703 38.17477
"692" 2021 67442 39.3411666666667
"693" 2021 69911 42.296155
"694" 2021 70199 41.5344083333333
"695" 2021 73077 42.14107
"696" 2021 72361 47.2758533333333
"697" 2021 73362 51.10886
"698" 2021 71860 50.1822333333333
"699" 2021 71989 48.3526116666667
"700" 2021 68479 45.88093
"701" 2021 69377 49.7201833333333
"702" 2021 71361 56.85093
"703" 2021 73359 63.82233
"704" 2021 74548 66.8447066666667
"705" 2021 73785 69.726825
"706" 2021 70641 70.641
"707" 2021 70010 74.56065
"708" 2021 69270 79.77595
"709" 2021 69281 89.8343633333333
"710" 2021 69856 101.058346666667
"711" 2021 70114 99.0944533333333
"712" 2021 68580 98.1837
"713" 2021 65326 107.570146666667
"714" 2021 59488 114.21696
"715" 2021 61412 135.515813333333
"716" 2021 63084 153.5044
"717" 2021 65013 168.38367
"718" 2021 66251 188.373676666667
"719" 2021 70831 223.82596
"720" 2021 72384 249.48352
"721" 2021 72667 269.715681666667
"722" 2021 72812 295.495366666667
"723" 2021 73963 326.423373333333
"724" 2021 74540 357.295066666667
"725" 2021 73554 405.03736
"726" 2021 72914 443.68169
"727" 2021 72238 480.141906666667
"728" 2021 71547 524.320265
"729" 2021 69001 548.55795
"730" 2021 71541 623.12211
"731" 2021 72924 702.62274
"732" 2021 71821 759.985881666667
"733" 2021 71507 795.396196666667
"734" 2021 69947 843.094506666667
"735" 2021 71835 959.47615
"736" 2021 68865 999.805025
"737" 2021 70584 1126.63828
"738" 2021 71944 1255.90242666667
"739" 2021 72502 1380.07557
"740" 2021 71071 1469.98518333333
"741" 2021 68027 1558.49857
"742" 2021 59702 1515.33626333333
"743" 2021 46773 1321.727025
"744" 2021 43553 1365.53172666667
"745" 2021 34142 1201.40007666667
"746" 2021 48256 1957.58506666667
"747" 2021 32930 1490.46668333333
"748" 2021 36928 1868.5568
"749" 2021 33805 1910.6586
"750" 2021 30078 1932.91254
"751" 2021 26718 1968.84942
"752" 2021 24842 2091.15815666667
"753" 2021 21914 2105.9354
"754" 2021 18592 1990.95530666667
"755" 2021 17304 2081.06556
"756" 2021 15451 2124.30648666667
"757" 2021 13676 2126.11654666667
"758" 2021 11109 1934.613835
"759" 2021 8920 1731.20846666667
"760" 2021 6690 1431.3032
"761" 2021 5017 1179.44653
"762" 2021 3909 1008.697905
"763" 2021 2667 752.765195
"764" 2021 1873 575.288828333333
"765" 2021 1182 392.97363
"766" 2021 752 269.149573333333
"767" 2021 471 180.478565
"768" 2021 229 93.4266566666667
"769" 2021 163 70.41926
"770" 2021 86 39.13559
"771" 2021 42 20.03015
"772" 2021 26 12.93214
"773" 2021 9 4.64763
"774" 2021 5 2.66944166666667
"775" 2021 5 2.74913333333333
"776" 2021 1 0.778705
"777" 2021 0 0
