"year" "population" "expected"
"1" 2015 80482 230.98334
"2" 2015 81057 16.2114
"3" 2015 81485 11.2720916666667
"4" 2015 80979 9.312585
"5" 2015 82000 8.33666666666667
"6" 2015 79662 5.3108
"7" 2015 81042 4.72745
"8" 2015 79793 5.186545
"9" 2015 81543 6.387535
"10" 2015 81858 6.8215
"11" 2015 83271 5.967755
"12" 2015 81933 6.144975
"13" 2015 84098 8.54996333333333
"14" 2015 81807 9.27146
"15" 2015 85003 11.90042
"16" 2015 85197 17.32339
"17" 2015 88480 21.8250666666667
"18" 2015 91663 29.33216
"19" 2015 96777 32.742885
"20" 2015 98801 29.6403
"21" 2015 103838 37.2086166666667
"22" 2015 107931 41.193665
"23" 2015 110512 35.7322133333333
"24" 2015 113603 35.784945
"25" 2015 113235 41.14205
"26" 2015 113707 44.5352416666667
"27" 2015 114775 45.336125
"28" 2015 113366 46.8579466666667
"29" 2015 113890 47.26435
"30" 2015 114289 46.287045
"31" 2015 116038 50.6699266666667
"32" 2015 115839 53.865135
"33" 2015 119247 60.02099
"34" 2015 118756 68.4826266666667
"35" 2015 115600 70.1306666666667
"36" 2015 109745 68.590625
"37" 2015 107687 69.8170716666666
"38" 2015 107423 68.213605
"39" 2015 108292 78.6921866666667
"40" 2015 112434 98.56714
"41" 2015 115321 111.86137
"42" 2015 115601 119.454366666667
"43" 2015 122462 130.42203
"44" 2015 126825 142.044
"45" 2015 130013 168.150146666667
"46" 2015 138252 200.23498
"47" 2015 142010 221.5356
"48" 2015 141866 250.39349
"49" 2015 142172 273.6811
"50" 2015 143017 292.469765
"51" 2015 144074 326.087486666667
"52" 2015 142782 367.90162
"53" 2015 139295 407.670033333333
"54" 2015 135483 440.77136
"55" 2015 129956 467.19182
"56" 2015 125147 514.771326666667
"57" 2015 119131 551.973633333333
"58" 2015 116517 575.98237
"59" 2015 114119 614.340616666667
"60" 2015 105922 635.00239
"61" 2015 100189 660.412491666667
"62" 2015 96625 702.141666666667
"63" 2015 94904 768.880573333333
"64" 2015 90146 783.518983333333
"65" 2015 92031 877.66897
"66" 2015 92227 979.604451666667
"67" 2015 94494 1107.31219
"68" 2015 95175 1246.951125
"69" 2015 78833 1109.96864
"70" 2015 64131 985.69347
"71" 2015 82085 1407.21051666667
"72" 2015 80565 1514.0849
"73" 2015 79237 1613.92562833333
"74" 2015 90045 1967.933475
"75" 2015 94944 2250.964
"76" 2015 90006 2284.95232
"77" 2015 60489 1664.85891
"78" 2015 53256 1620.93512
"79" 2015 50668 1701.51588666667
"80" 2015 47959 1820.92329833333
"81" 2015 45862 1989.79930666667
"82" 2015 44878 2237.91626666667
"83" 2015 43755 2529.111925
"84" 2015 41148 2725.84926
"85" 2015 39328 2997.90789333333
"86" 2015 34548.01 3040.9158402
"87" 2015 32037.72 3193.8403068
"88" 2015 27397.6 3075.70023866667
"89" 2015 25256.46 3201.0879286
"90" 2015 22023.81 3162.36217155
"91" 2015 18537.08 3019.1342196
"92" 2015 15785.34 2873.9579271
"93" 2015 12462.75 2524.22615625
"94" 2015 9520.39 2147.64131083333
"95" 2015 6791.94 1683.7898454
"96" 2015 3924.46 1063.59406766667
"97" 2015 1942 575.49228
"98" 2015 1276.81 411.417974233333
"99" 2015 864.66 301.2115165
"100" 2015 654.13 244.91608395
"101" 2015 601.07 240.472078466667
"102" 2015 389.64 165.6086892
"103" 2015 230.77 103.61688385
"104" 2015 118.19 55.7573144
"105" 2015 65.2 32.1509893333333
"106" 2015 31 15.9010366666667
"107" 2015 13 6.90503666666667
"108" 2015 7 3.83422666666667
"109" 2015 2 1.12545666666667
"110" 2015 0 0
"111" 2015 0 0
"112" 2016 83341 239.18867
"113" 2016 84416 16.8832
"114" 2016 82654 11.4338033333333
"115" 2016 83148 9.56202
"116" 2016 82564 8.39400666666667
"117" 2016 83472 5.5648
"118" 2016 80986 4.72418333333333
"119" 2016 82414 5.35691
"120" 2016 81306 6.36897
"121" 2016 82923 6.91025
"122" 2016 83201 5.96273833333333
"123" 2016 84450 6.33375
"124" 2016 83154 8.45399
"125" 2016 85385 9.67696666666667
"126" 2016 83433 11.68062
"127" 2016 87035 17.6971166666667
"128" 2016 87623 21.6136733333333
"129" 2016 91282 29.21024
"130" 2016 95140 32.1890333333333
"131" 2016 101658 30.4974
"132" 2016 103504 37.0889333333333
"133" 2016 107992 41.2169466666667
"134" 2016 112076 36.2379066666667
"135" 2016 115154 36.27351
"136" 2016 118047 42.89041
"137" 2016 117768 46.1258
"138" 2016 117782 46.52389
"139" 2016 118477 48.9704933333333
"140" 2016 116769 48.459135
"141" 2016 116991 47.381355
"142" 2016 117390 51.2603
"143" 2016 118488 55.09692
"144" 2016 118276 59.5322533333333
"145" 2016 121375 69.9929166666667
"146" 2016 120758 73.2598533333333
"147" 2016 117580 73.4875
"148" 2016 111381 72.212015
"149" 2016 109346 69.43471
"150" 2016 108895 79.1303666666667
"151" 2016 109613 96.0940633333333
"152" 2016 113809 110.39473
"153" 2016 116475 120.3575
"154" 2016 116648 124.23012
"155" 2016 123367 138.17104
"156" 2016 127704 165.16384
"157" 2016 130905 189.594075
"158" 2016 138933 216.73548
"159" 2016 142596 251.68194
"160" 2016 142349 274.021825
"161" 2016 142560 291.5352
"162" 2016 143399 324.559736666667
"163" 2016 144244 371.668706666667
"164" 2016 142891 418.194326666667
"165" 2016 139467 453.73264
"166" 2016 135365 486.637175
"167" 2016 129753 533.71734
"168" 2016 124833 578.3929
"169" 2016 118940 587.960066666667
"170" 2016 116101 625.010383333333
"171" 2016 113622 681.16389
"172" 2016 105421 694.900091666667
"173" 2016 99545 723.360333333333
"174" 2016 95910 777.03085
"175" 2016 94165 818.450791666667
"176" 2016 89255 851.195183333333
"177" 2016 91053 967.134615
"178" 2016 91172 1068.38388666667
"179" 2016 93253 1221.76972166667
"180" 2016 93844 1321.32352
"181" 2016 77626 1193.11162
"182" 2016 63120 1082.0872
"183" 2016 80722 1517.03545333333
"184" 2016 78991 1608.91501833333
"185" 2016 77648 1696.99704
"186" 2016 88070 2087.99291666667
"187" 2016 92729 2354.08021333333
"188" 2016 87666 2412.86054
"189" 2016 58689 1786.29753
"190" 2016 51483 1728.884945
"191" 2016 48786 1852.32311
"192" 2016 45998 1995.69989333333
"193" 2016 43636 2175.98186666667
"194" 2016 42499 2456.51303166667
"195" 2016 41016 2717.10492
"196" 2016 38263 2916.72471833333
"197" 2016 36225 3188.5245
"198" 2016 31255.01 3115.8119469
"199" 2016 28669.72 3218.51055006667
"200" 2016 24094.6 3053.82991933333
"201" 2016 21835.46 3135.31730896667
"202" 2016 18693.81 3044.6608347
"203" 2016 15538.08 2828.9405352
"204" 2016 12864.34 2605.56486416667
"205" 2016 9877.75 2228.25577083333
"206" 2016 7352.39 1822.7310049
"207" 2016 5124.94 1388.94415566667
"208" 2016 2852.46 845.2979964
"209" 2016 1366 440.157073333333
"210" 2016 848.81 295.690036916667
"211" 2016 559.66 209.5450989
"212" 2016 394.13 157.680902866667
"213" 2016 385.07 163.6663021
"214" 2016 250.64 112.5386132
"215" 2016 127.77 60.2767752
"216" 2016 66.19 32.6391715333333
"217" 2016 32.2 16.5165606666667
"218" 2016 18 9.56082
"219" 2016 6 3.28648
"220" 2016 5 2.81364166666667
"221" 2016 1 0.784911666666667
"222" 2016 0 0
"223" 2017 86851 249.26237
"224" 2017 85944 17.1888
"225" 2017 85379 11.8107616666667
"226" 2017 83478 9.59997
"227" 2017 83999 8.53989833333334
"228" 2017 83365 5.55766666666667
"229" 2017 84122 4.90711666666667
"230" 2017 81842 5.31973
"231" 2017 83175 6.515375
"232" 2017 82135 6.84458333333333
"233" 2017 83721 6.000005
"234" 2017 84089 6.306675
"235" 2017 85285 8.67064166666666
"236" 2017 83991 9.51898
"237" 2017 86364 12.09096
"238" 2017 84605 17.2030166666667
"239" 2017 88143 21.74194
"240" 2017 88849 28.43168
"241" 2017 93624 31.67612
"242" 2017 98764 29.6292
"243" 2017 104700 37.5175
"244" 2017 105960 40.4414
"245" 2017 110280 35.6572
"246" 2017 114592 36.09648
"247" 2017 117475 42.6825833333333
"248" 2017 120284 47.1112333333333
"249" 2017 119916 47.36682
"250" 2017 119653 49.4565733333333
"251" 2017 120209 49.886735
"252" 2017 118442 47.96901
"253" 2017 118491 51.74107
"254" 2017 118853 55.266645
"255" 2017 119523 60.15991
"256" 2017 119393 68.8499633333333
"257" 2017 122426 74.2717733333333
"258" 2017 121730 76.08125
"259" 2017 118567 76.8709383333333
"260" 2017 112194 71.24319
"261" 2017 110209 80.0852066666667
"262" 2017 109665 96.13965
"263" 2017 110328 107.01816
"264" 2017 114512 118.329066666667
"265" 2017 117007 124.612455
"266" 2017 117155 131.2136
"267" 2017 123790 160.101733333333
"268" 2017 128042 185.447496666667
"269" 2017 131293 204.81708
"270" 2017 139254 245.78331
"271" 2017 142898 275.07865
"272" 2017 142566 291.54747
"273" 2017 142702 322.982193333333
"274" 2017 143415 369.53265
"275" 2017 144165 421.9229
"276" 2017 142745 464.397066666667
"277" 2017 139223 500.506685
"278" 2017 135161 555.962246666667
"279" 2017 129417 599.6321
"280" 2017 124428 615.08908
"281" 2017 118419 637.48895
"282" 2017 115561 692.788195
"283" 2017 112977 744.706725
"284" 2017 104803 761.568466666667
"285" 2017 98824 800.639106666667
"286" 2017 95053 826.168991666667
"287" 2017 93323 889.990343333333
"288" 2017 88443 939.412065
"289" 2017 90042 1055.14217
"290" 2017 90024 1179.46444
"291" 2017 92072 1296.37376
"292" 2017 92333 1419.15821
"293" 2017 76380 1309.4078
"294" 2017 62044 1166.01357333333
"295" 2017 79203 1613.233105
"296" 2017 77373 1690.986915
"297" 2017 75922 1799.98408333333
"298" 2017 86040 2184.2688
"299" 2017 90344 2486.56802666667
"300" 2017 85174 2592.41264666667
"301" 2017 56914 1911.26697666667
"302" 2017 49709 1887.36788166667
"303" 2017 46930 2036.13626666667
"304" 2017 43966 2192.43786666667
"305" 2017 41384 2392.06417333333
"306" 2017 39992 2649.27004
"307" 2017 38289 2918.706655
"308" 2017 35377 3113.88354
"309" 2017 33161 3305.82009
"310" 2017 28057.01 3149.72670428333
"311" 2017 25477.72 3229.13115853333
"312" 2017 21117.6 3032.240988
"313" 2017 18852.46 3070.5001602
"314" 2017 15732.81 2864.39405265
"315" 2017 12783.08 2589.10632833333
"316" 2017 10290.34 2321.32919833333
"317" 2017 7786.75 1930.4131925
"318" 2017 5623.39 1524.03241316667
"319" 2017 3773.94 1118.3693796
"320" 2017 2065.46 665.539406066667
"321" 2017 949 330.592058333333
"322" 2017 565.81 211.84775115
"323" 2017 394.66 157.892941733333
"324" 2017 233.13 99.0872439
"325" 2017 230.07 103.30258035
"326" 2017 145.64 68.7071264
"327" 2017 79.77 39.3356506
"328" 2017 40.19 20.6149246333333
"329" 2017 19.2 10.198208
"330" 2017 7 3.83422666666667
"331" 2017 4 2.25091333333333
"332" 2017 2 1.56982333333333
"333" 2017 0 0
"334" 2018 86460 248.1402
"335" 2018 89110 17.822
"336" 2018 86505 11.966525
"337" 2018 85894 9.87781
"338" 2018 84039 8.543965
"339" 2018 84464 5.63093333333333
"340" 2018 83745 4.885125
"341" 2018 84559 5.496335
"342" 2018 82320 6.4484
"343" 2018 83815 6.98458333333333
"344" 2018 82680 5.9254
"345" 2018 84353 6.326475
"346" 2018 84652 8.60628666666667
"347" 2018 85868 9.73170666666667
"348" 2018 84538 11.83532
"349" 2018 86985 17.68695
"350" 2018 84858 20.93164
"351" 2018 88724 28.39168
"352" 2018 89938 30.4290233333333
"353" 2018 95992 28.7976
"354" 2018 101064 36.2146
"355" 2018 106554 40.66811
"356" 2018 107437 34.7379633333333
"357" 2018 111994 35.27811
"358" 2018 116286 42.25058
"359" 2018 119130 46.65925
"360" 2018 121611 48.036345
"361" 2018 121090 50.0505333333333
"362" 2018 120790 50.12785
"363" 2018 121205 49.088025
"364" 2018 119370 52.1249
"365" 2018 119452 55.54518
"366" 2018 119631 60.21427
"367" 2018 120304 69.3753066666667
"368" 2018 120056 72.8339733333333
"369" 2018 123152 76.97
"370" 2018 122311 79.2982983333333
"371" 2018 119213 75.700255
"372" 2018 112789 81.9600066666667
"373" 2018 110800 97.1346666666667
"374" 2018 110273 106.96481
"375" 2018 110881 114.577033333333
"376" 2018 115010 122.48565
"377" 2018 117501 131.60112
"378" 2018 117578 152.067546666667
"379" 2018 124211 179.898931666667
"380" 2018 128388 200.28528
"381" 2018 131619 232.307535
"382" 2018 139435 268.412375
"383" 2018 143083 292.604735
"384" 2018 142722 323.02746
"385" 2018 142745 367.806283333333
"386" 2018 143380 419.625466666667
"387" 2018 144014 468.525546666667
"388" 2018 142529 512.391755
"389" 2018 139006 571.778013333333
"390" 2018 134820 624.666
"391" 2018 128944 637.413173333333
"392" 2018 123950 667.264166666667
"393" 2018 117892 706.76254
"394" 2018 114995 758.008708333333
"395" 2018 112321 816.199266666667
"396" 2018 103999 842.565231666667
"397" 2018 98009 851.861558333333
"398" 2018 94232 898.659173333333
"399" 2018 92366 981.080863333333
"400" 2018 87480 1025.1198
"401" 2018 88967 1165.61597833333
"402" 2018 88744 1249.51552
"403" 2018 90634 1393.04458
"404" 2018 90926 1558.77472666667
"405" 2018 75006 1409.61276
"406" 2018 60845 1239.31124166667
"407" 2018 77572 1695.33606
"408" 2018 75702 1794.76825
"409" 2018 74159 1882.64981333333
"410" 2018 83916 2309.64804
"411" 2018 87808 2672.58282666667
"412" 2018 82534 2771.62927666667
"413" 2018 54967 2087.00537833333
"414" 2018 47747 2071.58317333333
"415" 2018 44801 2234.07653333333
"416" 2018 41671 2408.65325166667
"417" 2018 38996 2583.29002
"418" 2018 37298 2843.16437666667
"419" 2018 35251 3102.79302
"420" 2018 32183 3208.32327
"421" 2018 29746 3339.33553666667
"422" 2018 24803.01 3143.6161641
"423" 2018 22209.72 3189.0566786
"424" 2018 18039.6 2938.109652
"425" 2018 15798.46 2876.3466199
"426" 2018 12936.81 2620.24305875
"427" 2018 10210.08 2303.22388
"428" 2018 8013.34 1986.5871194
"429" 2018 5809.75 1574.53907916667
"430" 2018 4052.39 1200.8852526
"431" 2018 2627.94 846.7835866
"432" 2018 1431.46 498.661019833333
"433" 2018 615 230.265225
"434" 2018 371.81 148.751266066667
"435" 2018 238.66 101.4376598
"436" 2018 125.13 56.18399565
"437" 2018 140.07 66.0794232
"438" 2018 81.64 40.2577725333333
"439" 2018 44.77 22.9641745666667
"440" 2018 20.19 10.7240531
"441" 2018 12.2 6.68250933333333
"442" 2018 5 2.81364166666667
"443" 2018 1 0.784911666666667
"444" 2018 1 1
"445" 2019 84177 241.58799
"446" 2019 88581 17.7162
"447" 2019 89401 12.3671383333333
"448" 2019 86764 9.97786
"449" 2019 86210 8.76468333333333
"450" 2019 84192 5.6128
"451" 2019 84648 4.9378
"452" 2019 83868 5.45142
"453" 2019 84864 6.64768
"454" 2019 82714 6.89283333333333
"455" 2019 84228 6.03634
"456" 2019 83045 6.228375
"457" 2019 84728 8.61401333333333
"458" 2019 85025 9.63616666666667
"459" 2019 86247 12.07458
"460" 2019 84970 17.2772333333333
"461" 2019 87085 21.4809666666667
"462" 2019 85211 27.26752
"463" 2019 89622 30.32211
"464" 2019 92116 27.6348
"465" 2019 97811 35.0489416666667
"466" 2019 102587 39.1540383333333
"467" 2019 107938 34.8999533333333
"468" 2019 108962 34.32303
"469" 2019 113465 41.2256166666667
"470" 2019 117472 46.0098666666667
"471" 2019 120281 47.510995
"472" 2019 122465 50.6188666666667
"473" 2019 121965 50.615475
"474" 2019 121525 49.217625
"475" 2019 121985 53.2667833333333
"476" 2019 120121 55.856265
"477" 2019 120044 60.4221466666667
"478" 2019 120242 69.3395533333333
"479" 2019 120774 73.26956
"480" 2019 120574 75.35875
"481" 2019 123651 80.167065
"482" 2019 122864 78.01864
"483" 2019 119677 86.9652866666667
"484" 2019 113192 99.2316533333333
"485" 2019 111312 107.97264
"486" 2019 110673 114.3621
"487" 2019 111268 118.50042
"488" 2019 115472 129.32864
"489" 2019 117931 152.524093333333
"490" 2019 117982 170.877263333333
"491" 2019 124549 194.29644
"492" 2019 128679 227.118435
"493" 2019 131680 253.484
"494" 2019 139670 285.62515
"495" 2019 143207 324.125176666667
"496" 2019 142712 367.721253333333
"497" 2019 142669 417.544606666667
"498" 2019 143177 465.802506666667
"499" 2019 143818 517.02571
"500" 2019 142278 585.23684
"501" 2019 138562 642.003933333333
"502" 2019 134318 663.978646666667
"503" 2019 128414 691.295366666667
"504" 2019 123313 739.261435
"505" 2019 117265 772.971791666667
"506" 2019 114279 830.4274
"507" 2019 111442 902.865936666667
"508" 2019 103119 896.275975
"509" 2019 97136 926.353653333333
"510" 2019 93237 990.332335
"511" 2019 91301 1069.89555166667
"512" 2019 86345 1131.26340833333
"513" 2019 87662 1234.28096
"514" 2019 87500 1344.875
"515" 2019 89143 1528.20816333333
"516" 2019 89345 1679.09036666667
"517" 2019 73579 1498.68159833333
"518" 2019 59519 1300.787745
"519" 2019 75839 1798.01629166667
"520" 2019 73809 1873.76448
"521" 2019 72314 1990.32232666667
"522" 2019 81569 2482.68846333333
"523" 2019 85112 2858.20281333333
"524" 2019 79768 3028.65801333333
"525" 2019 52813 2291.38002666667
"526" 2019 45637 2275.76506666667
"527" 2019 42497 2456.39742833333
"528" 2019 39175 2595.147875
"529" 2019 36457 2779.05634833333
"530" 2019 34513 3037.83426
"531" 2019 32132 3203.23908
"532" 2019 29041 3260.19106166667
"533" 2019 26439 3350.96699
"534" 2019 21629.01 3105.67349755
"535" 2019 18991.72 3093.1814364
"536" 2019 15053.6 2740.733684
"537" 2019 12907.46 2614.29846083333
"538" 2019 10337.81 2332.03763916667
"539" 2019 7864.08 1949.5840728
"540" 2019 6042.34 1637.57484566667
"541" 2019 4295.75 1273.002555
"542" 2019 2870.39 924.906633766667
"543" 2019 1784.94 621.7987235
"544" 2019 955.46 357.7385559
"545" 2019 403 161.229553333333
"546" 2019 226.81 96.4010543
"547" 2019 152.66 68.5451033
"548" 2019 97.13 45.8220488
"549" 2019 84.07 41.4560379333333
"550" 2019 40.64 20.8457461333333
"551" 2019 21.77 11.5632806333333
"552" 2019 8.19 4.4860452
"553" 2019 5.2 2.92618733333333
"554" 2019 2 1.56982333333333
"555" 2019 0 0
"556" 2020 83381 239.30347
"557" 2020 86659 17.3318
"558" 2020 88978 12.3086233333333
"559" 2020 89726 10.31849
"560" 2020 87091 8.85425166666667
"561" 2020 86533 5.76886666666667
"562" 2020 84428 4.92496666666667
"563" 2020 84870 5.51655
"564" 2020 84143 6.59120166666667
"565" 2020 85253 7.10441666666667
"566" 2020 83137 5.95815166666667
"567" 2020 84691 6.351825
"568" 2020 83511 8.490285
"569" 2020 85193 9.65520666666667
"570" 2020 85466 11.96524
"571" 2020 86765 17.6422166666667
"572" 2020 85232 21.0238933333333
"573" 2020 87564 28.02048
"574" 2020 86318 29.2042566666667
"575" 2020 91976 27.5928
"576" 2020 94201 33.7553583333333
"577" 2020 99325 37.9090416666667
"578" 2020 103938 33.60662
"579" 2020 109780 34.5807
"580" 2020 110526 40.15778
"581" 2020 115102 45.0816166666667
"582" 2020 118670 46.87465
"583" 2020 121343 50.1551066666667
"584" 2020 123413 51.216395
"585" 2020 122874 49.76397
"586" 2020 122417 53.4554233333333
"587" 2020 122794 57.09921
"588" 2020 120865 60.8353833333333
"589" 2020 120741 69.62731
"590" 2020 120811 73.2920066666667
"591" 2020 121384 75.865
"592" 2020 121143 78.541045
"593" 2020 124126 78.82001
"594" 2020 123399 89.66994
"595" 2020 120252 105.42092
"596" 2020 113723 110.31131
"597" 2020 111806 115.532866666667
"598" 2020 111150 118.37475
"599" 2020 111771 125.18352
"600" 2020 115991 150.015026666667
"601" 2020 118418 171.508736666667
"602" 2020 118274 184.50744
"603" 2020 124924 220.49086
"604" 2020 128908 248.1479
"605" 2020 131929 269.794805
"606" 2020 139774 316.355153333333
"607" 2020 143366 369.406393333333
"608" 2020 142692 417.61192
"609" 2020 142587 463.88304
"610" 2020 142985 514.031075
"611" 2020 143532 590.39496
"612" 2020 141971 657.798966666667
"613" 2020 138198 683.15878
"614" 2020 133853 720.575316666667
"615" 2020 127931 766.946345
"616" 2020 122731 809.001841666667
"617" 2020 116561 847.009933333333
"618" 2020 113495 919.498658333333
"619" 2020 110559 960.941975
"620" 2020 102289 975.496096666667
"621" 2020 96157 1021.34760166667
"622" 2020 92307 1081.684195
"623" 2020 90206 1181.84894333333
"624" 2020 85278 1200.71424
"625" 2020 86433 1328.47521
"626" 2020 86206 1477.85819333333
"627" 2020 87561 1645.56306
"628" 2020 87662 1785.52883666667
"629" 2020 72043 1574.499765
"630" 2020 58182 1379.39825
"631" 2020 73953 1877.42016
"632" 2020 71837 1977.19369666667
"633" 2020 70408 2142.98482666667
"634" 2020 79093 2656.07476166667
"635" 2020 82254 3123.04729
"636" 2020 76907 3336.73837333333
"637" 2020 50659 2526.19546666667
"638" 2020 43442 2511.02000333333
"639" 2020 40101 2656.490745
"640" 2020 36613 2790.94796833333
"641" 2020 33674 2963.98548
"642" 2020 31524 3142.62756
"643" 2020 29066 3262.99760333333
"644" 2020 25800 3269.978
"645" 2020 23152 3324.35709333333
"646" 2020 18611.01 3031.1751987
"647" 2020 15889.72 2892.9618718
"648" 2020 12384.6 2508.397525
"649" 2020 10306.46 2324.96560166667
"650" 2020 8015.81 1987.1994571
"651" 2020 5970.08 1617.99118133333
"652" 2020 4470.34 1324.7405556
"653" 2020 3049.75 982.700610833333
"654" 2020 1991.39 693.717301416667
"655" 2020 1193.94 447.0290451
"656" 2020 594.46 237.827593733333
"657" 2020 252 107.10756
"658" 2020 144.81 65.02041405
"659" 2020 86.66 40.8827216
"660" 2020 57.13 28.1715647333333
"661" 2020 42.07 21.5792455666667
"662" 2020 22.64 12.0253869333333
"663" 2020 10.77 5.8992316
"664" 2020 6.19 3.48328838333333
"665" 2020 1.2 0.941894
"666" 2020 0 0
"667" 2021 81970 235.2539
"668" 2021 85449 17.0898
"669" 2021 87087 12.047035
"670" 2021 89259 10.264785
"671" 2021 89990 9.14898333333333
"672" 2021 87296 5.81973333333333
"673" 2021 86694 5.05715
"674" 2021 84656 5.50264
"675" 2021 85180 6.67243333333333
"676" 2021 84474 7.0395
"677" 2021 85657 6.13875166666667
"678" 2021 83535 6.265125
"679" 2021 84964 8.63800666666667
"680" 2021 83778 9.49484
"681" 2021 85499 11.96986
"682" 2021 85794 17.44478
"683" 2021 86944 21.4461866666667
"684" 2021 85660 27.4112
"685" 2021 88602 29.97701
"686" 2021 88249 26.4747
"687" 2021 93786 33.60665
"688" 2021 95476 36.4400066666667
"689" 2021 100549 32.5108433333333
"690" 2021 105518 33.23817
"691" 2021 111404 40.4767866666667
"692" 2021 112166 43.9316833333333
"693" 2021 116668 46.08386
"694" 2021 119824 49.5272533333333
"695" 2021 122451 50.817165
"696" 2021 124353 50.362965
"697" 2021 123789 54.05453
"698" 2021 123262 57.31683
"699" 2021 123561 62.19237
"700" 2021 121398 70.00618
"701" 2021 121489 73.7033266666667
"702" 2021 121484 75.9275
"703" 2021 122140 79.1874333333333
"704" 2021 121724 77.29474
"705" 2021 124689 90.60734
"706" 2021 123949 108.661956666667
"707" 2021 120749 117.12653
"708" 2021 114234 118.0418
"709" 2021 112303 119.602695
"710" 2021 111549 124.93488
"711" 2021 112300 145.241333333333
"712" 2021 116425 168.622208333333
"713" 2021 118801 185.32956
"714" 2021 118649 209.415485
"715" 2021 125237 241.081225
"716" 2021 129135 264.081075
"717" 2021 132107 299.002176666667
"718" 2021 139893 360.45763
"719" 2021 143458 419.853746666667
"720" 2021 142661 464.123786666667
"721" 2021 142546 512.45287
"722" 2021 142867 587.659593333333
"723" 2021 143230 663.632333333333
"724" 2021 141561 699.78321
"725" 2021 137713 741.354983333333
"726" 2021 133312 799.20544
"727" 2021 127309 839.178491666667
"728" 2021 121957 886.220866666667
"729" 2021 115714 937.476256666667
"730" 2021 112634 978.977183333333
"731" 2021 109616 1045.37125333333
"732" 2021 101284 1075.80488666667
"733" 2021 95097 1114.378345
"734" 2021 91209 1194.989915
"735" 2021 89011 1253.27488
"736" 2021 84057 1291.95609
"737" 2021 85011 1457.37191
"738" 2021 84601 1589.93479333333
"739" 2021 85779 1747.175265
"740" 2021 85749 1874.044395
"741" 2021 70373 1668.42654166667
"742" 2021 56676 1438.81472
"743" 2021 71761 1975.10192333333
"744" 2021 69580 2117.78326666667
"745" 2021 67919 2280.83321833333
"746" 2021 76075 2888.44095833333
"747" 2021 78874 3422.07994666667
"748" 2021 73319 3656.17413333333
"749" 2021 47966 2772.51474333333
"750" 2021 40814 2703.72343
"751" 2021 37272 2841.18244
"752" 2021 33727 2968.65054
"753" 2021 30630 3053.5047
"754" 2021 28205 3166.34030833333
"755" 2021 25542 3237.27822
"756" 2021 22362 3210.92231
"757" 2021 19472 3171.40464
"758" 2021 15879 2891.010135
"759" 2021 12572 2546.35383333333
"760" 2021 9901 2233.50058333333
"761" 2021 7851 1946.34141
"762" 2021 5948 1612.00713333333
"763" 2021 4131 1224.18054
"764" 2021 2905 936.058783333333
"765" 2021 1998 696.01995
"766" 2021 1316 492.73014
"767" 2021 591.572 236.672181946667
"768" 2021 363.47366824 154.487213212047
"769" 2021 214.16232006369 96.1599525201971
"770" 2021 120.965303241574 57.066591457245
"771" 2021 65.5039213583449 32.300857007418
"772" 2021 34.027977067233 17.4541971302763
"773" 2021 16.9762174790719 9.01703108879223
"774" 2021 8.14586819515784 4.46187215100372
"775" 2021 3.76656799475903 2.11955453007742
"776" 2021 1.6819232723797 1.320161198929
"777" 2021 0.727011334486125 0.727011334486125
