"year" "population" "expected"
"1" 2015 57130 195.9559
"2" 2015 56748 9.55258
"3" 2015 59134 6.40618333333333
"4" 2015 60389 4.93176833333333
"5" 2015 64967 5.08908166666667
"6" 2015 64546 3.98033666666667
"7" 2015 67083 4.24859
"8" 2015 66122 4.51833666666667
"9" 2015 67053 3.464405
"10" 2015 66143 3.30715
"11" 2015 66299 3.75694333333333
"12" 2015 66211 3.641605
"13" 2015 65528 3.60404
"14" 2015 66661 4.77737166666667
"15" 2015 68633 8.69351333333333
"16" 2015 68119 11.4666983333333
"17" 2015 68822 11.69974
"18" 2015 70306 15.11579
"19" 2015 70973 19.6358633333333
"20" 2015 74684 20.6625733333333
"21" 2015 76210 20.0686333333333
"22" 2015 74883 18.97036
"23" 2015 76460 21.1539333333333
"24" 2015 74419 20.7132883333333
"25" 2015 75068 20.6437
"26" 2015 73224 23.30964
"27" 2015 71192 22.42548
"28" 2015 68448 22.35968
"29" 2015 67569 25.113145
"30" 2015 65925 25.27125
"31" 2015 63633 25.983475
"32" 2015 62306 25.4416166666667
"33" 2015 63600 29.362
"34" 2015 63364 34.3221666666667
"35" 2015 66966 36.05003
"36" 2015 68267 38.6846333333333
"37" 2015 70092 40.06926
"38" 2015 69770 46.8621833333333
"39" 2015 72430 56.9782666666667
"40" 2015 78306 61.60072
"41" 2015 77079 64.874825
"42" 2015 76944 71.04496
"43" 2015 80293 80.0253566666667
"44" 2015 79273 86.011205
"45" 2015 76015 94.7653666666667
"46" 2015 75617 103.721318333333
"47" 2015 78320 120.2212
"48" 2015 83592 155.06316
"49" 2015 89520 181.5764
"50" 2015 86555 190.565258333333
"51" 2015 84374 210.231883333333
"52" 2015 82413 232.40466
"53" 2015 77725 242.372458333333
"54" 2015 75418 262.07755
"55" 2015 75167 294.278805
"56" 2015 71738 304.647373333333
"57" 2015 71921 348.696981666667
"58" 2015 71035 389.508583333333
"59" 2015 71167 427.832281666667
"60" 2015 69920 457.043733333333
"61" 2015 68151 503.749475
"62" 2015 68833 575.788045
"63" 2015 67151 601.225286666667
"64" 2015 65587 634.22629
"65" 2015 67095 713.555325
"66" 2015 66180 775.7399
"67" 2015 69005 882.343933333333
"68" 2015 72556 1004.41689333333
"69" 2015 73822 1103.76193666667
"70" 2015 70317 1136.7915
"71" 2015 65645 1138.83134166667
"72" 2015 59414 1114.40859333333
"73" 2015 54998 1161.00778
"74" 2015 47876 1133.86326666667
"75" 2015 45513 1199.798535
"76" 2015 42093 1218.101265
"77" 2015 40434 1277.7144
"78" 2015 37706 1316.56783333333
"79" 2015 34612 1354.88674
"80" 2015 31549 1395.62259666667
"81" 2015 29131 1455.48186333333
"82" 2015 26327 1505.772765
"83" 2015 24214 1578.14745
"84" 2015 22121 1614.722395
"85" 2015 20154 1630.42501
"86" 2015 18403 1678.10822666667
"87" 2015 16844 1750.79343333333
"88" 2015 14721 1721.301995
"89" 2015 13314 1727.40274
"90" 2015 11412 1664.07882
"91" 2015 9743 1577.19684
"92" 2015 8061 1427.84493
"93" 2015 6245 1223.49958333333
"94" 2015 5421 1172.155725
"95" 2015 4242 1005.52368
"96" 2015 2827 729.808896666667
"97" 2015 2050 573.911166666667
"98" 2015 1417 428.311866666667
"99" 2015 1083 351.872115
"100" 2015 658 228.771246666667
"101" 2015 416 154.07808
"102" 2015 247 97.0236583333333
"103" 2015 180 74.658
"104" 2015 88 38.3743066666667
"105" 2015 49 22.3712766666667
"106" 2015 21 9.99775
"107" 2015 14 6.92353666666667
"108" 2015 1 0.511843333333333
"109" 2015 4 2.11178
"110" 2015 1 0.767845
"111" 2015 1 1
"112" 2016 58605 201.01515
"113" 2016 57894 9.74549
"114" 2016 57484 6.22743333333333
"115" 2016 59803 4.88391166666667
"116" 2016 60962 4.77535666666667
"117" 2016 65616 4.04632
"118" 2016 65147 4.12597666666667
"119" 2016 67681 4.62486833333333
"120" 2016 66672 3.44472
"121" 2016 67509 3.37545
"122" 2016 66619 3.77507666666667
"123" 2016 66703 3.668665
"124" 2016 66593 3.662615
"125" 2016 65887 4.72190166666667
"126" 2016 67099 8.49920666666667
"127" 2016 69127 11.6363783333333
"128" 2016 68772 11.69124
"129" 2016 69287 14.896705
"130" 2016 71131 19.6795766666667
"131" 2016 72647 20.0990033333333
"132" 2016 76989 20.27377
"133" 2016 78470 19.8790666666667
"134" 2016 76602 21.19322
"135" 2016 78420 21.8269
"136" 2016 76268 20.9737
"137" 2016 76637 24.3961116666667
"138" 2016 74593 23.496795
"139" 2016 72478 23.6761466666667
"140" 2016 69675 25.895875
"141" 2016 68600 26.2966666666667
"142" 2016 66944 27.3354666666667
"143" 2016 64561 26.3624083333333
"144" 2016 63164 29.1607133333333
"145" 2016 64409 34.8882083333333
"146" 2016 64090 34.5017833333333
"147" 2016 67715 38.3718333333333
"148" 2016 68896 39.3855466666667
"149" 2016 70636 47.4438466666667
"150" 2016 70262 55.2727733333333
"151" 2016 72916 57.3605866666667
"152" 2016 78713 66.2501083333333
"153" 2016 77450 71.5121666666667
"154" 2016 77236 76.9785466666667
"155" 2016 80591 87.441235
"156" 2016 79530 99.1474
"157" 2016 76230 104.56215
"158" 2016 75768 116.30388
"159" 2016 78457 145.537735
"160" 2016 83615 169.599091666667
"161" 2016 89569 197.201081666667
"162" 2016 86524 215.588966666667
"163" 2016 84268 237.63576
"164" 2016 82244 256.464206666667
"165" 2016 77537 269.441075
"166" 2016 75201 294.411915
"167" 2016 74921 318.164513333333
"168" 2016 71502 346.66553
"169" 2016 71602 392.617633333333
"170" 2016 70664 424.808413333333
"171" 2016 70785 462.69795
"172" 2016 69455 513.388208333333
"173" 2016 67597 565.448905
"174" 2016 68264 611.190346666667
"175" 2016 66543 643.47081
"176" 2016 65000 691.275
"177" 2016 66392 778.224893333333
"178" 2016 65395 836.184066666667
"179" 2016 68177 943.796936666667
"180" 2016 71636 1071.07759333333
"181" 2016 72748 1176.09266666667
"182" 2016 69189 1200.313835
"183" 2016 64462 1209.09224666667
"184" 2016 58270 1230.0797
"185" 2016 53758 1273.16863333333
"186" 2016 46764 1232.77698
"187" 2016 44315 1282.40224166667
"188" 2016 40935 1293.546
"189" 2016 39125 1366.11458333333
"190" 2016 36344 1422.68588
"191" 2016 33154 1466.62244666667
"192" 2016 30067 1502.24754333333
"193" 2016 27539 1575.093105
"194" 2016 24737 1612.233975
"195" 2016 22606 1650.12497
"196" 2016 20429 1652.67205166667
"197" 2016 18496 1686.58858666667
"198" 2016 16680 1733.747
"199" 2016 15125 1768.54104166667
"200" 2016 12996 1686.14436
"201" 2016 11636 1696.74212666667
"202" 2016 9805 1587.2334
"203" 2016 8174 1447.86062
"204" 2016 6661 1305.00091666667
"205" 2016 4912 1062.0972
"206" 2016 4236 1004.10144
"207" 2016 3267 843.39783
"208" 2016 2093 585.949303333333
"209" 2016 1503 454.3068
"210" 2016 1002 325.55481
"211" 2016 749 260.409823333333
"212" 2016 425 157.4115
"213" 2016 258 101.34455
"214" 2016 161 66.7774333333333
"215" 2016 111 48.403955
"216" 2016 52 23.7409466666667
"217" 2016 22 10.4738333333333
"218" 2016 15 7.418075
"219" 2016 9 4.60659
"220" 2016 0 0
"221" 2016 3 2.303535
"222" 2016 1 1
"223" 2017 62025 212.74575
"224" 2017 59253 9.974255
"225" 2017 58520 6.33966666666667
"226" 2017 57977 4.73478833333333
"227" 2017 60288 4.72256
"228" 2017 61484 3.79151333333333
"229" 2017 66047 4.18297666666667
"230" 2017 65636 4.48512666666667
"231" 2017 68121 3.519585
"232" 2017 67155 3.35775
"233" 2017 67907 3.84806333333333
"234" 2017 66987 3.684285
"235" 2017 67022 3.68621
"236" 2017 66928 4.79650666666667
"237" 2017 66218 8.38761333333333
"238" 2017 67555 11.3717583333333
"239" 2017 69839 11.87263
"240" 2017 69260 14.8909
"241" 2017 70008 19.36888
"242" 2017 72688 20.1103466666667
"243" 2017 74572 19.6372933333333
"244" 2017 78567 19.90364
"245" 2017 79900 22.1056666666667
"246" 2017 78399 21.821055
"247" 2017 79884 21.9681
"248" 2017 77491 24.6679683333333
"249" 2017 77537 24.424155
"250" 2017 75429 24.64014
"251" 2017 73334 27.2558033333333
"252" 2017 70326 26.9583
"253" 2017 69318 28.30485
"254" 2017 67511 27.5669916666667
"255" 2017 65137 30.0715816666667
"256" 2017 63691 34.4992916666667
"257" 2017 64889 34.9319116666667
"258" 2017 64543 36.5743666666667
"259" 2017 68146 38.9567966666667
"260" 2017 69259 46.5189616666667
"261" 2017 70983 55.83996
"262" 2017 70492 55.4537066666667
"263" 2017 73156 61.5729666666667
"264" 2017 78923 72.8722366666667
"265" 2017 77682 77.42306
"266" 2017 77344 83.91824
"267" 2017 80766 100.68828
"268" 2017 79623 109.216215
"269" 2017 76335 117.174225
"270" 2017 75795 140.599725
"271" 2017 78492 159.20794
"272" 2017 83596 184.050526666667
"273" 2017 89501 223.006658333333
"274" 2017 86422 243.71004
"275" 2017 84118 262.307963333333
"276" 2017 82117 285.356575
"277" 2017 77335 302.766525
"278" 2017 74929 318.198486666667
"279" 2017 74632 361.840813333333
"280" 2017 71143 390.100783333333
"281" 2017 71258 428.379343333333
"282" 2017 70248 459.18776
"283" 2017 70326 519.82635
"284" 2017 68926 576.56599
"285" 2017 67067 600.473206666667
"286" 2017 67677 654.43659
"287" 2017 65860 700.4211
"288" 2017 64274 753.398403333333
"289" 2017 65615 838.997133333333
"290" 2017 64559 893.711756666667
"291" 2017 67240 1005.35006666667
"292" 2017 70608 1141.496
"293" 2017 71639 1242.81725166667
"294" 2017 67932 1274.17788
"295" 2017 63158 1333.26538
"296" 2017 57059 1351.34731666667
"297" 2017 52500 1383.9875
"298" 2017 45541 1317.88063833333
"299" 2017 43056 1360.5696
"300" 2017 39650 1384.44583333333
"301" 2017 37712 1476.23624
"302" 2017 34908 1544.21356
"303" 2017 31627 1580.19034333333
"304" 2017 28520 1631.2014
"305" 2017 25960 1691.943
"306" 2017 23077 1684.505615
"307" 2017 20943 1694.253795
"308" 2017 18758 1710.47949333333
"309" 2017 16838 1750.16978333333
"310" 2017 14923 1744.92151833333
"311" 2017 13341 1730.90581
"312" 2017 11373 1658.391905
"313" 2017 9980 1615.5624
"314" 2017 8256 1462.38528
"315" 2017 6792 1330.666
"316" 2017 5403 1168.263675
"317" 2017 3811 903.35944
"318" 2017 3273 844.94677
"319" 2017 2446 684.774006666667
"320" 2017 1532 463.072533333333
"321" 2017 1061 344.724205
"322" 2017 670 232.943366666667
"323" 2017 505 187.0419
"324" 2017 284 111.557566666667
"325" 2017 154 63.8740666666667
"326" 2017 87 37.938235
"327" 2017 60 27.3934
"328" 2017 29 13.8064166666667
"329" 2017 14 6.92353666666667
"330" 2017 5 2.55921666666667
"331" 2017 3 1.583835
"332" 2017 0 0
"333" 2017 1 1
"334" 2018 61731 211.73733
"335" 2018 62508 10.52218
"336" 2018 59523 6.448325
"337" 2018 58831 4.80453166666667
"338" 2018 58205 4.55939166666667
"339" 2018 60478 3.72947666666667
"340" 2018 61705 3.90798333333333
"341" 2018 66236 4.52612666666667
"342" 2018 65871 3.403335
"343" 2018 68391 3.41955
"344" 2018 67353 3.81667
"345" 2018 68155 3.748525
"346" 2018 67169 3.694295
"347" 2018 67267 4.82080166666667
"348" 2018 67147 8.50528666666667
"349" 2018 66614 11.2133566666667
"350" 2018 68201 11.59417
"351" 2018 70115 15.074725
"352" 2018 69781 19.3060766666667
"353" 2018 71269 19.7177566666667
"354" 2018 74585 19.6407166666667
"355" 2018 76294 19.3278133333333
"356" 2018 79720 22.0558666666667
"357" 2018 81298 22.6279433333333
"358" 2018 79675 21.910625
"359" 2018 80773 25.7127383333333
"360" 2018 78085 24.596775
"361" 2018 78238 25.5577466666667
"362" 2018 75949 28.2277116666667
"363" 2018 73732 28.2639333333333
"364" 2018 70747 28.8883583333333
"365" 2018 69599 28.4195916666667
"366" 2018 67923 31.357785
"367" 2018 65377 35.4125416666667
"368" 2018 64011 34.459255
"369" 2018 65269 36.9857666666667
"370" 2018 64842 37.06801
"371" 2018 68297 45.8728183333333
"372" 2018 69411 54.60332
"373" 2018 71189 56.0020133333333
"374" 2018 70580 59.4048333333333
"375" 2018 73322 67.7006466666667
"376" 2018 79079 78.8154033333333
"377" 2018 77816 84.43036
"378" 2018 77458 96.5643066666667
"379" 2018 80860 110.912966666667
"380" 2018 79664 122.28424
"381" 2018 76329 141.590295
"382" 2018 75795 153.737525
"383" 2018 78441 172.700935
"384" 2018 83536 208.143866666667
"385" 2018 89348 251.96136
"386" 2018 86281 269.052918333333
"387" 2018 83915 291.604625
"388" 2018 81931 320.759865
"389" 2018 77080 327.333066666667
"390" 2018 74616 361.76324
"391" 2018 74291 407.362316666667
"392" 2018 70787 425.547848333333
"393" 2018 70839 463.05093
"394" 2018 69810 516.01225
"395" 2018 69833 584.153045
"396" 2018 68387 612.291606666667
"397" 2018 66507 643.12269
"398" 2018 67058 713.16183
"399" 2018 65188 764.112006666667
"400" 2018 63571 812.861186666667
"401" 2018 64841 897.615576666667
"402" 2018 63720 952.7202
"403" 2018 66308 1071.97933333333
"404" 2018 69467 1205.13667166667
"405" 2018 70445 1321.31338333333
"406" 2018 66625 1406.45375
"407" 2018 61802 1463.67736666667
"408" 2018 55754 1469.76836333333
"409" 2018 51165 1480.629825
"410" 2018 44244 1398.1104
"411" 2018 41718 1456.6535
"412" 2018 38303 1499.370935
"413" 2018 36218 1602.16359333333
"414" 2018 33410 1669.27496666667
"415" 2018 30040 1718.1378
"416" 2018 26815 1747.667625
"417" 2018 24224 1768.23088
"418" 2018 21437 1734.21757166667
"419" 2018 19192 1750.05450666667
"420" 2018 17035 1770.64629166667
"421" 2018 15046 1759.30370333333
"422" 2018 13161 1707.55201
"423" 2018 11707 1707.09522833333
"424" 2018 9758 1579.62504
"425" 2018 8403 1488.42339
"426" 2018 6771 1326.55175
"427" 2018 5469 1182.534525
"428" 2018 4185 992.0124
"429" 2018 2927 755.624563333333
"430" 2018 2426 679.174873333333
"431" 2018 1761 532.2916
"432" 2018 1118 363.24379
"433" 2018 721 250.674876666667
"434" 2018 431 159.63378
"435" 2018 307 120.592158333333
"436" 2018 159 65.9479
"437" 2018 88 38.3743066666667
"438" 2018 52 23.7409466666667
"439" 2018 37 17.6150833333333
"440" 2018 5 2.47269166666667
"441" 2018 9 4.60659
"442" 2018 2 1.05589
"443" 2018 2 1.53569
"444" 2018 0 0
"445" 2019 61733 211.74419
"446" 2019 62046 10.44441
"447" 2019 62675 6.78979166666667
"448" 2019 59608 4.86798666666667
"449" 2019 58901 4.61391166666667
"450" 2019 58352 3.59837333333333
"451" 2019 60640 3.84053333333333
"452" 2019 61798 4.22286333333333
"453" 2019 66386 3.42994333333333
"454" 2019 66077 3.30385
"455" 2019 68541 3.88399
"456" 2019 67526 3.71393
"457" 2019 68375 3.760625
"458" 2019 67345 4.82639166666667
"459" 2019 67467 8.54582
"460" 2019 67512 11.36452
"461" 2019 67142 11.41414
"462" 2019 68260 14.6759
"463" 2019 70566 19.52326
"464" 2019 70935 19.62535
"465" 2019 72820 19.1759333333333
"466" 2019 75806 19.2041866666667
"467" 2019 77306 21.3879933333333
"468" 2019 80841 22.500745
"469" 2019 82217 22.609675
"470" 2019 80203 25.5312883333333
"471" 2019 81198 25.57737
"472" 2019 78497 25.6423533333333
"473" 2019 78625 29.2222916666667
"474" 2019 76366 29.2736333333333
"475" 2019 73938 30.19135
"476" 2019 70861 28.9349083333333
"477" 2019 69787 32.2183316666667
"478" 2019 68128 36.9026666666667
"479" 2019 65560 35.2931333333333
"480" 2019 64248 36.4072
"481" 2019 65526 37.45903
"482" 2019 64925 43.6079583333333
"483" 2019 68520 53.9024
"484" 2019 69668 54.8054933333333
"485" 2019 71301 60.011675
"486" 2019 70752 65.32768
"487" 2019 73420 73.1752666666667
"488" 2019 79183 85.913555
"489" 2019 77909 97.1265533333333
"490" 2019 77501 106.305538333333
"491" 2019 80871 124.136985
"492" 2019 79687 147.819385
"493" 2019 76259 154.678671666667
"494" 2019 75765 166.809275
"495" 2019 78405 195.359125
"496" 2019 83435 235.2867
"497" 2019 89142 277.97447
"498" 2019 86087 299.152325
"499" 2019 83712 327.73248
"500" 2019 81630 346.6554
"501" 2019 76815 372.424725
"502" 2019 74277 407.28555
"503" 2019 73868 444.069793333333
"504" 2019 70404 460.20748
"505" 2019 70375 520.188541666667
"506" 2019 69363 580.221495
"507" 2019 69315 620.6003
"508" 2019 67737 655.01679
"509" 2019 65880 700.6338
"510" 2019 66404 778.365553333333
"511" 2019 64405 823.525266666667
"512" 2019 62766 868.89066
"513" 2019 63940 956.009566666667
"514" 2019 62744 1014.36133333333
"515" 2019 65273 1132.37776166667
"516" 2019 68244 1280.02996
"517" 2019 69167 1460.11537
"518" 2019 65221 1544.65068333333
"519" 2019 60360 1591.1902
"520" 2019 54278 1570.71485666667
"521" 2019 49698 1570.4568
"522" 2019 42819 1495.09675
"523" 2019 40197 1573.511565
"524" 2019 36801 1627.95357
"525" 2019 34621 1729.78056333333
"526" 2019 31702 1813.19589
"527" 2019 28321 1845.821175
"528" 2019 24980 1823.4151
"529" 2019 22464 1817.30016
"530" 2019 19696 1796.01258666667
"531" 2019 17415 1810.144125
"532" 2019 15172 1774.03667333333
"533" 2019 13258 1720.13711333333
"534" 2019 11382 1659.70427
"535" 2019 9940 1609.0872
"536" 2019 8117 1437.76421
"537" 2019 6885 1348.88625
"538" 2019 5447 1177.777575
"539" 2019 4276 1013.58304
"540" 2019 3160 815.775066666667
"541" 2019 2164 605.826226666667
"542" 2019 1708 516.271466666667
"543" 2019 1196 388.58638
"544" 2019 753 261.80053
"545" 2019 458 169.63404
"546" 2019 257 100.951741666667
"547" 2019 184 76.3170666666667
"548" 2019 91 39.6825216666667
"549" 2019 51 23.28439
"550" 2019 29 13.8064166666667
"551" 2019 21 10.385305
"552" 2019 2 1.02368666666667
"553" 2019 5 2.639725
"554" 2019 2 1.53569
"555" 2019 2 2
"556" 2020 61466 210.82838
"557" 2020 61916 10.4225266666667
"558" 2020 62148 6.7327
"559" 2020 62697 5.120255
"560" 2020 59661 4.673445
"561" 2020 58993 3.63790166666667
"562" 2020 58415 3.69961666666667
"563" 2020 60745 4.15090833333333
"564" 2020 61926 3.19951
"565" 2020 66522 3.3261
"566" 2020 66254 3.75439333333333
"567" 2020 68649 3.775695
"568" 2020 67673 3.722015
"569" 2020 68523 4.910815
"570" 2020 67530 8.5538
"571" 2020 67768 11.4076133333333
"572" 2020 67948 11.55116
"573" 2020 67304 14.47036
"574" 2020 68639 18.9901233333333
"575" 2020 71623 19.8156966666667
"576" 2020 72131 18.9944966666667
"577" 2020 73901 18.7215866666667
"578" 2020 76462 21.1544866666667
"579" 2020 78029 21.7180716666667
"580" 2020 81368 22.3762
"581" 2020 82438 26.2427633333333
"582" 2020 80189 25.259535
"583" 2020 81165 26.5139
"584" 2020 78497 29.1747183333333
"585" 2020 78521 30.0997166666667
"586" 2020 76209 31.118675
"587" 2020 73803 30.136225
"588" 2020 70680 32.6306
"589" 2020 69626 37.7140833333333
"590" 2020 68028 36.62174
"591" 2020 65478 37.1042
"592" 2020 64089 36.637545
"593" 2020 65452 43.9619266666667
"594" 2020 64948 51.0924266666667
"595" 2020 68495 53.8827333333333
"596" 2020 69580 58.5631666666667
"597" 2020 71301 65.83459
"598" 2020 70755 70.51915
"599" 2020 73376 79.61296
"600" 2020 79147 98.6699266666667
"601" 2020 77918 106.877523333333
"602" 2020 77451 118.887285
"603" 2020 80790 149.86545
"604" 2020 79589 161.433021666667
"605" 2020 76141 167.637101666667
"606" 2020 75628 188.439766666667
"607" 2020 78262 220.69884
"608" 2020 83275 259.679208333333
"609" 2020 88906 308.94835
"610" 2020 85835 336.044025
"611" 2020 83408 354.205973333333
"612" 2020 81314 394.237376666667
"613" 2020 76439 419.140516666667
"614" 2020 73951 444.568761666667
"615" 2020 73426 479.961286666667
"616" 2020 69935 516.936208333333
"617" 2020 69869 584.454185
"618" 2020 68816 616.132586666667
"619" 2020 68692 664.25164
"620" 2020 67059 713.172465
"621" 2020 65209 764.358161666667
"622" 2020 65611 838.945986666667
"623" 2020 63587 880.256036666667
"624" 2020 61861 924.925051666667
"625" 2020 63007 1018.61316666667
"626" 2020 61805 1072.21374166667
"627" 2020 64190 1203.99043333333
"628" 2020 67036 1415.12996
"629" 2020 67743 1604.38005
"630" 2020 63780 1681.3471
"631" 2020 58778 1700.93735666667
"632" 2020 52778 1667.7848
"633" 2020 48254 1684.86883333333
"634" 2020 41368 1619.35036
"635" 2020 38658 1710.10106
"636" 2020 35232 1760.30816
"637" 2020 32993 1887.034635
"638" 2020 29985 1954.272375
"639" 2020 26583 1940.426085
"640" 2020 23170 1874.41438333333
"641" 2020 20704 1887.92874666667
"642" 2020 17963 1867.10415833333
"643" 2020 15647 1829.57763166667
"644" 2020 13432 1742.71245333333
"645" 2020 11594 1690.61775666667
"646" 2020 9718 1573.14984
"647" 2020 8371 1482.75523
"648" 2020 6706 1313.81716666667
"649" 2020 5606 1212.15735
"650" 2020 4324 1024.96096
"651" 2020 3263 842.365203333333
"652" 2020 2322 650.05938
"653" 2020 1578 476.9768
"654" 2020 1193 387.611665
"655" 2020 822 285.79022
"656" 2020 490 181.4862
"657" 2020 290 113.914416666667
"658" 2020 134 55.5787333333333
"659" 2020 108 47.09574
"660" 2020 54 24.65406
"661" 2020 30 14.2825
"662" 2020 18 8.90169
"663" 2020 8 4.09474666666667
"664" 2020 0 0
"665" 2020 1 0.767845
"666" 2020 1 1
"667" 2021 61191 209.88513
"668" 2021 61663 10.3799383333333
"669" 2021 61967 6.71309166666667
"670" 2021 62185 5.07844166666667
"671" 2021 62844 4.92278
"672" 2021 59740 3.68396666666667
"673" 2021 59064 3.74072
"674" 2021 58551 4.000985
"675" 2021 60898 3.14639666666667
"676" 2021 62107 3.10535
"677" 2021 66696 3.77944
"678" 2021 66428 3.65354
"679" 2021 68834 3.78587
"680" 2021 67896 4.86588
"681" 2021 68720 8.70453333333333
"682" 2021 67877 11.4259616666667
"683" 2021 68246 11.60182
"684" 2021 68088 14.63892
"685" 2021 67674 18.72314
"686" 2021 69581 19.2507433333333
"687" 2021 72666 19.13538
"688" 2021 72840 18.4528
"689" 2021 74517 20.61637
"690" 2021 77321 21.5210116666667
"691" 2021 78560 21.604
"692" 2021 81455 25.9298416666667
"693" 2021 82285 25.919775
"694" 2021 79907 26.1029533333333
"695" 2021 80915 30.0734083333333
"696" 2021 78274 30.0050333333333
"697" 2021 78313 31.9778083333333
"698" 2021 76025 31.0435416666667
"699" 2021 73727 34.0372983333333
"700" 2021 70658 38.2730833333333
"701" 2021 69744 37.54552
"702" 2021 68085 38.5815
"703" 2021 65547 37.471035
"704" 2021 64162 43.0954766666667
"705" 2021 65456 51.4920533333333
"706" 2021 64962 51.10344
"707" 2021 68557 57.7021416666667
"708" 2021 69601 64.2649233333333
"709" 2021 71377 71.1390766666667
"710" 2021 70813 76.832105
"711" 2021 73472 91.5950933333333
"712" 2021 79216 108.657946666667
"713" 2021 77980 119.6993
"714" 2021 77444 143.65862
"715" 2021 80822 163.933956666667
"716" 2021 79542 175.12497
"717" 2021 76109 189.638258333333
"718" 2021 75552 213.05664
"719" 2021 78124 243.616673333333
"720" 2021 83153 288.956675
"721" 2021 88708 347.29182
"722" 2021 85600 363.514666666667
"723" 2021 83160 403.1874
"724" 2021 81013 444.221283333333
"725" 2021 76105 457.517891666667
"726" 2021 73642 481.373206666667
"727" 2021 72965 539.332958333333
"728" 2021 69498 581.35077
"729" 2021 69353 620.940526666667
"730" 2021 68219 659.67773
"731" 2021 68079 724.020165
"732" 2021 66442 778.810976666667
"733" 2021 64490 824.612133333333
"734" 2021 64797 897.00647
"735" 2021 62791 938.830101666667
"736" 2021 60949 985.342166666667
"737" 2021 61963 1074.95477833333
"738" 2021 60762 1139.69258
"739" 2021 63024 1330.43664
"740" 2021 65776 1557.79493333333
"741" 2021 66246 1746.35497
"742" 2021 62193 1799.761765
"743" 2021 57095 1804.202
"744" 2021 51146 1785.84783333333
"745" 2021 46603 1824.274435
"746" 2021 39889 1764.55639666667
"747" 2021 37008 1849.04304
"748" 2021 33551 1918.949445
"749" 2021 31267 2037.826725
"750" 2021 28176 2056.70712
"751" 2021 24708 1998.83602
"752" 2021 21349 1946.74414666667
"753" 2021 18866 1960.96348333333
"754" 2021 16096 1882.07845333333
"755" 2021 13885 1801.48618333333
"756" 2021 11740 1711.90723333333
"757" 2021 9973 1614.42924
"758" 2021 8146 1442.90098
"759" 2021 6922 1356.13516666667
"760" 2021 5394 1166.31765
"761" 2021 4405 1044.1612
"762" 2021 3308 853.982253333333
"763" 2021 2478 693.73262
"764" 2021 1730 522.921333333333
"765" 2021 1101 357.720405
"766" 2021 806 280.227393333333
"767" 2021 531 196.67178
"768" 2021 298 117.056883333333
"769" 2021 173 71.7546333333333
"770" 2021 81 35.321805
"771" 2021 64 29.2196266666667
"772" 2021 27 12.85425
"773" 2021 14 6.92353666666667
"774" 2021 8 4.09474666666667
"775" 2021 4 2.11178
"776" 2021 0 0
"777" 2021 1 1
