"year" "population" "expected"
"1" 2015 738452 2781.50253333333
"2" 2015 747966 159.56608
"3" 2015 763320 106.8648
"4" 2015 774126 85.15386
"5" 2015 796730 75.68935
"6" 2015 793502 66.1251666666667
"7" 2015 799667 58.6422466666667
"8" 2015 794508 50.31884
"9" 2015 810140 49.9586333333333
"10" 2015 791535 51.449775
"11" 2015 789597 53.955795
"12" 2015 785197 58.889775
"13" 2015 788173 68.3083266666667
"14" 2015 804331 81.7736516666667
"15" 2015 819876 105.21742
"16" 2015 784369 130.728166666667
"17" 2015 781334 153.662353333333
"18" 2015 764284 192.344806666667
"19" 2015 768554 238.25174
"20" 2015 756117 259.60017
"21" 2015 728533 279.270983333333
"22" 2015 719569 285.429036666667
"23" 2015 748196 295.53742
"24" 2015 750374 301.400223333333
"25" 2015 760058 316.690833333333
"26" 2015 759209 337.848005
"27" 2015 764301 341.38778
"28" 2015 765111 349.40069
"29" 2015 777812 388.906
"30" 2015 778328 403.433346666667
"31" 2015 774215 410.33395
"32" 2015 766175 434.165833333333
"33" 2015 815736 493.52028
"34" 2015 824982 530.73842
"35" 2015 837454 587.613556666667
"36" 2015 793682 603.19832
"37" 2015 779405 641.710116666667
"38" 2015 788079 694.822985
"39" 2015 768755 725.192216666667
"40" 2015 791386 808.532696666667
"41" 2015 835894 923.66287
"42" 2015 885635 1070.14229166667
"43" 2015 904013 1217.40417333333
"44" 2015 899266 1338.40756333333
"45" 2015 883519 1446.02609666667
"46" 2015 870098 1576.32754333333
"47" 2015 862530 1723.62245
"48" 2015 859963 1899.08495833333
"49" 2015 878857 2154.66441166667
"50" 2015 881322 2385.44488
"51" 2015 890793 2644.170555
"52" 2015 880704 2865.22368
"53" 2015 848598 3023.83754
"54" 2015 850844 3275.7494
"55" 2015 848050 3537.78191666667
"56" 2015 842921 3887.27067833333
"57" 2015 824332 4145.01607333333
"58" 2015 820974 4482.51804
"59" 2015 814587 4882.09142
"60" 2015 806372 5256.20148666667
"61" 2015 804955 5709.81413333333
"62" 2015 787877 6062.713515
"63" 2015 798722 6580.13807666667
"64" 2015 779607 6812.465835
"65" 2015 808534 7509.93330333333
"66" 2015 793955 7885.29640833333
"67" 2015 788191 8315.41505
"68" 2015 772311 8657.60631
"69" 2015 729348 8740.0202
"70" 2015 547094 7011.92143333333
"71" 2015 533370 7349.8386
"72" 2015 517917 7707.468155
"73" 2015 476770 7660.89928333333
"74" 2015 423522 7422.22305
"75" 2015 438446 8406.47130666666
"76" 2015 455726 9545.94061333333
"77" 2015 445526 10299.8185766667
"78" 2015 431988 11094.17182
"79" 2015 427694 12197.83288
"80" 2015 411154 13089.7728466667
"81" 2015 408496 14690.1969866667
"82" 2015 382374 15495.06906
"83" 2015 380501 17449.1416916667
"84" 2015 355897 18677.47456
"85" 2015 328943.44 19699.3261434667
"86" 2015 296458.5 20374.1104125
"87" 2015 272475.21 21694.4762202
"88" 2015 244548.8 22328.9357653333
"89" 2015 220418.22 22827.980318
"90" 2015 194057.66 22689.8684660667
"91" 2015 164421.59 21663.0925544667
"92" 2015 141338.66 20887.0271748
"93" 2015 118324.49 19540.5006935667
"94" 2015 99128.74 18265.2964178333
"95" 2015 77898.8 15902.650526
"96" 2015 36985.4 8334.72153233333
"97" 2015 24443.45 6066.09024741667
"98" 2015 16024.1 4358.10118383333
"99" 2015 10430.75 3093.16937416667
"100" 2015 8993.28 2892.5086464
"101" 2015 9462.29 3283.05190888333
"102" 2015 5917.81 2202.87518345
"103" 2015 3278.09 1301.99724968333
"104" 2015 1823.54 768.609953066667
"105" 2015 1049.4 466.906044
"106" 2015 550.13 257.05099315
"107" 2015 318.3 155.4264205
"108" 2015 160.18 81.3612952666667
"109" 2015 86.97 45.75303265
"110" 2015 45.22 34.7011497
"111" 2015 39.91 39.91
"112" 2016 719056 2708.44426666667
"113" 2016 741330 158.1504
"114" 2016 750605 105.0847
"115" 2016 768817 84.56987
"116" 2016 779322 74.03559
"117" 2016 802045 66.8370833333333
"118" 2016 796940 58.4422666666667
"119" 2016 802825 50.8455833333333
"120" 2016 797236 49.1628866666667
"121" 2016 812139 52.789035
"122" 2016 793595 54.2289916666667
"123" 2016 790311 59.273325
"124" 2016 787157 68.2202733333333
"125" 2016 790044 80.32114
"126" 2016 806703 103.526885
"127" 2016 821553 136.9255
"128" 2016 787468 154.868706666667
"129" 2016 780381 196.395885
"130" 2016 756623 234.55313
"131" 2016 761376 261.40576
"132" 2016 745736 285.865466666667
"133" 2016 718819 285.131536666667
"134" 2016 711465 281.028675
"135" 2016 738250 296.530416666667
"136" 2016 744142 310.059166666667
"137" 2016 755046 335.99547
"138" 2016 757118 338.179373333333
"139" 2016 763915 348.854516666667
"140" 2016 768527 384.2635
"141" 2016 782399 405.543481666667
"142" 2016 781254 414.06462
"143" 2016 777265 440.450166666667
"144" 2016 768991 465.239555
"145" 2016 818815 526.770983333333
"146" 2016 827635 580.723891666667
"147" 2016 839815 638.2594
"148" 2016 796648 655.906853333333
"149" 2016 783361 690.663281666667
"150" 2016 789874 745.114473333333
"151" 2016 769144 785.808786666667
"152" 2016 792642 875.86941
"153" 2016 835966 1010.12558333333
"154" 2016 882534 1188.47912
"155" 2016 902488 1343.20297333333
"156" 2016 897632 1469.12437333333
"157" 2016 880641 1595.427945
"158" 2016 869062 1736.67556333333
"159" 2016 859725 1898.559375
"160" 2016 856621 2100.14915166667
"161" 2016 876595 2372.65046666667
"162" 2016 880381 2613.26426833333
"163" 2016 887326 2886.76725333333
"164" 2016 876962 3124.90792666667
"165" 2016 845751 3256.14135
"166" 2016 848375 3539.13770833333
"167" 2016 843903 3891.799335
"168" 2016 838995 4218.746525
"169" 2016 821310 4484.3526
"170" 2016 817109 4897.20660666667
"171" 2016 810020 5279.98036666667
"172" 2016 801775 5687.25733333333
"173" 2016 799221 6150.005595
"174" 2016 782456 6446.13334666667
"175" 2016 792312 6923.48636
"176" 2016 774082 7189.93164333333
"177" 2016 801436 7959.59520666667
"178" 2016 786704 8299.7272
"179" 2016 781919 8765.31199
"180" 2016 764624 9162.74426666666
"181" 2016 720517 9234.62621666667
"182" 2016 539807 7438.54046
"183" 2016 526454 7834.51294333333
"184" 2016 509919 8193.548465
"185" 2016 468961 8218.541525
"186" 2016 416006 7976.22170666667
"187" 2016 429987 9006.79436
"188" 2016 447631 10348.4826683333
"189" 2016 434768 11165.5668533333
"190" 2016 421243 12013.85036
"191" 2016 414928 13209.9244266667
"192" 2016 395823 14234.454785
"193" 2016 392302 15897.3847133333
"194" 2016 365473 16759.9826583333
"195" 2016 361343 18963.28064
"196" 2016 334973 20060.4163933333
"197" 2016 307744.44 21149.736639
"198" 2016 274622.5 21865.44345
"199" 2016 249859.21 22813.8116010667
"200" 2016 221546.8 22944.8635866667
"201" 2016 197150.22 23051.4608898
"202" 2016 170655.66 22484.4520572
"203" 2016 142104.59 21000.2163102
"204" 2016 119920.66 19804.0975279333
"205" 2016 98497.49 18148.9833449167
"206" 2016 80549.74 16443.8266723
"207" 2016 61627.8 13887.927443
"208" 2016 28474.4 7066.44439066667
"209" 2016 18510.45 5034.31793725
"210" 2016 11594.1 3438.153061
"211" 2016 7342.75 2361.6486825
"212" 2016 6114.28 2121.42077926667
"213" 2016 6214.29 2313.23838105
"214" 2016 3762.81 1494.51914715
"215" 2016 1876.09 790.759427733333
"216" 2016 994.54 442.497367066667
"217" 2016 523.4 244.561267
"218" 2016 295.25 144.171067083333
"219" 2016 164.07 83.3371689
"220" 2016 79.41 41.77588045
"221" 2016 41.11 31.54719735
"222" 2016 36.88 36.88
"223" 2017 706335 2660.5285
"224" 2017 724701 154.60288
"225" 2017 747057 104.58798
"226" 2017 755872 83.14592
"227" 2017 775525 73.674875
"228" 2017 784123 65.3435833333333
"229" 2017 806132 59.1163466666667
"230" 2017 799723 50.6491233333333
"231" 2017 805999 49.7032716666667
"232" 2017 798548 51.90562
"233" 2017 813412 55.5831533333333
"234" 2017 793006 59.47545
"235" 2017 790984 68.5519466666667
"236" 2017 788467 80.1608116666667
"237" 2017 793354 101.813763333333
"238" 2017 810935 135.155833333333
"239" 2017 823649 161.984303333333
"240" 2017 779828 196.256713333333
"241" 2017 772916 239.60396
"242" 2017 745582 255.983153333333
"243" 2017 748190 286.806166666667
"244" 2017 736254 292.04742
"245" 2017 708795 279.974025
"246" 2017 702680 282.243133333333
"247" 2017 730987 304.577916666667
"248" 2017 739102 328.90039
"249" 2017 750379 335.169286666667
"250" 2017 756873 345.63867
"251" 2017 767871 383.9355
"252" 2017 771825 400.062625
"253" 2017 787714 417.48842
"254" 2017 786685 445.788166666667
"255" 2017 781344 472.71312
"256" 2017 773462 497.593886666667
"257" 2017 823172 577.592353333333
"258" 2017 834096 633.91296
"259" 2017 843754 694.690793333333
"260" 2017 800953 706.173561666667
"261" 2017 785686 741.163793333333
"262" 2017 790213 807.334281666667
"263" 2017 771142 852.11191
"264" 2017 794571 960.106625
"265" 2017 835577 1125.24369333333
"266" 2017 881704 1312.26945333333
"267" 2017 901587 1475.59739
"268" 2017 898206 1627.24987
"269" 2017 878297 1755.13017166667
"270" 2017 867836 1916.47116666667
"271" 2017 857219 2101.61524833333
"272" 2017 853540 2310.24826666667
"273" 2017 873486 2592.79761
"274" 2017 874901 2846.34458666667
"275" 2017 884071 3150.23966333333
"276" 2017 871432 3355.0132
"277" 2017 841129 3508.90981166667
"278" 2017 843342 3889.21219
"279" 2017 837940 4213.44163333333
"280" 2017 834073 4554.03858
"281" 2017 817308 4898.39928
"282" 2017 811111 5287.09186833333
"283" 2017 803628 5700.40128
"284" 2017 796266 6127.26687
"285" 2017 792387 6527.948235
"286" 2017 775422 6775.89591
"287" 2017 786286 7303.28646333333
"288" 2017 766815 7615.750975
"289" 2017 791794 8353.4267
"290" 2017 778012 8721.51452
"291" 2017 773476 9268.82073333333
"292" 2017 755422 9681.99196666667
"293" 2017 710373 9788.93994
"294" 2017 531439 7908.69805166667
"295" 2017 518158 8325.93546333333
"296" 2017 500981 8779.692025
"297" 2017 461038 8839.63525333333
"298" 2017 407822 8542.51149333333
"299" 2017 420604 9723.66347333333
"300" 2017 437280 11230.0792
"301" 2017 422761 12057.14372
"302" 2017 408650 13010.0538333333
"303" 2017 402471 14473.527945
"304" 2017 381406 15455.8424733333
"305" 2017 377126 17294.3698166667
"306" 2017 348763 18303.08224
"307" 2017 342015 20482.1383
"308" 2017 315263 21666.449675
"309" 2017 285806.44 22755.9087528
"310" 2017 252341.5 23040.4612266667
"311" 2017 226938.21 23503.233949
"312" 2017 198730.8 23236.267572
"313" 2017 174065.22 22933.6729524
"314" 2017 148309.66 21917.2015548
"315" 2017 121327.59 20036.4426379
"316" 2017 100192.66 18461.3325438333
"317" 2017 80501.49 16433.97667605
"318" 2017 64236.74 14475.8564202333
"319" 2017 47781.8 11857.9296696667
"320" 2017 21648.4 5887.75142866667
"321" 2017 13616.45 4037.86747116667
"322" 2017 8246.1 2652.193143
"323" 2017 5071.75 1759.70283291667
"324" 2017 4032.28 1500.9960686
"325" 2017 4019.29 1596.38830101667
"326" 2017 2291.81 965.982636266667
"327" 2017 999.09 444.5217834
"328" 2017 480.54 224.5347177
"329" 2017 260.99 127.441851983333
"330" 2017 138.43 70.3136727666667
"331" 2017 72.27 38.01968115
"332" 2017 32.87 25.22394495
"333" 2017 27.56 27.56
"334" 2018 692610 2608.831
"335" 2018 710548 151.583573333333
"336" 2018 728947 102.05258
"337" 2018 753219 82.85409
"338" 2018 763211 72.505045
"339" 2018 780589 65.0490833333333
"340" 2018 789472 57.8946133333333
"341" 2018 812153 51.4363566666667
"342" 2018 803078 49.5231433333333
"343" 2018 809783 52.635895
"344" 2018 801172 54.7467533333333
"345" 2018 813929 61.044675
"346" 2018 796196 69.0036533333333
"347" 2018 793303 80.6524716666667
"348" 2018 791791 101.613178333333
"349" 2018 798746 133.124333333333
"350" 2018 811981 159.689596666667
"351" 2018 822764 207.062273333333
"352" 2018 774368 240.05408
"353" 2018 763655 262.188216666667
"354" 2018 735945 282.11225
"355" 2018 738192 292.81616
"356" 2018 727291 287.279945
"357" 2018 703269 282.479715
"358" 2018 700291 291.787916666667
"359" 2018 728632 324.24124
"360" 2018 739472 330.297493333333
"361" 2018 755534 345.027193333333
"362" 2018 761926 380.963
"363" 2018 775437 401.934845
"364" 2018 779245 412.99985
"365" 2018 794268 450.0852
"366" 2018 793096 479.82308
"367" 2018 787639 506.714423333333
"368" 2018 778272 546.08752
"369" 2018 828319 629.52244
"370" 2018 838211 690.127056666667
"371" 2018 849719 749.168918333333
"372" 2018 804136 758.568293333333
"373" 2018 787879 804.949711666667
"374" 2018 791832 874.97436
"375" 2018 771466 932.188083333333
"376" 2018 794992 1070.58922666667
"377" 2018 837345 1246.248475
"378" 2018 881627 1442.92952333333
"379" 2018 901303 1632.86060166667
"380" 2018 897299 1793.10250166667
"381" 2018 878189 1939.33404166667
"382" 2018 865886 2122.86384333333
"383" 2018 854366 2312.48397333333
"384" 2018 851713 2528.16808833333
"385" 2018 871473 2835.19216
"386" 2018 872755 3109.91698333333
"387" 2018 881409 3393.42465
"388" 2018 868066 3621.28199666667
"389" 2018 838629 3867.477405
"390" 2018 840277 4225.19284833333
"391" 2018 834655 4557.2163
"392" 2018 831532 4983.64845333333
"393" 2018 812185 5294.09255833333
"394" 2018 807063 5724.76688
"395" 2018 798677 6145.819515
"396" 2018 790556 6512.86384666667
"397" 2018 785798 6866.56485666667
"398" 2018 769830 7150.43765
"399" 2018 779986 7746.56095666667
"400" 2018 759318 8010.8049
"401" 2018 784500 8794.245
"402" 2018 768973 9214.85978333333
"403" 2018 764433 9797.48295
"404" 2018 746007 10279.97646
"405" 2018 700594 10426.0063766667
"406" 2018 523076 8404.95952666667
"407" 2018 509210 8923.90525
"408" 2018 492324 9439.49216
"409" 2018 451571 9458.90721333333
"410" 2018 399215 9229.18544166667
"411" 2018 410448 10540.98872
"412" 2018 425884 12146.21168
"413" 2018 410557 13070.7663566667
"414" 2018 396309 14251.932155
"415" 2018 387066 15685.20454
"416" 2018 365507 16761.5418416667
"417" 2018 358107 18793.45536
"418" 2018 329251 19717.7448866667
"419" 2018 321151 22071.102475
"420" 2018 292738 23307.79956
"421" 2018 262446.44 23963.1096149333
"422" 2018 228832.5 23699.41925
"423" 2018 203423.21 23784.9197905667
"424" 2018 175085.8 23068.1377693333
"425" 2018 151028.22 22318.9503516
"426" 2018 126310.66 20859.3634279333
"427" 2018 101071.59 18623.28272075
"428" 2018 81648.66 16668.1656957
"429" 2018 63865.49 14392.1946139833
"430" 2018 49683.74 12329.9309495667
"431" 2018 35993.8 9789.29377566667
"432" 2018 15886.4 4711.00601066667
"433" 2018 9627.45 3096.4767435
"434" 2018 5697.1 1976.67531116667
"435" 2018 3388.75 1261.44524375
"436" 2018 2637.28 1047.47926586667
"437" 2018 2472.29 1042.05375306667
"438" 2018 1388.81 617.918603933333
"439" 2018 439.09 205.16699795
"440" 2018 208.51 101.815780516667
"441" 2018 101.02 51.3117620666667
"442" 2018 47.46 24.9676777
"443" 2018 21.59 16.56784215
"444" 2018 12.1 12.1
"445" 2019 679810 2560.61766666667
"446" 2019 694059 148.06592
"447" 2019 712267 99.71738
"448" 2019 733114 80.64254
"449" 2019 760324 72.23078
"450" 2019 768705 64.05875
"451" 2019 785464 57.6006933333333
"452" 2019 794044 50.2894533333333
"453" 2019 816365 50.3425083333333
"454" 2019 806407 52.416455
"455" 2019 811414 55.4466233333333
"456" 2019 804800 60.36
"457" 2019 816571 70.7694866666667
"458" 2019 797955 81.125425
"459" 2019 795672 102.11124
"460" 2019 794506 132.417666666667
"461" 2019 802367 157.798843333333
"462" 2019 814005 204.857925
"463" 2019 824787 255.68397
"464" 2019 772280 265.149466666667
"465" 2019 758208 290.6464
"466" 2019 732653 290.619023333333
"467" 2019 734184 290.00268
"468" 2019 722506 290.206576666667
"469" 2019 700295 291.789583333333
"470" 2019 698588 310.87166
"471" 2019 727731 325.05318
"472" 2019 739730 337.810033333333
"473" 2019 758941 379.4705
"474" 2019 764399 396.213481666667
"475" 2019 779490 413.1297
"476" 2019 783552 444.0128
"477" 2019 798471 483.074955
"478" 2019 797350 512.961833333333
"479" 2019 793270 556.611116666667
"480" 2019 782274 594.52824
"481" 2019 832633 685.534503333333
"482" 2019 841746 742.13939
"483" 2019 853469 805.105756666667
"484" 2019 807857 825.360568333334
"485" 2019 790869 873.910245
"486" 2019 793913 959.311541666667
"487" 2019 772294 1040.02258666667
"488" 2019 796601 1185.60782166667
"489" 2019 839179 1373.45629666667
"490" 2019 882251 1598.34472833333
"491" 2019 902692 1803.87951333333
"492" 2019 897866 1982.78741666667
"493" 2019 878212 2153.08308666667
"494" 2019 866311 2344.81510666667
"495" 2019 853754 2534.22645666667
"496" 2019 850739 2767.73754666667
"497" 2019 870672 3102.49456
"498" 2019 870197 3350.25845
"499" 2019 879446 3668.75556333333
"500" 2019 866886 3997.78927
"501" 2019 837523 4211.34481833333
"502" 2019 838301 4577.12346
"503" 2019 832648 4990.33701333333
"504" 2019 829201 5405.00851833333
"505" 2019 808640 5735.95306666667
"506" 2019 803490 6182.85555
"507" 2019 795347 6552.33370166667
"508" 2019 785659 6865.35022833333
"509" 2019 780984 7254.03972
"510" 2019 763618 7583.99943666667
"511" 2019 774799 8174.12945
"512" 2019 752796 8438.84316
"513" 2019 776920 9310.09133333333
"514" 2019 760856 9751.63773333333
"515" 2019 756565 10425.4657
"516" 2019 737555 10976.0476583333
"517" 2019 690651 11097.610485
"518" 2019 515825 9039.833125
"519" 2019 500502 9596.29168
"520" 2019 484169 10141.7266533333
"521" 2019 443369 10249.9523316667
"522" 2019 390376 10025.5063066667
"523" 2019 400317 11417.04084
"524" 2019 415133 13216.4509433333
"525" 2019 398096 14316.1956533333
"526" 2019 383342 15534.2956466667
"527" 2019 372130 17065.2615833333
"528" 2019 349326 18332.62848
"529" 2019 338904 20295.83088
"530" 2019 310657 21349.902325
"531" 2019 299919 23879.55078
"532" 2019 270030 24655.5392
"533" 2019 238688.44 24720.1661026667
"534" 2019 205382.5 24014.0065083333
"535" 2019 179665.21 23671.4903015333
"536" 2019 152344.8 22513.514544
"537" 2019 129032.22 21308.8109182
"538" 2019 105674.66 19471.4367271667
"539" 2019 82983.59 16940.68498055
"540" 2019 65122.66 14675.4999687667
"541" 2019 49660.49 12324.1610358167
"542" 2019 37576.74 10219.8086057
"543" 2019 26376.8 7821.86419466667
"544" 2019 11324.4 3642.266772
"545" 2019 6693.45 2322.37056775
"546" 2019 3739.1 1391.8612795
"547" 2019 2222.75 882.835549583333
"548" 2019 1670.28 704.0118848
"549" 2019 1489.29 662.6248354
"550" 2019 500.81 234.00597655
"551" 2019 222.96 108.8717396
"552" 2019 100.5 51.047635
"553" 2019 46.09 24.2469503833333
"554" 2019 20.61 15.81580485
"555" 2019 12.6 12.6
"556" 2020 674104 2539.12506666667
"557" 2020 683279 145.766186666667
"558" 2020 697533 97.65462
"559" 2020 716735 78.84085
"560" 2020 739350 70.23825
"561" 2020 764537 63.7114166666667
"562" 2020 772186 56.6269733333333
"563" 2020 789241 49.9852633333333
"564" 2020 797228 49.1623933333333
"565" 2020 818828 53.22382
"566" 2020 808200 55.227
"567" 2020 812767 60.957525
"568" 2020 807259 69.9624466666667
"569" 2020 818695 83.2339916666667
"570" 2020 801445 102.852108333333
"571" 2020 800121 133.3535
"572" 2020 797356 156.813346666667
"573" 2020 800958 201.57443
"574" 2020 812014 251.72434
"575" 2020 818260 280.935933333333
"576" 2020 763991 292.863216666667
"577" 2020 751527 298.10571
"578" 2020 725684 286.64518
"579" 2020 728368 292.561146666667
"580" 2020 718742 299.475833333333
"581" 2020 697696 310.47472
"582" 2020 697104 311.37312
"583" 2020 729708 333.23332
"584" 2020 744054 372.027
"585" 2020 763531 395.763568333333
"586" 2020 770129 408.16837
"587" 2020 784993 444.829366666667
"588" 2020 788552 477.07396
"589" 2020 803549 516.949856666667
"590" 2020 802328 562.966813333333
"591" 2020 798525 606.879
"592" 2020 786485 647.539316666667
"593" 2020 837220 738.148966666667
"594" 2020 844852 796.977053333333
"595" 2020 855534 874.07057
"596" 2020 810069 895.126245
"597" 2020 792319 957.385458333333
"598" 2020 794308 1069.66810666667
"599" 2020 773272 1150.88649333333
"600" 2020 797100 1304.587
"601" 2020 839661 1521.185845
"602" 2020 881726 1761.98245666667
"603" 2020 902402 1992.80441666667
"604" 2020 896490 2197.89465
"605" 2020 876479 2372.33649333333
"606" 2020 864541 2566.24586833333
"607" 2020 851077 2768.83717333333
"608" 2020 848812 3024.60009333333
"609" 2020 867184 3338.6584
"610" 2020 867069 3617.122845
"611" 2020 876649 4042.81297166667
"612" 2020 863616 4342.54912
"613" 2020 834683 4557.36918
"614" 2020 835681 5008.51479333333
"615" 2020 828521 5400.57605166667
"616" 2020 824633 5849.39674666667
"617" 2020 804232 6188.56524
"618" 2020 798515 6578.43274166667
"619" 2020 789378 6897.84809
"620" 2020 780428 7248.87540666667
"621" 2020 774349 7690.57615166667
"622" 2020 756421 7980.24155
"623" 2020 767498 8603.65258
"624" 2020 744729 8924.33585
"625" 2020 768029 9843.57168333333
"626" 2020 751682 10358.17796
"627" 2020 746512 11109.3427466667
"628" 2020 726611 11675.4277516667
"629" 2020 679758 11912.75895
"630" 2020 507135 9723.4684
"631" 2020 490989 10284.58292
"632" 2020 474489 10969.394865
"633" 2020 433246 11126.4793566667
"634" 2020 380460 10850.7192
"635" 2020 389484 12399.87228
"636" 2020 402971 14491.5087783333
"637" 2020 384077 15564.0802966667
"638" 2020 368722 16908.9763833333
"639" 2020 355536 18658.52928
"640" 2020 330984 19821.52848
"641" 2020 319761 21975.574725
"642" 2020 290000 23089.8
"643" 2020 277432 25331.3911466667
"644" 2020 246164 25494.3849333333
"645" 2020 214431.44 25072.0387362667
"646" 2020 182186.5 24003.6786633333
"647" 2020 156683.21 23154.6447738
"648" 2020 130280.8 21515.0055813333
"649" 2020 108281.22 19951.7171285
"650" 2020 86604.66 17679.9083157
"651" 2020 66390.59 14961.2301074833
"652" 2020 50917.66 12636.1508194333
"653" 2020 37775.49 10273.86297445
"654" 2020 27775.74 8236.7105254
"655" 2020 18953.8 6096.110694
"656" 2020 7843.4 2721.35913633333
"657" 2020 4512.45 1679.73695025
"658" 2020 2420.1 961.2193515
"659" 2020 1373.75 579.026466666667
"660" 2020 1102.28 490.433766133333
"661" 2020 561.29 262.26555895
"662" 2020 275.45 134.502694083333
"663" 2020 121.52 61.7244637333333
"664" 2020 55.42 29.1552612333333
"665" 2020 25.53 19.59133905
"666" 2020 18.63 18.63
"667" 2021 656670 2473.457
"668" 2021 677963 144.632106666667
"669" 2021 687210 96.2094
"670" 2021 702513 77.27643
"671" 2021 723693 68.750835
"672" 2021 744517 62.0430833333333
"673" 2021 769190 56.4072666666667
"674" 2021 777641 49.2505966666667
"675" 2021 794377 48.9865816666667
"676" 2021 801834 52.11921
"677" 2021 822979 56.2368983333333
"678" 2021 811982 60.89865
"679" 2021 817713 70.86846
"680" 2021 811852 82.5382866666667
"681" 2021 824622 105.82649
"682" 2021 808318 134.719666666667
"683" 2021 805462 158.407526666667
"684" 2021 798430 200.938216666667
"685" 2021 801557 248.48267
"686" 2021 807501 277.24201
"687" 2021 811803 311.19115
"688" 2021 758831 301.002963333333
"689" 2021 745718 294.55861
"690" 2021 720838 289.536596666667
"691" 2021 725406 302.2525
"692" 2021 716816 318.98312
"693" 2021 696823 311.247606666667
"694" 2021 699609 319.48811
"695" 2021 734511 367.2555
"696" 2021 749028 388.24618
"697" 2021 769541 407.85673
"698" 2021 775951 439.705566666667
"699" 2021 790276 478.11698
"700" 2021 793858 510.715313333333
"701" 2021 808711 567.445551666667
"702" 2021 807769 613.90444
"703" 2021 802882 661.039513333333
"704" 2021 791323 697.683111666667
"705" 2021 840558 792.92638
"706" 2021 847068 865.42114
"707" 2021 857835 947.907675
"708" 2021 811646 980.738916666667
"709" 2021 792796 1067.63194666667
"710" 2021 795320 1183.70126666667
"711" 2021 773936 1266.67525333333
"712" 2021 797678 1445.12664333333
"713" 2021 839397 1677.395005
"714" 2021 881706 1947.10075
"715" 2021 901092 2209.17722
"716" 2021 894803 2421.93345333333
"717" 2021 874821 2596.760335
"718" 2021 861942 2804.18464
"719" 2021 849294 3026.31762
"720" 2021 845582 3255.4907
"721" 2021 864080 3604.65373333333
"722" 2021 864539 3986.96568833333
"723" 2021 873374 4391.61559666667
"724" 2021 860533 4698.51018
"725" 2021 832123 4987.19051333333
"726" 2021 831390 5419.27715
"727" 2021 824045 5845.22586666667
"728" 2021 820035 6310.169325
"729" 2021 799063 6582.94734833333
"730" 2021 792275 6923.16304166667
"731" 2021 783943 7281.52389833333
"732" 2021 773645 7683.58425833334
"733" 2021 766642 8088.0731
"734" 2021 748814 8394.20494
"735" 2021 758877 9093.87605
"736" 2021 735603 9427.97845
"737" 2021 758155 10447.3759
"738" 2021 740985 11027.091775
"739" 2021 734792 11806.8827866667
"740" 2021 714297 12518.054925
"741" 2021 667303 12794.4228533333
"742" 2021 496744 10405.1309866667
"743" 2021 480096 11099.01936
"744" 2021 462645 11881.494675
"745" 2021 421065 12008.7738
"746" 2021 368973 11746.87041
"747" 2021 376788 13549.92446
"748" 2021 387634 15708.2217933333
"749" 2021 367957 16873.8947583333
"750" 2021 350782 18409.03936
"751" 2021 335412 20086.70664
"752" 2021 310453 21335.882425
"753" 2021 296795 23630.8179
"754" 2021 265967 24284.5602133333
"755" 2021 251197 26015.6359666667
"756" 2021 219661 25683.4963233333
"757" 2021 187613.44 24718.6960981333
"758" 2021 156510.5 23129.12169
"759" 2021 132065.21 21809.6889967667
"760" 2021 107731.8 19850.481915
"761" 2021 87405.22 17843.3386369
"762" 2021 68140.66 15355.6112987667
"763" 2021 50789.59 12604.3679009833
"764" 2021 38107.66 10364.2038029667
"765" 2021 27505.49 8156.56968956667
"766" 2021 19579.74 6297.4317762
"767" 2021 12952.8 4494.125076
"768" 2021 5119.4 1905.671053
"769" 2021 2864.45 1137.70702508333
"770" 2021 1467.1 618.372869333333
"771" 2021 761.75 338.922888333333
"772" 2021 376.28 175.8187114
"773" 2021 312.75 152.71634625
"774" 2021 159.28 80.9041522666667
"775" 2021 66.07 34.7579954833333
"776" 2021 29.18 22.3922943
"777" 2021 21.56 21.56
