"year" "population" "expected"
"1" 2015 83730 285.5193
"2" 2015 83494 14.7506066666667
"3" 2015 83897 8.94901333333333
"4" 2015 82976 8.2976
"5" 2015 84198 8.4198
"6" 2015 82637 5.92231833333333
"7" 2015 82082 5.88254333333333
"8" 2015 80602 6.04515
"9" 2015 79807 5.187455
"10" 2015 79631 5.70688833333333
"11" 2015 79626 5.04298
"12" 2015 78370 4.7022
"13" 2015 79465 7.28429166666667
"14" 2015 79805 7.18245
"15" 2015 84661 8.60720166666666
"16" 2015 84237 12.63555
"17" 2015 85664 15.84784
"18" 2015 87128 20.91072
"19" 2015 90369 26.80947
"20" 2015 91373 27.1073233333333
"21" 2015 93302 27.8350966666667
"22" 2015 95596 30.11274
"23" 2015 100536 31.33372
"24" 2015 103338 32.37924
"25" 2015 105541 33.5972183333333
"26" 2015 106422 31.21712
"27" 2015 110123 30.83444
"28" 2015 109260 30.7749
"29" 2015 112188 37.20902
"30" 2015 113451 38.19517
"31" 2015 115063 35.66953
"32" 2015 114796 41.7092133333333
"33" 2015 117620 43.7154333333333
"34" 2015 117166 44.7183566666667
"35" 2015 117803 50.4589516666667
"36" 2015 114646 49.6799333333333
"37" 2015 113408 50.0885333333333
"38" 2015 113520 61.6792
"39" 2015 112829 66.3810616666667
"40" 2015 112317 65.14386
"41" 2015 114969 74.921465
"42" 2015 115627 85.1785566666667
"43" 2015 119165 95.1333916666667
"44" 2015 123116 111.214786666667
"45" 2015 124883 128.005075
"46" 2015 128140 140.526866666667
"47" 2015 131074 148.76899
"48" 2015 132348 173.1553
"49" 2015 135157 206.114425
"50" 2015 135381 222.92738
"51" 2015 137385 243.858375
"52" 2015 133323 268.86805
"53" 2015 128126 284.43972
"54" 2015 123612 303.46746
"55" 2015 120169 339.477425
"56" 2015 116355 353.913125
"57" 2015 111835 363.836533333333
"58" 2015 108928 391.05152
"59" 2015 105395 423.160925
"60" 2015 100950 445.526
"61" 2015 97474 480.709276666667
"62" 2015 93958 512.384293333333
"63" 2015 92790 549.16215
"64" 2015 88729 590.639376666667
"65" 2015 90535 668.751866666667
"66" 2015 88082 713.4642
"67" 2015 88411 781.111185
"68" 2015 86626 829.44395
"69" 2015 85862 897.2579
"70" 2015 81575 927.50775
"71" 2015 79860 1011.6931
"72" 2015 76403 1088.48807333333
"73" 2015 72359 1131.45356333333
"74" 2015 67018 1161.53363666667
"75" 2015 61086 1154.5254
"76" 2015 58771 1206.66658166667
"77" 2015 56078 1290.16785333333
"78" 2015 52924 1388.81396666667
"79" 2015 51759 1527.75315
"80" 2015 50050 1665.91425
"81" 2015 47388 1806.82546
"82" 2015 44048 1917.62968
"83" 2015 41857 2100.66330666667
"84" 2015 38304.39 2216.2920054
"85" 2015 36342.66 2391.7104546
"86" 2015 32401.09 2466.31696898333
"87" 2015 29282.25 2574.300205
"88" 2015 25310.91 2517.29655405
"89" 2015 22939.19 2600.23365046667
"90" 2015 19773.9 2565.465786
"91" 2015 16613.16 2430.920637
"92" 2015 13736.34 2254.362333
"93" 2015 10913.74 2011.3477133
"94" 2015 8990.76 1851.0626226
"95" 2015 6554.9 1492.70367766667
"96" 2015 4161.16 1042.63412013333
"97" 2015 2904.69 799.7773446
"98" 2015 2008.32 604.2432384
"99" 2015 1422.07 464.82491055
"100" 2015 928.28 327.6967642
"101" 2015 651.75 247.01325
"102" 2015 383.4 155.087217
"103" 2015 237 101.72751
"104" 2015 126 57.06729
"105" 2015 67 31.84845
"106" 2015 24 11.91272
"107" 2015 14 7.22176
"108" 2015 4 2.13488666666667
"109" 2015 1 0.549995
"110" 2015 1 0.778865
"111" 2015 4 4
"112" 2016 84904 289.52264
"113" 2016 85645 15.1306166666667
"114" 2016 84249 8.98656
"115" 2016 84600 8.46
"116" 2016 83633 8.3633
"117" 2016 84976 6.08994666666667
"118" 2016 83454 5.98087
"119" 2016 82877 6.215775
"120" 2016 81371 5.289115
"121" 2016 80579 5.77482833333333
"122" 2016 80401 5.09206333333333
"123" 2016 80352 4.82112
"124" 2016 79068 7.2479
"125" 2016 80158 7.21422
"126" 2016 80525 8.18670833333333
"127" 2016 85425 12.81375
"128" 2016 85064 15.73684
"129" 2016 86627 20.79048
"130" 2016 88927 26.3816766666667
"131" 2016 92668 27.4915066666667
"132" 2016 93227 27.8127216666667
"133" 2016 95135 29.967525
"134" 2016 97950 30.52775
"135" 2016 103337 32.3789266666667
"136" 2016 106399 33.8703483333333
"137" 2016 108900 31.944
"138" 2016 109967 30.79076
"139" 2016 113680 32.0198666666667
"140" 2016 112826 37.4206233333333
"141" 2016 115214 38.7887133333333
"142" 2016 116102 35.99162
"143" 2016 117710 42.7679666666667
"144" 2016 116936 43.4612133333333
"145" 2016 119582 45.6404633333333
"146" 2016 118954 50.9519633333333
"147" 2016 119484 51.7764
"148" 2016 116085 51.270875
"149" 2016 114823 62.3871633333333
"150" 2016 114775 67.5259583333333
"151" 2016 114043 66.14494
"152" 2016 113461 73.9387516666667
"153" 2016 116060 85.4975333333333
"154" 2016 116596 93.0824733333333
"155" 2016 120122 108.510206666667
"156" 2016 123928 127.0262
"157" 2016 125593 137.733656666667
"158" 2016 128798 146.18573
"159" 2016 131653 172.246008333333
"160" 2016 132787 202.500175
"161" 2016 135414 222.98172
"162" 2016 135553 240.606575
"163" 2016 137557 277.406616666667
"164" 2016 133203 295.71066
"165" 2016 128026 314.30383
"166" 2016 123435 348.703875
"167" 2016 119891 364.668458333333
"168" 2016 115985 377.337866666667
"169" 2016 111378 399.84702
"170" 2016 108328 434.93692
"171" 2016 104695 462.053933333333
"172" 2016 99934 492.841176666667
"173" 2016 96618 526.89016
"174" 2016 93031 550.588468333333
"175" 2016 91759 610.809076666667
"176" 2016 87637 647.345306666667
"177" 2016 89081 721.5561
"178" 2016 86899 767.752665
"179" 2016 87320 836.089
"180" 2016 85534 893.8303
"181" 2016 84759 963.70983
"182" 2016 80555 1020.49759166667
"183" 2016 78648 1120.47184
"184" 2016 75186 1175.65842
"185" 2016 71154 1233.21741
"186" 2016 65706 1241.8434
"187" 2016 59840 1228.61493333333
"188" 2016 57390 1320.3526
"189" 2016 54599 1432.76875833333
"190" 2016 51431 1518.07168333333
"191" 2016 50083 1667.012655
"192" 2016 48254 1839.84459666667
"193" 2016 45370 1975.18295
"194" 2016 41982 2106.93664
"195" 2016 39590 2290.6774
"196" 2016 35879.39 2361.2226559
"197" 2016 33867.66 2577.9498331
"198" 2016 29757.09 2616.0449722
"199" 2016 26577.25 2643.24039875
"200" 2016 22565.91 2557.9211182
"201" 2016 20155.19 2614.9343506
"202" 2016 17001.9 2487.8030175
"203" 2016 13950.16 2289.45375866667
"204" 2016 11327.34 2087.5721253
"205" 2016 8651.74 1781.2634899
"206" 2016 7039.76 1603.11761306667
"207" 2016 4924.9 1233.99936033333
"208" 2016 3015.16 830.1941544
"209" 2016 2040.69 613.9824003
"210" 2016 1359.32 444.3141318
"211" 2016 918.07 324.09248105
"212" 2016 600.28 227.50612
"213" 2016 422.75 171.00448875
"214" 2016 244.4 104.903812
"215" 2016 137 62.049355
"216" 2016 72 34.2252
"217" 2016 32 15.8836266666667
"218" 2016 10 5.1584
"219" 2016 9 4.803495
"220" 2016 1 0.549995
"221" 2016 0 0
"222" 2016 3 3
"223" 2017 86296 294.26936
"224" 2017 86967 15.36417
"225" 2017 86612 9.23861333333333
"226" 2017 84936 8.4936
"227" 2017 85304 8.5304
"228" 2017 84434 6.05110333333333
"229" 2017 85702 6.14197666666667
"230" 2017 84384 6.3288
"231" 2017 83741 5.443165
"232" 2017 82195 5.89064166666667
"233" 2017 81375 5.15375
"234" 2017 81149 4.86894
"235" 2017 81083 7.43260833333333
"236" 2017 79781 7.18029
"237" 2017 81032 8.23825333333333
"238" 2017 81507 12.22605
"239" 2017 86685 16.036725
"240" 2017 86703 20.80872
"241" 2017 89200 26.4626666666667
"242" 2017 92380 27.4060666666667
"243" 2017 94875 28.304375
"244" 2017 95443 30.064545
"245" 2017 97644 30.43238
"246" 2017 100957 31.6331933333333
"247" 2017 106616 33.9394266666667
"248" 2017 109592 32.1469866666667
"249" 2017 112685 31.5518
"250" 2017 113549 31.9829683333333
"251" 2017 116985 38.800025
"252" 2017 115770 38.9759
"253" 2017 117891 36.54621
"254" 2017 118441 43.0335633333333
"255" 2017 119771 44.5148883333333
"256" 2017 118859 45.3645183333333
"257" 2017 121138 51.8874433333333
"258" 2017 120459 52.1989
"259" 2017 120823 53.3634916666667
"260" 2017 117375 63.77375
"261" 2017 115893 68.183715
"262" 2017 115789 67.15762
"263" 2017 114962 74.9169033333333
"264" 2017 114328 84.2216266666667
"265" 2017 116773 93.2237783333333
"266" 2017 117430 106.078433333333
"267" 2017 120737 123.755425
"268" 2017 124455 136.48565
"269" 2017 126056 143.07356
"270" 2017 129200 169.036666666667
"271" 2017 131923 201.182575
"272" 2017 133045 219.080766666667
"273" 2017 135438 240.40245
"274" 2017 135542 273.343033333333
"275" 2017 137480 305.2056
"276" 2017 132962 326.42171
"277" 2017 127619 360.523675
"278" 2017 122990 374.094583333333
"279" 2017 119313 388.16496
"280" 2017 115325 414.01675
"281" 2017 110590 444.01885
"282" 2017 107594 474.848186666667
"283" 2017 103695 511.389175
"284" 2017 99032 540.054506666667
"285" 2017 95579 565.668381666667
"286" 2017 91869 611.54131
"287" 2017 90533 668.737093333333
"288" 2017 86145 697.7745
"289" 2017 87745 775.227075
"290" 2017 85790 821.43925
"291" 2017 86206 900.8527
"292" 2017 84482 960.56034
"293" 2017 83660 1059.83276666667
"294" 2017 79380 1130.9004
"295" 2017 77360 1209.65253333333
"296" 2017 74007 1282.664655
"297" 2017 69833 1319.8437
"298" 2017 64398 1322.19827
"299" 2017 58444 1344.60162666667
"300" 2017 55966 1468.64111666667
"301" 2017 53160 1569.106
"302" 2017 49931 1661.953335
"303" 2017 48295 1841.40785833333
"304" 2017 46289 2015.191615
"305" 2017 43298 2172.98229333333
"306" 2017 39825 2304.2745
"307" 2017 37264 2452.34384
"308" 2017 33448.39 2546.03569948333
"309" 2017 31269.66 2749.0200428
"310" 2017 27064.09 2691.65907095
"311" 2017 23929.25 2712.46025166667
"312" 2017 19999.91 2594.7883234
"313" 2017 17436.19 2551.35050175
"314" 2017 14598.9 2395.922805
"315" 2017 11610.16 2139.6944372
"316" 2017 9269.34 1908.4180659
"317" 2017 6867.74 1563.94464526667
"318" 2017 5391.76 1350.97735813333
"319" 2017 3730.9 1027.266006
"320" 2017 2215.16 666.4751892
"321" 2017 1487.69 486.27379185
"322" 2017 920.32 324.8867648
"323" 2017 605.07 229.32153
"324" 2017 384.28 155.4431814
"325" 2017 236.75 101.6202025
"326" 2017 143.4 64.948011
"327" 2017 73 34.70055
"328" 2017 43 21.3436233333333
"329" 2017 20 10.3168
"330" 2017 4 2.13488666666667
"331" 2017 6 3.29997
"332" 2017 0 0
"333" 2017 3 3
"334" 2018 85611 291.93351
"335" 2018 88206 15.58306
"336" 2018 87541 9.33770666666667
"337" 2018 87070 8.707
"338" 2018 85315 8.5315
"339" 2018 85898 6.15602333333333
"340" 2018 85086 6.09783
"341" 2018 86235 6.467625
"342" 2018 84928 5.52032
"343" 2018 84337 6.04415166666667
"344" 2018 82767 5.24191
"345" 2018 82026 4.92156
"346" 2018 81729 7.491825
"347" 2018 81745 7.35705
"348" 2018 80561 8.19036833333333
"349" 2018 81805 12.27075
"350" 2018 82277 15.221245
"351" 2018 87844 21.08256
"352" 2018 88442 26.2377933333333
"353" 2018 91071 27.01773
"354" 2018 93447 27.878355
"355" 2018 95962 30.22803
"356" 2018 96741 30.150945
"357" 2018 99433 31.1556733333333
"358" 2018 103126 32.8284433333333
"359" 2018 109120 32.0085333333333
"360" 2018 112344 31.45632
"361" 2018 115664 32.5786933333333
"362" 2018 116205 38.541325
"363" 2018 119484 40.22628
"364" 2018 117867 36.53877
"365" 2018 119803 43.5284233333333
"366" 2018 120129 44.647945
"367" 2018 121088 46.2152533333333
"368" 2018 120008 51.4034266666667
"369" 2018 122467 53.0690333333333
"370" 2018 121530 53.67575
"371" 2018 121803 66.17963
"372" 2018 118156 69.5151133333333
"373" 2018 116771 67.72718
"374" 2018 116577 75.969345
"375" 2018 115510 85.0923666666667
"376" 2018 114913 91.7388783333333
"377" 2018 117289 105.951063333333
"378" 2018 117882 120.82905
"379" 2018 121145 132.855683333333
"380" 2018 124767 141.610545
"381" 2018 126312 165.2582
"382" 2018 129490 197.47225
"383" 2018 131882 217.165693333333
"384" 2018 132985 236.048375
"385" 2018 135292 272.838866666667
"386" 2018 135189 300.11958
"387" 2018 137150 336.70325
"388" 2018 132480 374.256
"389" 2018 126998 386.285583333333
"390" 2018 122245 397.703733333333
"391" 2018 118586 425.72374
"392" 2018 114426 459.42039
"393" 2018 109632 483.84256
"394" 2018 106341 524.438365
"395" 2018 102553 559.255693333333
"396" 2018 97795 578.783408333333
"397" 2018 94287 627.63713
"398" 2018 90397 667.732506666667
"399" 2018 88779 719.1099
"400" 2018 84715 748.457025
"401" 2018 86481 828.055575
"402" 2018 84564 883.6938
"403" 2018 84953 965.91561
"404" 2018 83230 1054.38538333333
"405" 2018 82377 1173.59766
"406" 2018 78096 1221.16112
"407" 2018 76048 1318.03858666667
"408" 2018 72610 1372.329
"409" 2018 68354 1403.42154333333
"410" 2018 62950 1448.26966666667
"411" 2018 56973 1495.066475
"412" 2018 54419 1606.26748333333
"413" 2018 51480 1713.5118
"414" 2018 48170 1836.64181666667
"415" 2018 46390 2019.58865
"416" 2018 44158 2216.14282666667
"417" 2018 41049 2375.09514
"418" 2018 37430 2463.2683
"419" 2018 34724 2643.13300666667
"420" 2018 30890.39 2715.67715286667
"421" 2018 28428.66 2827.3723803
"422" 2018 24353.09 2760.50392846667
"423" 2018 21092.25 2736.508515
"424" 2018 17369.91 2541.65208075
"425" 2018 14836.19 2434.86604883333
"426" 2018 12205.9 2249.4863405
"427" 2018 9425.16 1940.4990666
"428" 2018 7307.34 1664.0518226
"429" 2018 5258.74 1317.64742353333
"430" 2018 4017.76 1106.2500384
"431" 2018 2671.9 803.894553
"432" 2018 1545.16 505.0587234
"433" 2018 981.69 346.55129535
"434" 2018 609.32 230.93228
"435" 2018 374.07 151.31318535
"436" 2018 232.28 99.7015444
"437" 2018 127.75 57.85989125
"438" 2018 73.4 34.89069
"439" 2018 37 18.3654433333333
"440" 2018 18 9.28512
"441" 2018 9 4.803495
"442" 2018 3 1.649985
"443" 2018 1 0.778865
"444" 2018 1 1
"445" 2019 86168 293.83288
"446" 2019 87251 15.4143433333333
"447" 2019 88804 9.47242666666667
"448" 2019 87997 8.7997
"449" 2019 87660 8.766
"450" 2019 85802 6.14914333333333
"451" 2019 86517 6.200385
"452" 2019 85659 6.424425
"453" 2019 86853 5.645445
"454" 2019 85473 6.125565
"455" 2019 85018 5.38447333333333
"456" 2019 83396 5.00376
"457" 2019 82540 7.56616666666667
"458" 2019 82340 7.4106
"459" 2019 82268 8.36391333333333
"460" 2019 81171 12.17565
"461" 2019 82430 15.24955
"462" 2019 82884 19.89216
"463" 2019 89304 26.49352
"464" 2019 89923 26.6771566666667
"465" 2019 91845 27.400425
"466" 2019 94380 29.7297
"467" 2019 97306 30.3270366666667
"468" 2019 98475 30.8555
"469" 2019 101439 32.291415
"470" 2019 105517 30.9516533333333
"471" 2019 111890 31.3292
"472" 2019 115025 32.3987083333333
"473" 2019 118232 39.2136133333333
"474" 2019 118624 39.9367466666667
"475" 2019 121551 37.68081
"476" 2019 119651 43.4731966666667
"477" 2019 121315 45.0887416666667
"478" 2019 121692 46.44578
"479" 2019 122281 52.3770283333333
"480" 2019 121206 52.5226
"481" 2019 123482 54.5378833333333
"482" 2019 122485 66.5501833333333
"483" 2019 122602 72.1308433333333
"484" 2019 118931 68.97998
"485" 2019 117388 76.4978466666667
"486" 2019 117070 86.2415666666667
"487" 2019 116092 92.6801133333333
"488" 2019 115478 104.315126666667
"489" 2019 117755 120.698875
"490" 2019 118183 129.607356666667
"491" 2019 121474 137.87299
"492" 2019 124965 163.495875
"493" 2019 126408 192.7722
"494" 2019 129619 213.439286666667
"495" 2019 131905 234.131375
"496" 2019 132812 267.837533333333
"497" 2019 134948 299.58456
"498" 2019 134843 331.039565
"499" 2019 136638 386.00235
"500" 2019 131834 400.995083333333
"501" 2019 126338 411.019626666667
"502" 2019 121521 436.26039
"503" 2019 117627 472.272405
"504" 2019 113412 500.52496
"505" 2019 108172 533.468246666667
"506" 2019 104986 572.523653333333
"507" 2019 101270 599.349616666667
"508" 2019 96383 641.589503333333
"509" 2019 92718 684.87696
"510" 2019 88544 717.2064
"511" 2019 87262 770.95977
"512" 2019 83525 799.751875
"513" 2019 85299 891.37455
"514" 2019 83366 947.87142
"515" 2019 83694 1060.26349
"516" 2019 81987 1168.04146
"517" 2019 81041 1267.21110333333
"518" 2019 76743 1330.084095
"519" 2019 74651 1410.9039
"520" 2019 71073 1459.247145
"521" 2019 66928 1539.79018666667
"522" 2019 61435 1612.15679166667
"523" 2019 55340 1633.45233333333
"524" 2019 52761 1756.149885
"525" 2019 49723 1895.85511833333
"526" 2019 46253 2013.624355
"527" 2019 44302 2223.36970666667
"528" 2019 41906 2424.68116
"529" 2019 38648 2543.42488
"530" 2019 34943 2659.80292166667
"531" 2019 32078 2820.08390666667
"532" 2019 28162.39 2800.89049745
"533" 2019 25693.66 2912.46200653333
"534" 2019 21564.09 2797.7250366
"535" 2019 18358.25 2686.27093125
"536" 2019 14812.91 2431.04541283333
"537" 2019 12357.19 2277.36833105
"538" 2019 9952.9 2049.1528165
"539" 2019 7471.16 1701.35745906667
"540" 2019 5695.34 1427.04337486667
"541" 2019 3950.74 1087.7967516
"542" 2019 2944.76 885.9899412
"543" 2019 1877.9 613.8197835
"544" 2019 1081.16 381.6656974
"545" 2019 672.69 254.94951
"546" 2019 372.32 150.6053016
"547" 2019 214.07 91.8852661
"548" 2019 143.28 64.8936612
"549" 2019 72.75 34.5817125
"550" 2019 42.4 21.0458053333333
"551" 2019 22 11.34848
"552" 2019 10 5.33721666666667
"553" 2019 6 3.29997
"554" 2019 1 0.778865
"555" 2019 1 1
"556" 2020 84500 288.145
"557" 2020 87774 15.50674
"558" 2020 87829 9.36842666666667
"559" 2020 89144 8.9144
"560" 2020 88448 8.8448
"561" 2020 88205 6.32135833333333
"562" 2020 86352 6.18856
"563" 2020 87092 6.5319
"564" 2020 86267 5.607355
"565" 2020 87432 6.26596
"566" 2020 86101 5.45306333333333
"567" 2020 85724 5.14344
"568" 2020 84001 7.70009166666667
"569" 2020 83159 7.48431
"570" 2020 82890 8.42715
"571" 2020 82856 12.4284
"572" 2020 81637 15.102845
"573" 2020 82950 19.908
"574" 2020 84207 24.98141
"575" 2020 90630 26.8869
"576" 2020 90818 27.0940366666667
"577" 2020 92668 29.19042
"578" 2020 96074 29.9430633333333
"579" 2020 99246 31.09708
"580" 2020 100697 32.0552116666667
"581" 2020 103940 30.4890666666667
"582" 2020 108374 30.34472
"583" 2020 114777 32.328855
"584" 2020 117966 39.12539
"585" 2020 120790 40.6659666666667
"586" 2020 120951 37.49481
"587" 2020 123719 44.9512366666667
"588" 2020 121483 45.1511816666667
"589" 2020 122975 46.9354583333333
"590" 2020 122953 52.6648683333333
"591" 2020 123350 53.4516666666667
"592" 2020 122415 54.066625
"593" 2020 124532 67.6623866666667
"594" 2020 123430 72.6179833333333
"595" 2020 123368 71.55344
"596" 2020 119672 77.9862533333333
"597" 2020 118212 87.08284
"598" 2020 117660 93.9319
"599" 2020 116625 105.35125
"600" 2020 115987 118.886675
"601" 2020 118170 129.5931
"602" 2020 118579 134.587165
"603" 2020 121751 159.290891666667
"604" 2020 125213 190.949825
"605" 2020 126456 208.23088
"606" 2020 129488 229.8412
"607" 2020 131768 265.732133333333
"608" 2020 132580 294.3276
"609" 2020 134647 330.558385
"610" 2020 134334 379.49355
"611" 2020 135976 413.593666666667
"612" 2020 131156 426.694186666667
"613" 2020 125675 451.17325
"614" 2020 120627 484.317405
"615" 2020 116586 514.53288
"616" 2020 111966 552.17899
"617" 2020 106920 583.0704
"618" 2020 103644 613.39974
"619" 2020 99887 664.914463333333
"620" 2020 94930 701.216266666667
"621" 2020 90810 735.561
"622" 2020 87083 769.378305
"623" 2020 86127 824.666025
"624" 2020 82416 861.2472
"625" 2020 84176 957.08112
"626" 2020 82159 1040.81759833333
"627" 2020 82424 1174.26725333333
"628" 2020 80621 1260.64370333333
"629" 2020 79524 1378.28346
"630" 2020 75363 1424.3607
"631" 2020 73162 1502.13779666667
"632" 2020 69497 1598.89431333333
"633" 2020 65330 1714.36808333333
"634" 2020 59792 1764.86053333333
"635" 2020 53646 1785.60711
"636" 2020 51003 1944.659385
"637" 2020 47790 2080.53765
"638" 2020 44240 2220.25813333333
"639" 2020 41987 2429.36782
"640" 2020 39493 2599.03433
"641" 2020 36129 2750.079265
"642" 2020 32378 2846.45790666667
"643" 2020 29277 2911.744035
"644" 2020 25394.39 2878.53875446667
"645" 2020 22877.66 2968.1476084
"646" 2020 18770.09 2746.53341925
"647" 2020 15813.25 2595.21787916667
"648" 2020 12358.91 2277.68531845
"649" 2020 10142.19 2088.12478815
"650" 2020 7907.9 1800.81334766667
"651" 2020 5827.16 1460.07263346667
"652" 2020 4275.34 1177.1721156
"653" 2020 2842.74 855.2951838
"654" 2020 2094.76 684.7037274
"655" 2020 1286.9 454.2950035
"656" 2020 709.16 268.77164
"657" 2020 431.69 174.62076345
"658" 2020 223.32 95.8556436
"659" 2020 135.07 61.17522905
"660" 2020 64.28 30.555498
"661" 2020 38.75 19.2340791666667
"662" 2020 21.4 11.038976
"663" 2020 8 4.26977333333333
"664" 2020 4 2.19998
"665" 2020 0 0
"666" 2020 1 1
"667" 2021 84374 287.71534
"668" 2021 86267 15.2405033333333
"669" 2021 88408 9.43018666666667
"670" 2021 88343 8.8343
"671" 2021 89726 8.9726
"672" 2021 89089 6.38471166666667
"673" 2021 88843 6.36708166666667
"674" 2021 87050 6.52875
"675" 2021 87817 5.708105
"676" 2021 86886 6.22683
"677" 2021 88123 5.58112333333333
"678" 2021 86771 5.20626
"679" 2021 86290 7.90991666666667
"680" 2021 84505 7.60545
"681" 2021 83779 8.51753166666666
"682" 2021 83528 12.5292
"683" 2021 83495 15.446575
"684" 2021 82275 19.746
"685" 2021 84863 25.1760233333333
"686" 2021 85869 25.47447
"687" 2021 91781 27.3813316666667
"688" 2021 91899 28.948185
"689" 2021 94606 29.4855366666667
"690" 2021 98165 30.7583666666667
"691" 2021 101730 32.38405
"692" 2021 103391 30.3280266666667
"693" 2021 106951 29.94628
"694" 2021 111364 31.3675266666667
"695" 2021 117703 39.0381616666667
"696" 2021 120544 40.5831466666667
"697" 2021 123399 38.25369
"698" 2021 123312 44.80336
"699" 2021 125806 46.7578966666667
"700" 2021 123335 47.0728583333333
"701" 2021 124607 53.3733316666667
"702" 2021 124565 53.9781666666667
"703" 2021 124621 55.0409416666667
"704" 2021 123553 67.1304633333333
"705" 2021 125613 73.902315
"706" 2021 124419 72.16302
"707" 2021 124293 80.997605
"708" 2021 120596 88.8390533333333
"709" 2021 119017 95.0152383333333
"710" 2021 118364 106.922146666667
"711" 2021 117348 120.2817
"712" 2021 116590 127.860366666667
"713" 2021 118719 134.746065
"714" 2021 118960 155.639333333333
"715" 2021 122118 186.22995
"716" 2021 125472 206.61056
"717" 2021 126614 224.73985
"718" 2021 129574 261.307566666667
"719" 2021 131663 292.29186
"720" 2021 132408 325.06164
"721" 2021 134350 379.53875
"722" 2021 134009 407.610708333333
"723" 2021 135357 440.36144
"724" 2021 130537 468.62783
"725" 2021 124810 501.11215
"726" 2021 119787 528.65996
"727" 2021 115194 568.09841
"728" 2021 110830 604.392933333333
"729" 2021 105694 625.532323333333
"730" 2021 102294 680.93706
"731" 2021 98367 726.60424
"732" 2021 93072 753.8832
"733" 2021 89445 790.246575
"734" 2021 86013 823.574475
"735" 2021 84991 888.15595
"736" 2021 81393 925.43841
"737" 2021 82979 1051.20563166667
"738" 2021 80954 1153.32465333333
"739" 2021 81087 1267.93039
"740" 2021 79224 1373.08396
"741" 2021 77971 1473.6519
"742" 2021 73785 1514.929025
"743" 2021 71402 1642.72201333333
"744" 2021 67781 1778.68640833333
"745" 2021 63347 1869.79228333333
"746" 2021 57937 1928.433045
"747" 2021 51610 1967.80328333333
"748" 2021 48820 2125.3787
"749" 2021 45494 2283.19221333333
"750" 2021 41832 2420.39952
"751" 2021 39330 2588.3073
"752" 2021 36479 2776.72068166667
"753" 2021 33042 2904.83236
"754" 2021 29164 2900.50562
"755" 2021 26047 2952.51427333333
"756" 2021 22169.39 2876.2566586
"757" 2021 19604.66 2868.6518745
"758" 2021 15688.09 2574.67703716667
"759" 2021 12878.25 2373.39708375
"760" 2021 9857.91 2029.59580035
"761" 2021 7866.19 1791.31500743333
"762" 2021 5963.9 1494.33466366667
"763" 2021 4220.16 1161.9788544
"764" 2021 3041.34 915.0479658
"765" 2021 1979.74 647.1077151
"766" 2021 1367.76 482.8397964
"767" 2021 810.9 307.3311
"768" 2021 443.16 179.2604358
"769" 2021 262.69 112.7544287
"770" 2021 125.32 56.7593078
"771" 2021 76.07 36.1598745
"772" 2021 32.28 16.0226084
"773" 2021 16.75 8.64032
"774" 2021 9.4 5.01698366666667
"775" 2021 0 0
"776" 2021 0 0
"777" 2021 0 0
