"year" "population" "expected"
"1" 2015 499940 1364.8362
"2" 2015 511448 80.9792666666667
"3" 2015 532895 59.5066083333333
"4" 2015 539900 48.591
"5" 2015 555647 42.5996033333333
"6" 2015 564915 40.485575
"7" 2015 571217 36.1770766666667
"8" 2015 568782 31.28301
"9" 2015 569129 35.0962883333333
"10" 2015 565607 39.59249
"11" 2015 570929 42.819675
"12" 2015 566055 43.39755
"13" 2015 562246 44.97968
"14" 2015 567956 54.9024133333333
"15" 2015 578507 69.42084
"16" 2015 568252 88.07906
"17" 2015 568447 108.952341666667
"18" 2015 567946 129.681003333333
"19" 2015 570728 150.291706666667
"20" 2015 572067 159.225315
"21" 2015 581875 167.773958333333
"22" 2015 596841 177.06283
"23" 2015 622716 187.85266
"24" 2015 623610 185.0043
"25" 2015 635226 194.80264
"26" 2015 636172 206.7559
"27" 2015 651427 209.542351666667
"28" 2015 639283 207.766975
"29" 2015 643403 213.395328333333
"30" 2015 665331 225.103655
"31" 2015 678538 242.011886666667
"32" 2015 692273 265.371316666667
"33" 2015 715538 289.79289
"34" 2015 722073 305.67757
"35" 2015 739783 326.737491666667
"36" 2015 765110 363.42725
"37" 2015 806726 427.56478
"38" 2015 833639 477.953026666667
"39" 2015 871157 548.82891
"40" 2015 912804 634.39878
"41" 2015 950732 724.140873333333
"42" 2015 945247 803.45995
"43" 2015 955105 875.512916666667
"44" 2015 965223 970.049115
"45" 2015 957607 1074.11585166667
"46" 2015 983789 1221.53800833333
"47" 2015 977252 1342.09274666667
"48" 2015 981170 1470.11971666667
"49" 2015 991110 1641.9389
"50" 2015 989559 1819.139295
"51" 2015 1002737 2018.84382666667
"52" 2015 940784 2088.54048
"53" 2015 908854 2235.78084
"54" 2015 890949 2408.53213
"55" 2015 863111 2560.56263333333
"56" 2015 842569 2776.264855
"57" 2015 804978 2922.07014
"58" 2015 797381 3152.31288666667
"59" 2015 780974 3407.64988666667
"60" 2015 766096 3725.78021333333
"61" 2015 753862 3981.64779666667
"62" 2015 718861 4138.24315666667
"63" 2015 706848 4497.90944
"64" 2015 703996 4926.79867333333
"65" 2015 728804 5557.1305
"66" 2015 732105 6094.774125
"67" 2015 762719 6995.40442833333
"68" 2015 744050 7471.50208333333
"69" 2015 741832 8181.17057333333
"70" 2015 570390 6927.38655
"71" 2015 583984 7877.94416
"72" 2015 586521 8810.522955
"73" 2015 579300 9656.931
"74" 2015 578208 10745.99568
"75" 2015 630060 13013.8893
"76" 2015 613015 14065.629175
"77" 2015 586884 14900.00662
"78" 2015 534331 15126.0200583333
"79" 2015 491887 15755.14061
"80" 2015 490262 17756.4725366667
"81" 2015 461054 19084.5619066667
"82" 2015 432359 20483.007625
"83" 2015 400186 21595.3705133333
"84" 2015 380759 23477.59994
"85" 2015 369558 26050.14342
"86" 2015 307579.86 24806.315709
"87" 2015 280625.72 25862.9340647333
"88" 2015 251962.11 26479.11807675
"89" 2015 219230.51 26224.7189903833
"90" 2015 188892.95 25367.6935418333
"91" 2015 159735.04 23973.5672533333
"92" 2015 134870.88 22477.1312912
"93" 2015 108411.79 20023.4769266833
"94" 2015 86336.49 17669.6260434
"95" 2015 66653.18 15029.1812036667
"96" 2015 33188.58 8233.0910406
"97" 2015 18729.88 5083.91376133333
"98" 2015 14675.53 4336.88816638333
"99" 2015 12612.27 4037.1035452
"100" 2015 10980.85 3787.27686358333
"101" 2015 7723.29 2854.9656371
"102" 2015 4788.69 1887.21474785
"103" 2015 2942.1 1229.680116
"104" 2015 1551.42 684.17622
"105" 2015 947.23 438.580119733333
"106" 2015 449.56 217.509116266667
"107" 2015 219.59 110.522574866667
"108" 2015 94.68 49.365363
"109" 2015 50.53 27.1859821666667
"110" 2015 23.63 18.2655567833333
"111" 2015 11.67 11.67
"112" 2016 482977 1318.52721
"113" 2016 499707 79.120275
"114" 2016 510117 56.963065
"115" 2016 531804 47.86236
"116" 2016 539174 41.3366733333333
"117" 2016 555014 39.7760033333333
"118" 2016 564416 35.7463466666667
"119" 2016 570307 31.366885
"120" 2016 568376 35.0498533333333
"121" 2016 568836 39.81852
"122" 2016 565198 42.38985
"123" 2016 570683 43.7523633333333
"124" 2016 566021 45.28168
"125" 2016 562296 54.35528
"126" 2016 568077 68.16924
"127" 2016 579057 89.753835
"128" 2016 569082 109.07405
"129" 2016 569765 130.096341666667
"130" 2016 570722 150.290126666667
"131" 2016 574614 159.93423
"132" 2016 575189 165.846161666667
"133" 2016 584654 173.447353333333
"134" 2016 599431 180.828351666667
"135" 2016 625753 185.640056666667
"136" 2016 626406 192.09784
"137" 2016 638292 207.4449
"138" 2016 638904 205.51412
"139" 2016 653944 212.5318
"140" 2016 641855 212.881908333333
"141" 2016 645791 218.492621666667
"142" 2016 667346 238.020073333333
"143" 2016 680181 260.73605
"144" 2016 693458 280.85049
"145" 2016 716830 303.458033333333
"146" 2016 722978 319.315283333333
"147" 2016 741009 351.979275
"148" 2016 765659 405.79927
"149" 2016 807208 462.799253333333
"150" 2016 834054 525.45402
"151" 2016 871203 605.486085
"152" 2016 912484 695.008646666667
"153" 2016 950153 807.63005
"154" 2016 944551 865.838416666667
"155" 2016 954408 959.18004
"156" 2016 964234 1081.54913666667
"157" 2016 956402 1187.53248333333
"158" 2016 982464 1349.25056
"159" 2016 975787 1462.05418833333
"160" 2016 979534 1622.76132666667
"161" 2016 989111 1818.31572166667
"162" 2016 987355 1987.87473333333
"163" 2016 1000098 2220.21756
"164" 2016 938229 2308.04334
"165" 2016 906328 2450.10669333333
"166" 2016 888056 2634.56613333333
"167" 2016 860092 2834.00314
"168" 2016 839440 3047.1672
"169" 2016 801557 3168.82200666667
"170" 2016 793763 3463.45255666667
"171" 2016 777007 3778.84404333333
"172" 2016 761782 4023.47859666667
"173" 2016 749154 4312.62986
"174" 2016 714112 4544.13269333333
"175" 2016 701841 4911.717265
"176" 2016 698200 5323.775
"177" 2016 722535 6015.103875
"178" 2016 725284 6652.06308666667
"179" 2016 754814 7579.59058333333
"180" 2016 735440 8110.67746666667
"181" 2016 732301 8893.795645
"182" 2016 562352 7586.12848
"183" 2016 575250 8641.21375
"184" 2016 576453 9609.47151
"185" 2016 568288 10561.63248
"186" 2016 566362 11698.20711
"187" 2016 615828 14130.17346
"188" 2016 597697 15174.5306683333
"189" 2016 570235 16142.4024583333
"190" 2016 517299 16569.08697
"191" 2016 473983 17166.8742883333
"192" 2016 470284 19466.6223733333
"193" 2016 439915 20840.973125
"194" 2016 409352 22089.9984266667
"195" 2016 376316 23203.64456
"196" 2016 354648 24999.13752
"197" 2016 341216 27519.0704
"198" 2016 280684.86 25868.3845057
"199" 2016 252864.72 26573.974866
"200" 2016 223914.11 26784.9790283833
"201" 2016 191618.51 25733.7271646333
"202" 2016 162106.95 24329.5514125
"203" 2016 134390.04 22396.9960996
"204" 2016 111382.88 20572.2322978667
"205" 2016 87519.79 17911.8002214
"206" 2016 68129.49 15362.0645035
"207" 2016 50882.18 12622.3423926
"208" 2016 24750.58 6718.13243133333
"209" 2016 13420.88 3966.11608946667
"210" 2016 10340.53 3309.93471613333
"211" 2016 8493.27 2929.31466755
"212" 2016 7159.85 2646.68628483333
"213" 2016 4851.29 1911.88530351667
"214" 2016 2874.69 1201.5054324
"215" 2016 1638.1 722.4021
"216" 2016 861.42 398.8489456
"217" 2016 487.23 235.7348668
"218" 2016 238.56 120.0704288
"219" 2016 111.59 58.1820960833333
"220" 2016 41.68 22.4245346666667
"221" 2016 21.53 16.6422952833333
"222" 2016 16.31 16.31
"223" 2017 469956 1282.97988
"224" 2017 482975 76.4710416666667
"225" 2017 499100 55.7328333333333
"226" 2017 508569 45.77121
"227" 2017 530684 40.6857733333333
"228" 2017 538315 38.5792416666667
"229" 2017 554223 35.10079
"230" 2017 563484 30.99162
"231" 2017 569449 35.1160216666667
"232" 2017 567734 39.74138
"233" 2017 568351 42.626325
"234" 2017 564759 43.29819
"235" 2017 570232 45.61856
"236" 2017 565648 54.6793066666667
"237" 2017 562006 67.44072
"238" 2017 567907 88.025585
"239" 2017 579513 111.073325
"240" 2017 570420 130.2459
"241" 2017 575369 151.513836666667
"242" 2017 577538 160.748076666667
"243" 2017 580173 167.283215
"244" 2017 580454 172.201353333333
"245" 2017 588669 177.581815
"246" 2017 603268 178.969506666667
"247" 2017 629620 193.083466666667
"248" 2017 629535 204.598875
"249" 2017 642436 206.650246666667
"250" 2017 642007 208.652275
"251" 2017 657178 217.964036666667
"252" 2017 644695 218.121808333333
"253" 2017 648456 231.28264
"254" 2017 669475 256.632083333333
"255" 2017 681886 276.16383
"256" 2017 694656 294.07104
"257" 2017 718039 317.133891666667
"258" 2017 723845 343.826375
"259" 2017 741912 393.21336
"260" 2017 765861 439.09364
"261" 2017 807330 508.6179
"262" 2017 833831 579.512545
"263" 2017 870791 663.252478333333
"264" 2017 911851 775.07335
"265" 2017 949191 870.09175
"266" 2017 943493 948.210465
"267" 2017 953322 1069.30951
"268" 2017 962938 1195.64801666667
"269" 2017 954941 1311.45230666667
"270" 2017 980760 1469.5054
"271" 2017 974118 1613.78882
"272" 2017 977856 1797.62528
"273" 2017 987086 1987.33314666667
"274" 2017 985049 2186.80878
"275" 2017 997621 2454.14766
"276" 2017 935698 2529.50359333333
"277" 2017 903469 2680.29136666667
"278" 2017 885121 2916.473695
"279" 2017 856993 3110.88459
"280" 2017 836111 3305.42548666667
"281" 2017 798005 3481.96181666667
"282" 2017 789831 3841.21143
"283" 2017 773056 4083.02410666667
"284" 2017 757380 4359.9842
"285" 2017 744596 4738.11254666667
"286" 2017 709343 4964.21876166667
"287" 2017 696611 5311.658875
"288" 2017 692446 5764.61295
"289" 2017 716222 6568.94944333333
"290" 2017 717997 7209.88654166667
"291" 2017 746468 8232.29792666666
"292" 2017 726598 8824.53271
"293" 2017 722568 9747.44232
"294" 2017 554076 8323.14498
"295" 2017 566025 9435.63675
"296" 2017 565998 10519.07283
"297" 2017 556967 11504.153385
"298" 2017 554027 12712.149515
"299" 2017 601204 15263.5675533333
"300" 2017 581870 16471.7699166667
"301" 2017 553415 17725.88245
"302" 2017 500056 18111.1948933333
"303" 2017 456104 18879.6649066667
"304" 2017 450097 21323.345375
"305" 2017 418373 22576.8016566667
"306" 2017 386509 23832.14494
"307" 2017 352595 24854.42155
"308" 2017 329223 26551.83495
"309" 2017 313435 28886.6919916667
"310" 2017 254744.86 26771.5619121667
"311" 2017 226450.72 27088.4125442667
"312" 2017 197328.11 26500.5074126333
"313" 2017 166374.51 24970.0410425
"314" 2017 138368.95 23060.1079771667
"315" 2017 112426.04 20764.9022112667
"316" 2017 91273.88 18680.1122808
"317" 2017 70220.79 15833.6177985
"318" 2017 53070.49 13165.1964543
"319" 2017 38939.18 10569.3914246667
"320" 2017 18325.58 5415.54485896667
"321" 2017 9724.88 3112.86925546667
"322" 2017 7249.53 2500.35081445
"323" 2017 5642.27 2085.70272063333
"324" 2017 4741.85 1868.75518191667
"325" 2017 3041.29 1271.1375684
"326" 2017 1733.69 764.55729
"327" 2017 957.1 443.150061333333
"328" 2017 470.42 227.601740533333
"329" 2017 277.23 139.5335554
"330" 2017 113.56 59.2092376666667
"331" 2017 54.59 29.3703298333333
"332" 2017 21.68 16.7582425333333
"333" 2017 15.85 15.85
"334" 2018 455066 1242.33018
"335" 2018 470412 74.4819
"336" 2018 482810 53.9137833333333
"337" 2018 498644 44.87796
"338" 2018 507352 38.8969866666667
"339" 2018 529716 37.96298
"340" 2018 537576 34.04648
"341" 2018 553502 30.44261
"342" 2018 562718 34.7009433333333
"343" 2018 568873 39.82111
"344" 2018 567324 42.5493
"345" 2018 568083 43.55303
"346" 2018 564478 45.15824
"347" 2018 570184 55.1177866666667
"348" 2018 565934 67.91208
"349" 2018 562182 87.13821
"350" 2018 568641 108.989525
"351" 2018 581989 132.887488333333
"352" 2018 579330 152.5569
"353" 2018 587285 163.460991666667
"354" 2018 585466 168.809363333333
"355" 2018 587622 174.32786
"356" 2018 586266 176.85691
"357" 2018 594005 176.221483333333
"358" 2018 607703 186.362253333333
"359" 2018 634033 206.060725
"360" 2018 632522 203.461243333333
"361" 2018 645936 209.9292
"362" 2018 644515 213.764141666667
"363" 2018 659634 223.17617
"364" 2018 646636 230.633506666667
"365" 2018 650448 249.3384
"366" 2018 670717 271.640385
"367" 2018 683056 289.160373333333
"368" 2018 695415 307.141625
"369" 2018 718861 341.458975
"370" 2018 724286 383.87158
"371" 2018 742259 425.561826666667
"372" 2018 765795 482.45085
"373" 2018 807054 560.90253
"374" 2018 833227 634.641231666667
"375" 2018 870131 739.61135
"376" 2018 910933 835.021916666667
"377" 2018 948160 952.9008
"378" 2018 942507 1057.178685
"379" 2018 952006 1182.07411666667
"380" 2018 961551 1320.53004
"381" 2018 953283 1428.335695
"382" 2018 979137 1622.10363
"383" 2018 972309 1787.428045
"384" 2018 975914 1964.84018666667
"385" 2018 984888 2186.45136
"386" 2018 982355 2416.5933
"387" 2018 994884 2689.50308
"388" 2018 932941 2767.72496666667
"389" 2018 900730 2967.90535
"390" 2018 882238 3202.52394
"391" 2018 853804 3375.37181333333
"392" 2018 832470 3632.3441
"393" 2018 794366 3863.26664666667
"394" 2018 785725 4149.93754166667
"395" 2018 768463 4423.78533666667
"396" 2018 752539 4788.65650333333
"397" 2018 739734 5176.90511
"398" 2018 703998 5367.98475
"399" 2018 690949 5752.150425
"400" 2018 686750 6298.64208333333
"401" 2018 709213 7121.68054166667
"402" 2018 710430 7834.85885
"403" 2018 737434 8956.13593
"404" 2018 716867 9670.53583
"405" 2018 711884 10693.6841533333
"406" 2018 544914 9083.71638
"407" 2018 555637 10326.513645
"408" 2018 554591 11455.077105
"409" 2018 544466 12492.77237
"410" 2018 540220 13715.2854333333
"411" 2018 584625 16549.759375
"412" 2018 564036 18066.07308
"413" 2018 534369 19353.954565
"414" 2018 480635 19895.0847666667
"415" 2018 435869 20649.293875
"416" 2018 427083 23046.82229
"417" 2018 394210 24306.9886
"418" 2018 361140 25456.7586
"419" 2018 326547 26336.01555
"420" 2018 301039 27744.2559716667
"421" 2018 283301 29772.5742583333
"422" 2018 226490.87 27093.2153541833
"423" 2018 198234.75 26622.2661425
"424" 2018 169886.17 25497.0826808333
"425" 2018 140540.65 23422.0362601667
"426" 2018 114577.16 21162.2104900667
"427" 2018 91063.34 18637.0231644
"428" 2018 72185.26 16276.5730423333
"429" 2018 53966.28 13387.4150796
"430" 2018 39865.08 10820.711548
"431" 2018 28363.87 8382.04358928333
"432" 2018 12943.42 4143.10245253333
"433" 2018 6700.8 2311.094752
"434" 2018 4842.46 1790.04762206667
"435" 2018 3631.21 1431.05380898333
"436" 2018 2864.79 1197.3676284
"437" 2018 1827.25 805.81725
"438" 2018 986.67 456.8413656
"439" 2018 527.09 255.020197733333
"440" 2018 248.42 125.033098266667
"441" 2018 151.23 78.85006175
"442" 2018 53.56 28.8161726666667
"443" 2018 32.59 25.1914725166667
"444" 2018 14.53 14.53
"445" 2019 431007 1176.64911
"446" 2019 455746 72.1597833333333
"447" 2019 470813 52.5741183333333
"448" 2019 482946 43.46514
"449" 2019 498240 38.1984
"450" 2019 507118 36.3434566666667
"451" 2019 529609 33.5419033333333
"452" 2019 537809 29.579495
"453" 2019 553691 34.1442783333333
"454" 2019 563046 39.41322
"455" 2019 569271 42.695325
"456" 2019 567812 43.5322533333333
"457" 2019 568576 45.48608
"458" 2019 565035 54.62005
"459" 2019 571168 68.54016
"460" 2019 566861 87.863455
"461" 2019 563617 108.026591666667
"462" 2019 570790 130.330383333333
"463" 2019 586873 154.543223333333
"464" 2019 585535 162.973908333333
"465" 2019 592118 170.727356666667
"466" 2019 590127 175.07101
"467" 2019 591595 178.464491666667
"468" 2019 590504 175.182853333333
"469" 2019 597963 183.37532
"470" 2019 610365 198.368625
"471" 2019 636390 204.70545
"472" 2019 634599 206.244675
"473" 2019 647713 214.824811666667
"474" 2019 646532 218.743326666667
"475" 2019 661682 235.999913333333
"476" 2019 648958 248.767233333333
"477" 2019 652430 264.23415
"478" 2019 672536 284.706906666667
"479" 2019 684894 302.49485
"480" 2019 696965 331.058375
"481" 2019 720821 382.03513
"482" 2019 725890 416.176933333333
"483" 2019 743989 468.71307
"484" 2019 767068 533.11226
"485" 2019 808091 615.495978333333
"486" 2019 833979 708.88215
"487" 2019 870585 798.03625
"488" 2019 911068 915.62334
"489" 2019 948308 1063.68547333333
"490" 2019 942526 1170.30311666667
"491" 2019 951644 1306.92442666667
"492" 2019 960873 1439.708045
"493" 2019 952392 1577.79608
"494" 2019 977845 1797.60505833333
"495" 2019 970952 1954.85002666667
"496" 2019 974426 2163.22572
"497" 2019 983002 2418.18492
"498" 2019 980231 2649.89113666667
"499" 2019 992363 2944.01023333333
"500" 2019 930364 3065.54938
"501" 2019 898112 3260.14656
"502" 2019 879334 3476.30041333333
"503" 2019 850679 3711.79603666667
"504" 2019 828928 4031.35317333333
"505" 2019 790780 4176.63636666667
"506" 2019 781577 4499.27826333333
"507" 2019 764192 4862.80842666667
"508" 2019 747881 5233.92053166667
"509" 2019 734624 5601.508
"510" 2019 698687 5816.569275
"511" 2019 685459 6286.80146166667
"512" 2019 680430 6832.65125
"513" 2019 701821 7739.91592833333
"514" 2019 702312 8529.57924
"515" 2019 728090 9821.9341
"516" 2019 706643 10614.9555983333
"517" 2019 700442 11676.36814
"518" 2019 535439 9951.133815
"519" 2019 544806 11252.96793
"520" 2019 542572 12449.31454
"521" 2019 531505 13494.0261083333
"522" 2019 525763 14883.4742583333
"523" 2019 567636 18181.38108
"524" 2019 545322 19750.65397
"525" 2019 514429 21293.9310733333
"526" 2019 460163 21800.222125
"527" 2019 414713 22379.2958566667
"528" 2019 403674 24890.53884
"529" 2019 369736 26062.69064
"530" 2019 335183 27032.50895
"531" 2019 300229 27669.6050216667
"532" 2019 273375 28729.434375
"533" 2019 254237 30412.2536683333
"534" 2019 199253.87 26759.1305614333
"535" 2019 171840.75 25790.4325625
"536" 2019 144824.17 24135.9134249667
"537" 2019 117507.65 21703.4671089167
"538" 2019 93885.16 19214.5368456
"539" 2019 72731.34 16399.704981
"540" 2019 56229.26 13948.7925282
"541" 2019 41068.28 11147.3001346667
"542" 2019 29622.08 8753.86771146667
"543" 2019 20491.87 6559.31097453333
"544" 2019 9068.42 3127.68294396667
"545" 2019 4525.8 1672.992142
"546" 2019 3126.46 1232.13267523333
"547" 2019 2290.21 957.2161716
"548" 2019 1738.79 766.80639
"549" 2019 1065.25 493.224953333333
"550" 2019 569.67 275.6215372
"551" 2019 283.09 142.482971533333
"552" 2019 128.42 66.9571178333333
"553" 2019 75.23 40.4749938333333
"554" 2019 27.56 21.3033747333333
"555" 2019 25.12 25.12
"556" 2020 414974 1132.87902
"557" 2020 436785 69.157625
"558" 2020 457314 51.06673
"559" 2020 471696 42.45264
"560" 2020 483769 37.0889566666667
"561" 2020 499144 35.7719866666667
"562" 2020 507291 32.12843
"563" 2020 529473 29.121015
"564" 2020 537902 33.1706233333333
"565" 2020 554146 38.79022
"566" 2020 562764 42.2073
"567" 2020 569337 43.64917
"568" 2020 568025 45.442
"569" 2020 569063 55.0094233333333
"570" 2020 565871 67.90452
"571" 2020 572210 88.69255
"572" 2020 568006 108.867816666667
"573" 2020 565389 129.097155
"574" 2020 574707 151.33951
"575" 2020 590744 164.423746666667
"576" 2020 587458 169.383723333333
"577" 2020 593017 175.928376666667
"578" 2020 590999 178.284698333333
"579" 2020 592782 175.85866
"580" 2020 591632 181.433813333333
"581" 2020 598620 194.5515
"582" 2020 610326 196.32153
"583" 2020 636742 206.94115
"584" 2020 635013 210.612645
"585" 2020 647793 219.169965
"586" 2020 646752 230.67488
"587" 2020 661651 253.632883333333
"588" 2020 649095 262.883475
"589" 2020 652402 276.183513333333
"590" 2020 672541 297.038941666667
"591" 2020 685014 325.38165
"592" 2020 696978 369.39834
"593" 2020 720776 413.244906666667
"594" 2020 725693 457.18659
"595" 2020 743730 516.89235
"596" 2020 766871 584.100078333333
"597" 2020 807492 686.3682
"598" 2020 833206 763.772166666667
"599" 2020 869464 873.81132
"600" 2020 910431 1021.200105
"601" 2020 947191 1176.09549166667
"602" 2020 941384 1292.83402666667
"603" 2020 950417 1424.04147166667
"604" 2020 959708 1589.91625333333
"605" 2020 951065 1748.37449166667
"606" 2020 976325 1965.66766666667
"607" 2020 968981 2151.13782
"608" 2020 972528 2392.41888
"609" 2020 980815 2651.46988333333
"610" 2020 978055 2901.56316666667
"611" 2020 990171 3262.613445
"612" 2020 927825 3368.00475
"613" 2020 895469 3540.08744666667
"614" 2020 876379 3823.93370333333
"615" 2020 847647 4122.38991
"616" 2020 825539 4360.22181833333
"617" 2020 787331 4532.40212333333
"618" 2020 777491 4947.43439666667
"619" 2020 759731 5316.85078166667
"620" 2020 743258 5667.34225
"621" 2020 729584 6073.7868
"622" 2020 693488 6360.44077333333
"623" 2020 679502 6823.33258333333
"624" 2020 673956 7432.61142
"625" 2020 694484 8434.50818
"626" 2020 694140 9363.9486
"627" 2020 718819 10797.8594116667
"628" 2020 696577 11611.93859
"629" 2020 689079 12806.533215
"630" 2020 525745 10859.262975
"631" 2020 533883 12249.945435
"632" 2020 530624 13471.6589866667
"633" 2020 518346 14673.51135
"634" 2020 511316 16377.45148
"635" 2020 549844 19914.4332733333
"636" 2020 526084 21776.3703733333
"637" 2020 493871 23397.138625
"638" 2020 439070 23693.6807666667
"639" 2020 392934 24228.31044
"640" 2020 379577 26756.38273
"641" 2020 344257 27764.32705
"642" 2020 308797 28459.2461816667
"643" 2020 273406 28732.6922166667
"644" 2020 245503 29367.4780316667
"645" 2020 224661 30171.22343
"646" 2020 172561.73 25898.6396441667
"647" 2020 146194.66 24364.3147200667
"648" 2020 120881.17 22326.5506303833
"649" 2020 96199.77 19688.2449282
"650" 2020 75043.39 16921.0337218333
"651" 2020 56875.7 14109.154899
"652" 2020 42813.72 11621.070732
"653" 2020 30526.87 9021.24974428333
"654" 2020 21330.75 6827.83087
"655" 2020 14331.63 4942.95530095
"656" 2020 6170.31 2280.8962269
"657" 2020 2982.73 1175.48892178333
"658" 2020 1970.42 823.5567432
"659" 2020 1417.18 624.97638
"660" 2020 1039.77 481.4273736
"661" 2020 601.23 290.8911068
"662" 2020 312.66 157.3659468
"663" 2020 161.09 83.9909835833333
"664" 2020 70.42 37.8871336666667
"665" 2020 36.23 28.0051257833333
"666" 2020 21.68 21.68
"667" 2021 404956 1105.52988
"668" 2021 423269 67.0175916666667
"669" 2021 443571 49.532095
"670" 2021 464239 41.78151
"671" 2021 480475 36.8364166666667
"672" 2021 493318 35.3544566666667
"673" 2021 501031 31.7319633333333
"674" 2021 510437 28.074035
"675" 2021 532059 32.810305
"676" 2021 541495 37.90465
"677" 2021 557192 41.7894
"678" 2021 566257 43.4130366666667
"679" 2021 573063 45.84504
"680" 2021 572003 55.2936233333333
"681" 2021 573180 68.7816
"682" 2021 570115 88.367825
"683" 2021 574780 110.166166666667
"684" 2021 569673 130.075335
"685" 2021 566163 149.08959
"686" 2021 576282 160.39849
"687" 2021 592909 170.955428333333
"688" 2021 588045 174.45335
"689" 2021 593757 179.116695
"690" 2021 590841 175.28283
"691" 2021 591788 181.481653333333
"692" 2021 589181 191.483825
"693" 2021 594222 191.14141
"694" 2021 604340 196.4105
"695" 2021 630071 208.973548333333
"696" 2021 627765 212.393825
"697" 2021 640573 228.471036666667
"698" 2021 639502 245.142433333333
"699" 2021 655408 265.44024
"700" 2021 643652 272.479346666667
"701" 2021 647011 285.763191666667
"702" 2021 667278 316.95705
"703" 2021 681128 360.99784
"704" 2021 693606 397.66744
"705" 2021 718130 452.4219
"706" 2021 723110 502.56145
"707" 2021 741417 564.712615
"708" 2021 764338 649.6873
"709" 2021 804929 737.851583333333
"710" 2021 831055 835.210275
"711" 2021 866831 972.295438333333
"712" 2021 908080 1127.53266666667
"713" 2021 944130 1296.6052
"714" 2021 938013 1405.456145
"715" 2021 946747 1568.44419666667
"716" 2021 955531 1756.58448833333
"717" 2021 946253 1905.12270666667
"718" 2021 970580 2154.6876
"719" 2021 962254 2367.14484
"720" 2021 965612 2610.37110666667
"721" 2021 972976 2886.49546666667
"722" 2021 969939 3195.949005
"723" 2021 981264 3561.98832
"724" 2021 919463 3634.94372666667
"725" 2021 886357 3867.47104333333
"726" 2021 866942 4216.22792666667
"727" 2021 838134 4426.74441
"728" 2021 815350 4693.69816666667
"729" 2021 776787 4942.95461
"730" 2021 766661 5365.34923166667
"731" 2021 749164 5712.3755
"732" 2021 732932 6101.6589
"733" 2021 719124 6595.56562
"734" 2021 682607 6854.51195833333
"735" 2021 672631 7417.99887833333
"736" 2021 667039 8101.188655
"737" 2021 686526 9261.23574
"738" 2021 684969 10289.375995
"739" 2021 708347 11808.14449
"740" 2021 685037 12731.412645
"741" 2021 676292 13968.81126
"742" 2021 514408 11803.09156
"743" 2021 521003 13227.3978316667
"744" 2021 515948 14605.6279666667
"745" 2021 502187 16085.04961
"746" 2021 493664 17879.6873066667
"747" 2021 527760 21845.7456
"748" 2021 502658 23813.42275
"749" 2021 468561 25285.11343
"750" 2021 413022 25466.93652
"751" 2021 365962 25796.66138
"752" 2021 349855 28215.80575
"753" 2021 313617 28903.465415
"754" 2021 277429 29155.4759916667
"755" 2021 241985 28946.6490083333
"756" 2021 213216 28634.19808
"757" 2021 191492 28739.7576666667
"758" 2021 148486 24746.1818066667
"759" 2021 120185 22197.9691916667
"760" 2021 96282 19705.07412
"761" 2021 73213 16508.3112833333
"762" 2021 54860 13609.1202
"763" 2021 40293 10936.8633
"764" 2021 29016 8574.75996
"765" 2021 20113 6438.03721333333
"766" 2021 13635 4702.688775
"767" 2021 6697.843999 2475.90268652368
"768" 2021 4310.19657023648 1698.64128466925
"769" 2021 2668.22718680489 1115.21223499697
"770" 2021 1587.64854069265 700.153006445459
"771" 2021 907.611041257765 420.236013582895
"772" 2021 498.487212190003 241.181406249849
"773" 2021 263.14641444298 132.445099008011
"774" 2021 133.623117790001 69.669980089725
"775" 2021 65.3457132928442 35.1570828467717
"776" 2021 30.8229195031017 23.8255516890401
"777" 2021 14.0487784803187 14.0487784803187
