"year" "population" "expected"
"1" 2015 59383 131.83026
"2" 2015 60097 8.714065
"3" 2015 62083 5.897885
"4" 2015 62672 4.7004
"5" 2015 64363 4.827225
"6" 2015 65356 4.24814
"7" 2015 64171 3.85026
"8" 2015 62592 2.50368
"9" 2015 62815 1.88445
"10" 2015 61301 2.758545
"11" 2015 61582 3.0791
"12" 2015 61163 4.89304
"13" 2015 59954 6.29517
"14" 2015 61122 6.72342
"15" 2015 63739 8.604765
"16" 2015 64025 10.244
"17" 2015 63655 10.82135
"18" 2015 65531 16.38275
"19" 2015 66869 22.73546
"20" 2015 66426 24.57762
"21" 2015 66394 23.56987
"22" 2015 67069 25.48622
"23" 2015 68482 28.42003
"24" 2015 70277 28.1108
"25" 2015 71855 28.742
"26" 2015 71733 29.769195
"27" 2015 71826 33.75822
"28" 2015 70006 32.20276
"29" 2015 70245 29.854125
"30" 2015 69510 30.93195
"31" 2015 69281 32.908475
"32" 2015 69248 34.97024
"33" 2015 69912 36.7038
"34" 2015 68569 36.684415
"35" 2015 69340 37.7903
"36" 2015 68741 39.86978
"37" 2015 68197 41.259185
"38" 2015 66580 43.6099
"39" 2015 68361 48.194505
"40" 2015 70164 50.8689
"41" 2015 73106 57.75374
"42" 2015 73465 62.812575
"43" 2015 75863 69.03533
"44" 2015 76064 74.1624
"45" 2015 75225 79.7385
"46" 2015 76848 91.06488
"47" 2015 76069 101.17177
"48" 2015 74104 103.37508
"49" 2015 73707 113.877315
"50" 2015 72548 129.13544
"51" 2015 71330 141.2334
"52" 2015 68383 148.733025
"53" 2015 66682 160.70362
"54" 2015 65504 178.17088
"55" 2015 64715 197.704325
"56" 2015 64768 212.43904
"57" 2015 63982 232.89448
"58" 2015 62522 253.83932
"59" 2015 63048 278.9874
"60" 2015 61384 298.63316
"61" 2015 59818 324.21356
"62" 2015 59031 356.252085
"63" 2015 57876 382.84974
"64" 2015 55020 398.0697
"65" 2015 55749 440.695845
"66" 2015 55614 488.29092
"67" 2015 55947 542.965635
"68" 2015 56720 605.7696
"69" 2015 58132 703.68786
"70" 2015 51289 682.1437
"71" 2015 48678 707.53473
"72" 2015 42589 693.77481
"73" 2015 38702 691.79825
"74" 2015 33154 651.31033
"75" 2015 33740 749.3654
"76" 2015 31925 783.4395
"77" 2015 29987 820.74419
"78" 2015 27688 868.29568
"79" 2015 25808 914.76456
"80" 2015 23892 946.83996
"81" 2015 22645 1016.08115
"82" 2015 21510 1093.5684
"83" 2015 21846 1268.05107
"84" 2015 20256 1333.3512
"85" 2015 19271 1407.072065
"86" 2015 17085 1417.3716
"87" 2015 15978 1514.95407
"88" 2015 14070 1509.78135
"89" 2015 13054 1587.23586
"90" 2015 11267 1554.73333
"91" 2015 9906 1537.55979
"92" 2015 8199 1423.83834
"93" 2015 6887 1324.955495
"94" 2015 5514 1164.25353
"95" 2015 4414 1027.88818
"96" 2015 2746 703.19568
"97" 2015 2069 578.53378
"98" 2015 1437 436.5606
"99" 2015 859 282.074125
"100" 2015 637 224.915145
"101" 2015 355 134.071075
"102" 2015 210 84.3885
"103" 2015 135 57.4263
"104" 2015 65 29.121625
"105" 2015 27 12.67893
"106" 2015 19 9.308575
"107" 2015 6 3.05352
"108" 2015 2 1.05299
"109" 2015 1 0.542625
"110" 2015 1 0.775165
"111" 2015 1 1
"112" 2016 59396 131.85912
"113" 2016 60091 8.713195
"114" 2016 60458 5.74351
"115" 2016 62469 4.685175
"116" 2016 62981 4.723575
"117" 2016 64726 4.20719
"118" 2016 65679 3.94074
"119" 2016 64558 2.58232
"120" 2016 62992 1.88976
"121" 2016 63226 2.84517
"122" 2016 61788 3.0894
"123" 2016 62035 4.9628
"124" 2016 61560 6.4638
"125" 2016 60404 6.64444
"126" 2016 61592 8.31492
"127" 2016 64288 10.28608
"128" 2016 64752 11.00784
"129" 2016 64407 16.10175
"130" 2016 66039 22.45326
"131" 2016 67338 24.91506
"132" 2016 66964 23.77222
"133" 2016 67152 25.51776
"134" 2016 67837 28.152355
"135" 2016 69546 27.8184
"136" 2016 71335 28.534
"137" 2016 73276 30.40954
"138" 2016 73269 34.43643
"139" 2016 73288 33.71248
"140" 2016 71228 30.2719
"141" 2016 71446 31.79347
"142" 2016 70501 33.487975
"143" 2016 70128 35.41464
"144" 2016 69863 36.678075
"145" 2016 70568 37.75388
"146" 2016 69082 37.64969
"147" 2016 69977 40.58666
"148" 2016 69171 41.848455
"149" 2016 68695 44.995225
"150" 2016 66978 47.21949
"151" 2016 68704 49.8104
"152" 2016 70526 55.71554
"153" 2016 73455 62.804025
"154" 2016 73719 67.08429
"155" 2016 76102 74.19945
"156" 2016 76214 80.78684
"157" 2016 75396 89.34426
"158" 2016 76937 102.32621
"159" 2016 76137 106.211115
"160" 2016 74127 114.526215
"161" 2016 73674 131.13972
"162" 2016 72514 143.57772
"163" 2016 71214 154.89045
"164" 2016 68319 164.64879
"165" 2016 66558 181.03776
"166" 2016 65338 199.60759
"167" 2016 64531 211.66168
"168" 2016 64479 234.70356
"169" 2016 63765 258.8859
"170" 2016 62246 275.43855
"171" 2016 62763 305.341995
"172" 2016 61020 330.7284
"173" 2016 59474 358.92559
"174" 2016 58572 387.45378
"175" 2016 57442 415.59287
"176" 2016 54576 431.42328
"177" 2016 55289 485.43742
"178" 2016 55115 534.891075
"179" 2016 55377 591.42636
"180" 2016 56071 678.739455
"181" 2016 57375 763.0875
"182" 2016 50586 735.26751
"183" 2016 47937 780.89373
"184" 2016 41883 748.658625
"185" 2016 38030 747.09935
"186" 2016 32499 721.80279
"187" 2016 32986 809.47644
"188" 2016 31107 851.39859
"189" 2016 29133 913.61088
"190" 2016 26799 949.890555
"191" 2016 24888 986.31144
"192" 2016 22896 1027.34352
"193" 2016 21590 1097.6356
"194" 2016 20383 1183.131235
"195" 2016 20488 1348.6226
"196" 2016 18907 1380.494605
"197" 2016 17810 1477.5176
"198" 2016 15612 1480.25178
"199" 2016 14418 1547.12349
"200" 2016 12551 1526.07609
"201" 2016 11460 1581.3654
"202" 2016 9663 1499.842545
"203" 2016 8285 1438.7731
"204" 2016 6708 1290.51858
"205" 2016 5547 1171.221315
"206" 2016 4321 1006.23127
"207" 2016 3384 866.57472
"208" 2016 2061 576.29682
"209" 2016 1462 444.1556
"210" 2016 977 320.822375
"211" 2016 592 209.02632
"212" 2016 440 166.1726
"213" 2016 216 86.7996
"214" 2016 129 54.87402
"215" 2016 84 37.6341
"216" 2016 35 16.43565
"217" 2016 13 6.369025
"218" 2016 11 5.59812
"219" 2016 0 0
"220" 2016 2 1.08525
"221" 2016 1 0.775165
"222" 2016 1 1
"223" 2017 59335 131.7237
"224" 2017 60000 8.7
"225" 2017 60572 5.75434
"226" 2017 60807 4.560525
"227" 2017 62779 4.708425
"228" 2017 63279 4.113135
"229" 2017 65039 3.90234
"230" 2017 66089 2.64356
"231" 2017 64995 1.94985
"232" 2017 63409 2.853405
"233" 2017 63670 3.1835
"234" 2017 62204 4.97632
"235" 2017 62495 6.561975
"236" 2017 62069 6.82759
"237" 2017 60968 8.23068
"238" 2017 62315 9.9704
"239" 2017 65270 11.0959
"240" 2017 65756 16.439
"241" 2017 65139 22.14726
"242" 2017 66540 24.6198
"243" 2017 68038 24.15349
"244" 2017 67803 25.76514
"245" 2017 68046 28.23909
"246" 2017 68787 27.5148
"247" 2017 70628 28.2512
"248" 2017 72595 30.126925
"249" 2017 74557 35.04179
"250" 2017 74388 34.21848
"251" 2017 74290 31.57325
"252" 2017 72108 32.08806
"253" 2017 72141 34.266975
"254" 2017 71070 35.89035
"255" 2017 70596 37.0629
"256" 2017 70234 37.57519
"257" 2017 70842 38.60889
"258" 2017 69248 40.16384
"259" 2017 70363 42.569615
"260" 2017 69417 45.468135
"261" 2017 68946 48.60693
"262" 2017 67168 48.6968
"263" 2017 68832 54.37728
"264" 2017 70626 60.38523
"265" 2017 73574 66.95234
"266" 2017 73799 71.954025
"267" 2017 76179 80.74974
"268" 2017 76223 90.324255
"269" 2017 75431 100.32323
"270" 2017 76880 107.2476
"271" 2017 76128 117.61776
"272" 2017 74058 131.82324
"273" 2017 73613 145.75374
"274" 2017 72393 157.454775
"275" 2017 71062 171.25942
"276" 2017 68122 185.29184
"277" 2017 66332 202.64426
"278" 2017 65133 213.63624
"279" 2017 64303 234.06292
"280" 2017 64209 260.68854
"281" 2017 63471 280.859175
"282" 2017 61915 301.216475
"283" 2017 62447 338.46274
"284" 2017 60625 365.871875
"285" 2017 59040 390.5496
"286" 2017 58101 420.360735
"287" 2017 57004 450.61662
"288" 2017 54072 474.75216
"289" 2017 54748 531.32934
"290" 2017 54519 582.26292
"291" 2017 54731 662.518755
"292" 2017 55384 736.6072
"293" 2017 56610 822.82635
"294" 2017 49857 812.17053
"295" 2017 47124 842.3415
"296" 2017 41156 808.50962
"297" 2017 37312 828.69952
"298" 2017 31803 780.44562
"299" 2017 32187 880.95819
"300" 2017 30282 949.64352
"301" 2017 28200 999.549
"302" 2017 25857 1024.71291
"303" 2017 23915 1073.06605
"304" 2017 21877 1112.22668
"305" 2017 20471 1188.239195
"306" 2017 19218 1265.02485
"307" 2017 19121 1396.119815
"308" 2017 17570 1457.6072
"309" 2017 16317 1547.096355
"310" 2017 14012 1503.55766
"311" 2017 12847 1562.06673
"312" 2017 11035 1522.71965
"313" 2017 9908 1537.87022
"314" 2017 8202 1424.35932
"315" 2017 6854 1318.60679
"316" 2017 5390 1138.07155
"317" 2017 4376 1019.03912
"318" 2017 3301 845.32008
"319" 2017 2479 693.17798
"320" 2017 1468 445.9784
"321" 2017 1024 336.256
"322" 2017 655 231.270675
"323" 2017 389 146.911685
"324" 2017 293 117.74205
"325" 2017 114 48.49332
"326" 2017 69 30.913725
"327" 2017 41 19.25319
"328" 2017 18 8.81865
"329" 2017 9 4.58028
"330" 2017 5 2.632475
"331" 2017 0 0
"332" 2017 0 0
"333" 2017 1 1
"334" 2018 56965 126.4623
"335" 2018 60067 8.709715
"336" 2018 60482 5.74579
"337" 2018 60911 4.568325
"338" 2018 61154 4.58655
"339" 2018 63022 4.09643
"340" 2018 63548 3.81288
"341" 2018 65340 2.6136
"342" 2018 66381 1.99143
"343" 2018 65381 2.942145
"344" 2018 63801 3.19005
"345" 2018 64071 5.12568
"346" 2018 62557 6.568485
"347" 2018 62878 6.91658
"348" 2018 62376 8.42076
"349" 2018 61354 9.81664
"350" 2018 62806 10.67702
"351" 2018 65913 16.47825
"352" 2018 66384 22.57056
"353" 2018 65502 24.23574
"354" 2018 66965 23.772575
"355" 2018 68531 26.04178
"356" 2018 68381 28.378115
"357" 2018 68769 27.5076
"358" 2018 69724 27.8896
"359" 2018 71899 29.838085
"360" 2018 73749 34.66203
"361" 2018 75524 34.74104
"362" 2018 75387 32.039475
"363" 2018 75016 33.38212
"364" 2018 72726 34.54485
"365" 2018 72610 36.66805
"366" 2018 71502 37.53855
"367" 2018 70975 37.971625
"368" 2018 70578 38.46501
"369" 2018 71176 41.28208
"370" 2018 69549 42.077145
"371" 2018 70602 46.24431
"372" 2018 69565 49.043325
"373" 2018 69101 50.098225
"374" 2018 67311 53.17569
"375" 2018 68947 58.949685
"376" 2018 70698 64.33518
"377" 2018 73605 71.764875
"378" 2018 73833 78.26298
"379" 2018 76190 90.28515
"380" 2018 76208 101.35664
"381" 2018 75374 105.14673
"382" 2018 76842 118.72089
"383" 2018 76060 135.3868
"384" 2018 73993 146.50614
"385" 2018 73449 159.751575
"386" 2018 72275 174.18275
"387" 2018 70897 192.83984
"388" 2018 67929 207.523095
"389" 2018 66130 216.9064
"390" 2018 64938 236.37432
"391" 2018 64057 260.07142
"392" 2018 63890 282.71325
"393" 2018 63167 307.307455
"394" 2018 61579 333.75818
"395" 2018 62058 374.52003
"396" 2018 60252 398.56698
"397" 2018 58653 424.354455
"398" 2018 57637 455.620485
"399" 2018 56507 496.13146
"400" 2018 53559 519.790095
"401" 2018 54110 577.8948
"402" 2018 53897 652.423185
"403" 2018 54070 719.131
"404" 2018 54658 794.45403
"405" 2018 55796 908.91684
"406" 2018 49026 876.33975
"407" 2018 46258 908.73841
"408" 2018 40333 895.79593
"409" 2018 36511 895.97994
"410" 2018 31058 850.05746
"411" 2018 31314 982.00704
"412" 2018 29357 1040.558865
"413" 2018 27219 1078.68897
"414" 2018 24811 1113.26957
"415" 2018 22840 1161.1856
"416" 2018 20762 1205.13029
"417" 2018 19348 1273.5821
"418" 2018 17986 1313.24779
"419" 2018 17673 1466.15208
"420" 2018 16099 1526.426685
"421" 2018 14749 1582.641445
"422" 2018 12538 1524.49542
"423" 2018 11267 1554.73333
"424" 2018 9493 1473.455995
"425" 2018 8373 1454.05518
"426" 2018 6786 1305.52461
"427" 2018 5537 1169.109865
"428" 2018 4230 985.0401
"429" 2018 3324 851.20992
"430" 2018 2423 677.51926
"431" 2018 1778 540.1564
"432" 2018 1024 336.256
"433" 2018 703 248.218755
"434" 2018 432 163.15128
"435" 2018 234 94.0329
"436" 2018 212 90.18056
"437" 2018 72 32.2578
"438" 2018 36 16.90524
"439" 2018 22 10.77835
"440" 2018 6 3.05352
"441" 2018 5 2.632475
"442" 2018 1 0.542625
"443" 2018 0 0
"444" 2018 0 0
"445" 2019 55391 122.96802
"446" 2019 57550 8.34475
"447" 2019 60347 5.732965
"448" 2019 60609 4.545675
"449" 2019 60966 4.57245
"450" 2019 61276 3.98294
"451" 2019 63085 3.7851
"452" 2019 63622 2.54488
"453" 2019 65504 1.96512
"454" 2019 66566 2.99547
"455" 2019 65627 3.28135
"456" 2019 64061 5.12488
"457" 2019 64353 6.757065
"458" 2019 62838 6.91218
"459" 2019 63163 8.527005
"460" 2019 62646 10.02336
"461" 2019 61731 10.49427
"462" 2019 63173 15.79325
"463" 2019 66361 22.56274
"464" 2019 66588 24.63756
"465" 2019 65863 23.381365
"466" 2019 67427 25.62226
"467" 2019 69204 28.71966
"468" 2019 69074 27.6296
"469" 2019 69663 27.8652
"470" 2019 70797 29.380755
"471" 2019 72975 34.29825
"472" 2019 74836 34.42456
"473" 2019 76469 32.499325
"474" 2019 76111 33.869395
"475" 2019 75681 35.948475
"476" 2019 73268 37.00034
"477" 2019 72947 38.297175
"478" 2019 71880 38.4558
"479" 2019 71196 38.80182
"480" 2019 70845 41.0901
"481" 2019 71364 43.17522
"482" 2019 69715 45.663325
"483" 2019 70748 49.87734
"484" 2019 69725 50.550625
"485" 2019 69247 54.70513
"486" 2019 67359 57.591945
"487" 2019 69029 62.81639
"488" 2019 70849 69.077775
"489" 2019 73727 78.15062
"490" 2019 73833 87.492105
"491" 2019 76249 101.41117
"492" 2019 76226 106.33527
"493" 2019 75353 116.420385
"494" 2019 76767 136.64526
"495" 2019 75954 150.38892
"496" 2019 73918 160.77165
"497" 2019 73346 176.76386
"498" 2019 72093 196.09296
"499" 2019 70733 216.089315
"500" 2019 67723 222.13144
"501" 2019 65958 240.08712
"502" 2019 64676 262.58456
"503" 2019 63764 282.1557
"504" 2019 63579 309.311835
"505" 2019 62854 340.66868
"506" 2019 61213 369.420455
"507" 2019 61675 407.980125
"508" 2019 59790 432.58065
"509" 2019 58211 460.157955
"510" 2019 57146 501.74188
"511" 2019 56001 543.489705
"512" 2019 53040 566.4672
"513" 2019 53535 648.041175
"514" 2019 53282 708.6506
"515" 2019 53369 775.718415
"516" 2019 53877 877.65633
"517" 2019 54929 981.855875
"518" 2019 48193 946.751485
"519" 2019 45423 1008.84483
"520" 2019 39480 968.8392
"521" 2019 35636 975.35732
"522" 2019 30240 948.3264
"523" 2019 30316 1074.55062
"524" 2019 28375 1124.50125
"525" 2019 26149 1173.30563
"526" 2019 23752 1207.55168
"527" 2019 21667 1257.661015
"528" 2019 19528 1285.4306
"529" 2019 18114 1322.59371
"530" 2019 16733 1388.16968
"531" 2019 16253 1541.028195
"532" 2019 14606 1567.29683
"533" 2019 13220 1607.4198
"534" 2019 11017 1520.23583
"535" 2019 9629 1494.565235
"536" 2019 8079 1402.99914
"537" 2019 6899 1327.264115
"538" 2019 5528 1167.20956
"539" 2019 4414 1027.88818
"540" 2019 3217 823.80936
"541" 2019 2442 682.83204
"542" 2019 1753 532.5614
"543" 2019 1237 406.199875
"544" 2019 687 242.569395
"545" 2019 440 166.1726
"546" 2019 288 115.7328
"547" 2019 130 55.2994
"548" 2019 155 69.443875
"549" 2019 31 14.55729
"550" 2019 11 5.389175
"551" 2019 12 6.10704
"552" 2019 4 2.10598
"553" 2019 4 2.1705
"554" 2019 1 0.775165
"555" 2019 0 0
"556" 2020 54827 121.71594
"557" 2020 56012 8.12174
"558" 2020 57881 5.498695
"559" 2020 60522 4.53915
"560" 2020 60821 4.561575
"561" 2020 61096 3.97124
"562" 2020 61392 3.68352
"563" 2020 63251 2.53004
"564" 2020 63881 1.91643
"565" 2020 65675 2.955375
"566" 2020 66830 3.3415
"567" 2020 65911 5.27288
"568" 2020 64306 6.75213
"569" 2020 64640 7.1104
"570" 2020 63082 8.51607
"571" 2020 63408 10.14528
"572" 2020 63022 10.71374
"573" 2020 62051 15.51275
"574" 2020 63557 21.60938
"575" 2020 66584 24.63608
"576" 2020 66813 23.718615
"577" 2020 66164 25.14232
"578" 2020 67817 28.144055
"579" 2020 69949 27.9796
"580" 2020 70086 28.0344
"581" 2020 70853 29.403995
"582" 2020 72055 33.86585
"583" 2020 74333 34.19318
"584" 2020 76034 32.31445
"585" 2020 77648 34.55336
"586" 2020 77154 36.64815
"587" 2020 76654 38.71027
"588" 2020 74060 38.8815
"589" 2020 73772 39.46802
"590" 2020 72584 39.55828
"591" 2020 71786 41.63588
"592" 2020 71437 43.219385
"593" 2020 71816 47.03948
"594" 2020 70166 49.46703
"595" 2020 71118 51.56055
"596" 2020 70031 55.32449
"597" 2020 69500 59.4225
"598" 2020 67668 61.57788
"599" 2020 69281 67.548975
"600" 2020 71035 75.2971
"601" 2020 73922 87.59757
"602" 2020 74049 98.48517
"603" 2020 76421 106.607295
"604" 2020 76355 117.968475
"605" 2020 75401 134.21378
"606" 2020 76841 152.14518
"607" 2020 75951 165.193425
"608" 2020 73838 177.94958
"609" 2020 73303 199.38416
"610" 2020 71998 219.95389
"611" 2020 70593 231.54504
"612" 2020 67565 245.9366
"613" 2020 65729 266.85974
"614" 2020 64470 285.27975
"615" 2020 63542 309.13183
"616" 2020 63305 343.1131
"617" 2020 62531 377.374585
"618" 2020 60841 402.463215
"619" 2020 61215 442.890525
"620" 2020 59331 469.011555
"621" 2020 57742 506.97476
"622" 2020 56654 549.82707
"623" 2020 55422 591.90696
"624" 2020 52505 635.573025
"625" 2020 52949 704.2217
"626" 2020 52574 764.16309
"627" 2020 52640 857.5056
"628" 2020 53029 947.893375
"629" 2020 54001 1060.849645
"630" 2020 47208 1048.48968
"631" 2020 44441 1090.58214
"632" 2020 38551 1055.14087
"633" 2020 34707 1088.41152
"634" 2020 29351 1040.346195
"635" 2020 29332 1162.42716
"636" 2020 27279 1224.00873
"637" 2020 25071 1274.60964
"638" 2020 22635 1313.848575
"639" 2020 20484 1348.3593
"640" 2020 18246 1332.23169
"641" 2020 16809 1394.47464
"642" 2020 15398 1459.96137
"643" 2020 14780 1585.9679
"644" 2020 13080 1590.3972
"645" 2020 11697 1614.06903
"646" 2020 9590 1488.51185
"647" 2020 8154 1416.02364
"648" 2020 6698 1288.59473
"649" 2020 5642 1191.28009
"650" 2020 4366 1016.71042
"651" 2020 3434 879.37872
"652" 2020 2432 680.03584
"653" 2020 1735 527.093
"654" 2020 1207 396.348625
"655" 2020 848 299.41608
"656" 2020 446 168.43859
"657" 2020 270 108.4995
"658" 2020 183 77.84454
"659" 2020 85 38.082125
"660" 2020 117 54.94203
"661" 2020 9 4.409325
"662" 2020 2 1.01784
"663" 2020 3 1.579485
"664" 2020 1 0.542625
"665" 2020 1 0.775165
"666" 2020 1 1
"667" 2021 53134 117.95748
"668" 2021 55225 8.007625
"669" 2021 56142 5.33349
"670" 2021 57933 4.344975
"671" 2021 60526 4.53945
"672" 2021 60804 3.95226
"673" 2021 61036 3.66216
"674" 2021 61447 2.45788
"675" 2021 63318 1.89954
"676" 2021 63968 2.87856
"677" 2021 65749 3.28745
"678" 2021 66933 5.35464
"679" 2021 66122 6.94281
"680" 2021 64462 7.09082
"681" 2021 64792 8.74692
"682" 2021 63256 10.12096
"683" 2021 63606 10.81302
"684" 2021 63237 15.80925
"685" 2021 62347 21.19798
"686" 2021 63753 23.58861
"687" 2021 66564 23.63022
"688" 2021 66936 25.43568
"689" 2021 66360 27.5394
"690" 2021 68135 27.254
"691" 2021 70426 28.1704
"692" 2021 70778 29.37287
"693" 2021 71677 33.68819
"694" 2021 72872 33.52112
"695" 2021 74929 31.844825
"696" 2021 76630 34.10035
"697" 2021 78094 37.09465
"698" 2021 77420 39.0971
"699" 2021 77015 40.432875
"700" 2021 74273 39.736055
"701" 2021 74033 40.347985
"702" 2021 72771 42.20718
"703" 2021 71822 43.45231
"704" 2021 71519 46.844945
"705" 2021 71865 50.664825
"706" 2021 70312 50.9762
"707" 2021 71180 56.2322
"708" 2021 70078 59.91669
"709" 2021 69540 63.2814
"710" 2021 67741 66.047475
"711" 2021 69250 73.405
"712" 2021 71139 84.299715
"713" 2021 73973 98.38409
"714" 2021 74060 103.3137
"715" 2021 76360 117.9762
"716" 2021 76270 135.7606
"717" 2021 75360 149.2128
"718" 2021 76753 166.937775
"719" 2021 75847 182.79127
"720" 2021 73718 200.51296
"721" 2021 73159 223.500745
"722" 2021 71855 235.6844
"723" 2021 70382 256.19048
"724" 2021 67370 273.5222
"725" 2021 65515 289.903875
"726" 2021 64204 312.35246
"727" 2021 63260 342.8692
"728" 2021 63019 380.319665
"729" 2021 62169 411.247935
"730" 2021 60432 437.22552
"731" 2021 60772 480.40266
"732" 2021 58841 516.62398
"733" 2021 57244 555.55302
"734" 2021 56054 598.65672
"735" 2021 54855 664.019775
"736" 2021 51873 689.9109
"737" 2021 52342 760.79097
"738" 2021 51795 843.74055
"739" 2021 51861 927.015375
"740" 2021 52122 1023.93669
"741" 2021 53009 1177.32989
"742" 2021 46175 1133.1345
"743" 2021 43462 1189.55494
"744" 2021 37606 1179.32416
"745" 2021 33720 1195.2054
"746" 2021 28376 1124.54088
"747" 2021 28254 1267.75698
"748" 2021 26140 1328.9576
"749" 2021 23923 1388.610535
"750" 2021 21400 1408.655
"751" 2021 19230 1404.07845
"752" 2021 16920 1403.6832
"753" 2021 15497 1469.348055
"754" 2021 14076 1510.42518
"755" 2021 13346 1622.74014
"756" 2021 11523 1590.05877
"757" 2021 10112 1569.53408
"758" 2021 8186 1421.58076
"759" 2021 6844 1316.68294
"760" 2021 5464 1153.69628
"761" 2021 4437 1033.24419
"762" 2021 3400 870.672
"763" 2021 2605 728.4101
"764" 2021 1746 530.4348
"765" 2021 1203 395.035125
"766" 2021 831 293.413635
"767" 2021 552 208.47108
"768" 2021 292 117.3402
"769" 2021 167 71.03846
"770" 2021 110 49.28275
"771" 2021 51 23.94909
"772" 2021 98 48.01265
"773" 2021 0 0
"774" 2021 0 0
"775" 2021 0 0
"776" 2021 0 0
"777" 2021 0 0
