"year" "population" "expected"
"1" 2015 59383 138.95622
"2" 2015 60097 10.516975
"3" 2015 62083 7.760375
"4" 2015 62672 5.64048
"5" 2015 64363 4.50541
"6" 2015 65356 2.94102
"7" 2015 64171 2.887695
"8" 2015 62592 1.87776
"9" 2015 62815 0
"10" 2015 61301 2.45204
"11" 2015 61582 3.38701
"12" 2015 61163 3.975595
"13" 2015 59954 5.9954
"14" 2015 61122 4.58415
"15" 2015 63739 5.09912
"16" 2015 64025 6.4025
"17" 2015 63655 7.320325
"18" 2015 65531 16.38275
"19" 2015 66869 24.07284
"20" 2015 66426 20.92419
"21" 2015 66394 21.24608
"22" 2015 67069 27.162945
"23" 2015 68482 27.73521
"24" 2015 70277 28.1108
"25" 2015 71855 32.33475
"26" 2015 71733 32.27985
"27" 2015 71826 35.913
"28" 2015 70006 36.40312
"29" 2015 70245 33.01515
"30" 2015 69510 31.2795
"31" 2015 69281 31.86926
"32" 2015 69248 36.3552
"33" 2015 69912 40.1994
"34" 2015 68569 36.684415
"35" 2015 69340 36.7502
"36" 2015 68741 40.900895
"37" 2015 68197 40.577215
"38" 2015 66580 40.2809
"39" 2015 68361 40.674795
"40" 2015 70164 55.07874
"41" 2015 73106 70.18176
"42" 2015 73465 61.343275
"43" 2015 75863 62.586975
"44" 2015 76064 77.9656
"45" 2015 75225 87.637125
"46" 2015 76848 97.59696
"47" 2015 76069 104.97522
"48" 2015 74104 103.37508
"49" 2015 73707 122.35362
"50" 2015 72548 140.01764
"51" 2015 71330 149.793
"52" 2015 68383 151.81026
"53" 2015 66682 172.03956
"54" 2015 65504 196.83952
"55" 2015 64715 214.530225
"56" 2015 64768 241.2608
"57" 2015 63982 246.01079
"58" 2015 62522 254.77715
"59" 2015 63048 290.0208
"60" 2015 61384 313.36532
"61" 2015 59818 352.02893
"62" 2015 59031 385.47243
"63" 2015 57876 387.47982
"64" 2015 55020 401.0958
"65" 2015 55749 437.908395
"66" 2015 55614 477.16812
"67" 2015 55947 537.0912
"68" 2015 56720 626.4724
"69" 2015 58132 737.40442
"70" 2015 51289 712.147765
"71" 2015 48678 753.29205
"72" 2015 42589 721.670605
"73" 2015 38702 701.47375
"74" 2015 33154 684.96164
"75" 2015 33740 786.142
"76" 2015 31925 812.012375
"77" 2015 29987 867.673845
"78" 2015 27688 903.321
"79" 2015 25808 943.15336
"80" 2015 23892 996.77424
"81" 2015 22645 1073.373
"82" 2015 21510 1160.14185
"83" 2015 21846 1343.96592
"84" 2015 20256 1349.65728
"85" 2015 19271 1455.53863
"86" 2015 17085 1490.409975
"87" 2015 15978 1538.6814
"88" 2015 14070 1531.2381
"89" 2015 13054 1628.4865
"90" 2015 11267 1615.01178
"91" 2015 9906 1599.17511
"92" 2015 8199 1467.170055
"93" 2015 6887 1378.605225
"94" 2015 5514 1185.34458
"95" 2015 4414 1027.42471
"96" 2015 2746 710.96686
"97" 2015 2069 583.944215
"98" 2015 1437 439.98066
"99" 2015 859 283.903795
"100" 2015 637 226.106335
"101" 2015 355 134.642625
"102" 2015 210 84.67095
"103" 2015 135 57.57345
"104" 2015 65 29.1772
"105" 2015 27 12.696075
"106" 2015 19 9.31684
"107" 2015 6 3.05505
"108" 2015 2 1.05319
"109" 2015 1 0.542595
"110" 2015 1 0.77512
"111" 2015 1 1
"112" 2016 59396 138.98664
"113" 2016 60091 10.515925
"114" 2016 60458 7.55725
"115" 2016 62469 5.62221
"116" 2016 62981 4.40867
"117" 2016 64726 2.91267
"118" 2016 65679 2.955555
"119" 2016 64558 1.93674
"120" 2016 62992 0
"121" 2016 63226 2.52904
"122" 2016 61788 3.39834
"123" 2016 62035 4.032275
"124" 2016 61560 6.156
"125" 2016 60404 4.5303
"126" 2016 61592 4.92736
"127" 2016 64288 6.4288
"128" 2016 64752 7.44648
"129" 2016 64407 16.10175
"130" 2016 66039 23.77404
"131" 2016 67338 21.21147
"132" 2016 66964 21.42848
"133" 2016 67152 27.19656
"134" 2016 67837 27.473985
"135" 2016 69546 27.8184
"136" 2016 71335 32.10075
"137" 2016 73276 32.9742
"138" 2016 73269 36.6345
"139" 2016 73288 38.10976
"140" 2016 71228 33.47716
"141" 2016 71446 32.1507
"142" 2016 70501 32.43046
"143" 2016 70128 36.8172
"144" 2016 69863 40.171225
"145" 2016 70568 37.75388
"146" 2016 69082 36.61346
"147" 2016 69977 41.636315
"148" 2016 69171 41.156745
"149" 2016 68695 41.560475
"150" 2016 66978 39.85191
"151" 2016 68704 53.93264
"152" 2016 70526 67.70496
"153" 2016 73455 61.334925
"154" 2016 73719 60.818175
"155" 2016 76102 78.00455
"156" 2016 76214 88.78931
"157" 2016 75396 95.75292
"158" 2016 76937 106.17306
"159" 2016 76137 106.211115
"160" 2016 74127 123.05082
"161" 2016 73674 142.19082
"162" 2016 72514 152.2794
"163" 2016 71214 158.09508
"164" 2016 68319 176.26302
"165" 2016 66558 200.00679
"166" 2016 65338 216.59547
"167" 2016 64531 240.377975
"168" 2016 64479 247.921755
"169" 2016 63765 259.842375
"170" 2016 62246 286.3316
"171" 2016 62763 320.405115
"172" 2016 61020 359.1027
"173" 2016 59474 388.36522
"174" 2016 58572 392.13954
"175" 2016 57442 418.75218
"176" 2016 54576 428.69448
"177" 2016 55289 474.37962
"178" 2016 55115 529.104
"179" 2016 55377 611.638965
"180" 2016 56071 711.260635
"181" 2016 57375 796.651875
"182" 2016 50586 782.81835
"183" 2016 47937 812.292465
"184" 2016 41883 759.129375
"185" 2016 38030 785.6998
"186" 2016 32499 757.2267
"187" 2016 32986 838.99891
"188" 2016 31107 900.081045
"189" 2016 29133 950.464125
"190" 2016 26799 979.369455
"191" 2016 24888 1038.32736
"192" 2016 22896 1085.2704
"193" 2016 21590 1164.45665
"194" 2016 20383 1253.96216
"195" 2016 20488 1365.11544
"196" 2016 18907 1428.04571
"197" 2016 17810 1553.65535
"198" 2016 15612 1503.4356
"199" 2016 14418 1569.11094
"200" 2016 12551 1565.73725
"201" 2016 11460 1642.6764
"202" 2016 9663 1559.946405
"203" 2016 8285 1482.559325
"204" 2016 6708 1342.7739
"205" 2016 5547 1192.43859
"206" 2016 4321 1005.777565
"207" 2016 3384 876.15144
"208" 2016 2061 581.686335
"209" 2016 1462 447.63516
"210" 2016 977 322.903385
"211" 2016 592 210.13336
"212" 2016 440 166.881
"213" 2016 216 87.09012
"214" 2016 129 55.01463
"215" 2016 84 37.70592
"216" 2016 35 16.457875
"217" 2016 13 6.37468
"218" 2016 11 5.600925
"219" 2016 0 0
"220" 2016 2 1.08519
"221" 2016 1 0.77512
"222" 2016 1 1
"223" 2017 59335 138.8439
"224" 2017 60000 10.5
"225" 2017 60572 7.5715
"226" 2017 60807 5.47263
"227" 2017 62779 4.39453
"228" 2017 63279 2.847555
"229" 2017 65039 2.926755
"230" 2017 66089 1.98267
"231" 2017 64995 0
"232" 2017 63409 2.53636
"233" 2017 63670 3.50185
"234" 2017 62204 4.04326
"235" 2017 62495 6.2495
"236" 2017 62069 4.655175
"237" 2017 60968 4.87744
"238" 2017 62315 6.2315
"239" 2017 65270 7.50605
"240" 2017 65756 16.439
"241" 2017 65139 23.45004
"242" 2017 66540 20.9601
"243" 2017 68038 21.77216
"244" 2017 67803 27.460215
"245" 2017 68046 27.55863
"246" 2017 68787 27.5148
"247" 2017 70628 31.7826
"248" 2017 72595 32.66775
"249" 2017 74557 37.2785
"250" 2017 74388 38.68176
"251" 2017 74290 34.9163
"252" 2017 72108 32.4486
"253" 2017 72141 33.18486
"254" 2017 71070 37.31175
"255" 2017 70596 40.5927
"256" 2017 70234 37.57519
"257" 2017 70842 37.54626
"258" 2017 69248 41.20256
"259" 2017 70363 41.865985
"260" 2017 69417 41.997285
"261" 2017 68946 41.02287
"262" 2017 67168 52.72688
"263" 2017 68832 66.07872
"264" 2017 70626 58.97271
"265" 2017 73574 60.69855
"266" 2017 73799 75.643975
"267" 2017 76179 88.748535
"268" 2017 76223 96.80321
"269" 2017 75431 104.09478
"270" 2017 76880 107.2476
"271" 2017 76128 126.37248
"272" 2017 74058 142.93194
"273" 2017 73613 154.5873
"274" 2017 72393 160.71246
"275" 2017 71062 183.33996
"276" 2017 68122 204.70661
"277" 2017 66332 219.89058
"278" 2017 65133 242.620425
"279" 2017 64303 247.245035
"280" 2017 64209 261.651675
"281" 2017 63471 291.9666
"282" 2017 61915 316.076075
"283" 2017 62447 367.500595
"284" 2017 60625 395.88125
"285" 2017 59040 395.2728
"286" 2017 58101 423.55629
"287" 2017 57004 447.76642
"288" 2017 54072 463.93776
"289" 2017 54748 525.5808
"290" 2017 54519 602.162355
"291" 2017 54731 694.262735
"292" 2017 55384 769.00684
"293" 2017 56610 876.03975
"294" 2017 49857 844.826865
"295" 2017 47124 854.1225
"296" 2017 41156 850.28296
"297" 2017 37312 869.3696
"298" 2017 31803 808.909305
"299" 2017 32187 931.330845
"300" 2017 30282 987.95025
"301" 2017 28200 1030.569
"302" 2017 25857 1078.75404
"303" 2017 23915 1133.571
"304" 2017 21877 1179.935995
"305" 2017 20471 1259.37592
"306" 2017 19218 1280.49534
"307" 2017 19121 1444.20913
"308" 2017 17570 1532.71895
"309" 2017 16317 1571.3271
"310" 2017 14012 1524.92596
"311" 2017 12847 1602.66325
"312" 2017 11035 1581.7569
"313" 2017 9908 1599.49798
"314" 2017 8202 1467.70689
"315" 2017 6854 1371.99945
"316" 2017 5390 1158.6883
"317" 2017 4376 1018.57964
"318" 2017 3301 854.66191
"319" 2017 2479 699.660565
"320" 2017 1468 449.47224
"321" 2017 1024 338.43712
"322" 2017 655 232.495525
"323" 2017 389 147.537975
"324" 2017 293 118.136135
"325" 2017 114 48.61758
"326" 2017 69 30.97272
"327" 2017 41 19.279225
"328" 2017 18 8.82648
"329" 2017 9 4.582575
"330" 2017 5 2.632975
"331" 2017 0 0
"332" 2017 0 0
"333" 2017 1 1
"334" 2018 56965 133.2981
"335" 2018 60067 10.511725
"336" 2018 60482 7.56025
"337" 2018 60911 5.48199
"338" 2018 61154 4.28078
"339" 2018 63022 2.83599
"340" 2018 63548 2.85966
"341" 2018 65340 1.9602
"342" 2018 66381 0
"343" 2018 65381 2.61524
"344" 2018 63801 3.509055
"345" 2018 64071 4.164615
"346" 2018 62557 6.2557
"347" 2018 62878 4.71585
"348" 2018 62376 4.99008
"349" 2018 61354 6.1354
"350" 2018 62806 7.22269
"351" 2018 65913 16.47825
"352" 2018 66384 23.89824
"353" 2018 65502 20.63313
"354" 2018 66965 21.4288
"355" 2018 68531 27.755055
"356" 2018 68381 27.694305
"357" 2018 68769 27.5076
"358" 2018 69724 31.3758
"359" 2018 71899 32.35455
"360" 2018 73749 36.8745
"361" 2018 75524 39.27248
"362" 2018 75387 35.43189
"363" 2018 75016 33.7572
"364" 2018 72726 33.45396
"365" 2018 72610 38.12025
"366" 2018 71502 41.11365
"367" 2018 70975 37.971625
"368" 2018 70578 37.40634
"369" 2018 71176 42.34972
"370" 2018 69549 41.381655
"371" 2018 70602 42.71421
"372" 2018 69565 41.391175
"373" 2018 69101 54.244285
"374" 2018 67311 64.61856
"375" 2018 68947 57.570745
"376" 2018 70698 58.32585
"377" 2018 73605 75.445125
"378" 2018 73833 86.015445
"379" 2018 76190 96.7613
"380" 2018 76208 105.16704
"381" 2018 75374 105.14673
"382" 2018 76842 127.55772
"383" 2018 76060 146.7958
"384" 2018 73993 155.3853
"385" 2018 73449 163.05678
"386" 2018 72275 186.4695
"387" 2018 70897 213.045485
"388" 2018 67929 225.184635
"389" 2018 66130 246.33425
"390" 2018 64938 249.68661
"391" 2018 64057 261.032275
"392" 2018 63890 293.894
"393" 2018 63167 322.467535
"394" 2018 61579 362.392415
"395" 2018 62058 405.23874
"396" 2018 60252 403.38714
"397" 2018 58653 427.58037
"398" 2018 57637 452.738635
"399" 2018 56507 484.83006
"400" 2018 53559 514.1664
"401" 2018 54110 597.64495
"402" 2018 53897 683.683445
"403" 2018 54070 750.76195
"404" 2018 54658 845.83255
"405" 2018 55796 945.46322
"406" 2018 49026 888.59625
"407" 2018 46258 955.69028
"408" 2018 40333 939.7589
"409" 2018 36511 928.657285
"410" 2018 31058 898.66323
"411" 2018 31314 1021.61925
"412" 2018 29357 1072.851565
"413" 2018 27219 1135.57668
"414" 2018 24811 1176.0414
"415" 2018 22840 1231.8754
"416" 2018 20762 1277.27824
"417" 2018 19348 1289.15724
"418" 2018 17986 1358.48258
"419" 2018 17673 1541.704155
"420" 2018 16099 1550.3337
"421" 2018 14749 1605.13367
"422" 2018 12538 1564.1155
"423" 2018 11267 1615.01178
"424" 2018 9493 1532.502455
"425" 2018 8373 1498.306485
"426" 2018 6786 1358.38755
"427" 2018 5537 1190.28889
"428" 2018 4230 984.59595
"429" 2018 3324 860.61684
"430" 2018 2423 683.855405
"431" 2018 1778 544.38804
"432" 2018 1024 338.43712
"433" 2018 703 249.533365
"434" 2018 432 163.8468
"435" 2018 234 94.34763
"436" 2018 212 90.41164
"437" 2018 72 32.31936
"438" 2018 36 16.9281
"439" 2018 22 10.78792
"440" 2018 6 3.05505
"441" 2018 5 2.632975
"442" 2018 1 0.542595
"443" 2018 0 0
"444" 2018 0 0
"445" 2019 55391 129.61494
"446" 2019 57550 10.07125
"447" 2019 60347 7.543375
"448" 2019 60609 5.45481
"449" 2019 60966 4.26762
"450" 2019 61276 2.75742
"451" 2019 63085 2.838825
"452" 2019 63622 1.90866
"453" 2019 65504 0
"454" 2019 66566 2.66264
"455" 2019 65627 3.609485
"456" 2019 64061 4.163965
"457" 2019 64353 6.4353
"458" 2019 62838 4.71285
"459" 2019 63163 5.05304
"460" 2019 62646 6.2646
"461" 2019 61731 7.099065
"462" 2019 63173 15.79325
"463" 2019 66361 23.88996
"464" 2019 66588 20.97522
"465" 2019 65863 21.07616
"466" 2019 67427 27.307935
"467" 2019 69204 28.02762
"468" 2019 69074 27.6296
"469" 2019 69663 31.34835
"470" 2019 70797 31.85865
"471" 2019 72975 36.4875
"472" 2019 74836 38.91472
"473" 2019 76469 35.94043
"474" 2019 76111 34.24995
"475" 2019 75681 34.81326
"476" 2019 73268 38.4657
"477" 2019 72947 41.944525
"478" 2019 71880 38.4558
"479" 2019 71196 37.73388
"480" 2019 70845 42.152775
"481" 2019 71364 42.46158
"482" 2019 69715 42.177575
"483" 2019 70748 42.09506
"484" 2019 69725 54.734125
"485" 2019 69247 66.47712
"486" 2019 67359 56.244765
"487" 2019 69029 56.948925
"488" 2019 70849 72.620225
"489" 2019 73727 85.891955
"490" 2019 73833 93.76791
"491" 2019 76249 105.22362
"492" 2019 76226 106.33527
"493" 2019 75353 125.08598
"494" 2019 76767 148.16031
"495" 2019 75954 159.5034
"496" 2019 73918 164.09796
"497" 2019 73346 189.23268
"498" 2019 72093 216.639465
"499" 2019 70733 234.479895
"500" 2019 67723 252.268175
"501" 2019 65958 253.60851
"502" 2019 64676 263.5547
"503" 2019 63764 293.3144
"504" 2019 63579 324.570795
"505" 2019 62854 369.89579
"506" 2019 61213 399.72089
"507" 2019 61675 412.914125
"508" 2019 59790 435.8691
"509" 2019 58211 457.247405
"510" 2019 57146 490.31268
"511" 2019 56001 537.6096
"512" 2019 53040 585.8268
"513" 2019 53535 679.091475
"514" 2019 53282 739.82057
"515" 2019 53369 825.885275
"516" 2019 53877 912.945765
"517" 2019 54929 995.588125
"518" 2019 48193 995.66738
"519" 2019 45423 1058.3559
"520" 2019 39480 1004.1738
"521" 2019 35636 1031.12766
"522" 2019 30240 986.58
"523" 2019 30316 1107.89822
"524" 2019 28375 1183.805
"525" 2019 26149 1239.4626
"526" 2019 23752 1281.06412
"527" 2019 21667 1332.95384
"528" 2019 19528 1301.15064
"529" 2019 18114 1368.15042
"530" 2019 16733 1459.703255
"531" 2019 16253 1565.1639
"532" 2019 14606 1589.57098
"533" 2019 13220 1649.195
"534" 2019 11017 1579.17678
"535" 2019 9629 1554.457615
"536" 2019 8079 1445.696655
"537" 2019 6899 1381.007325
"538" 2019 5528 1188.35416
"539" 2019 4414 1027.42471
"540" 2019 3217 832.91347
"541" 2019 2442 689.21787
"542" 2019 1753 536.73354
"543" 2019 1237 408.834685
"544" 2019 687 243.854085
"545" 2019 440 166.881
"546" 2019 288 116.12016
"547" 2019 130 55.4411
"548" 2019 155 69.5764
"549" 2019 31 14.576975
"550" 2019 11 5.39396
"551" 2019 12 6.1101
"552" 2019 4 2.10638
"553" 2019 4 2.17038
"554" 2019 1 0.77512
"555" 2019 0 0
"556" 2020 54827 128.29518
"557" 2020 56012 9.8021
"558" 2020 57881 7.235125
"559" 2020 60522 5.44698
"560" 2020 60821 4.25747
"561" 2020 61096 2.74932
"562" 2020 61392 2.76264
"563" 2020 63251 1.89753
"564" 2020 63881 0
"565" 2020 65675 2.627
"566" 2020 66830 3.67565
"567" 2020 65911 4.284215
"568" 2020 64306 6.4306
"569" 2020 64640 4.848
"570" 2020 63082 5.04656
"571" 2020 63408 6.3408
"572" 2020 63022 7.24753
"573" 2020 62051 15.51275
"574" 2020 63557 22.88052
"575" 2020 66584 20.97396
"576" 2020 66813 21.38016
"577" 2020 66164 26.79642
"578" 2020 67817 27.465885
"579" 2020 69949 27.9796
"580" 2020 70086 31.5387
"581" 2020 70853 31.88385
"582" 2020 72055 36.0275
"583" 2020 74333 38.65316
"584" 2020 76034 35.73598
"585" 2020 77648 34.9416
"586" 2020 77154 35.49084
"587" 2020 76654 40.24335
"588" 2020 74060 42.5845
"589" 2020 73772 39.46802
"590" 2020 72584 38.46952
"591" 2020 71786 42.71267
"592" 2020 71437 42.505015
"593" 2020 71816 43.44868
"594" 2020 70166 41.74877
"595" 2020 71118 55.82763
"596" 2020 70031 67.22976
"597" 2020 69500 58.0325
"598" 2020 67668 55.8261
"599" 2020 69281 71.013025
"600" 2020 71035 82.755775
"601" 2020 73922 93.88094
"602" 2020 74049 102.18762
"603" 2020 76421 106.607295
"604" 2020 76355 126.7493
"605" 2020 75401 145.52393
"606" 2020 76841 161.3661
"607" 2020 75951 168.61122
"608" 2020 73838 190.50204
"609" 2020 73303 220.275515
"610" 2020 71998 238.67337
"611" 2020 70593 262.958925
"612" 2020 67565 259.787425
"613" 2020 65729 267.845675
"614" 2020 64470 296.562
"615" 2020 63542 324.38191
"616" 2020 63305 372.549925
"617" 2020 62531 408.32743
"618" 2020 60841 407.330495
"619" 2020 61215 446.25735
"620" 2020 59331 466.045005
"621" 2020 57742 495.42636
"622" 2020 56654 543.8784
"623" 2020 55422 612.13599
"624" 2020 52505 666.025925
"625" 2020 52949 735.196865
"626" 2020 52574 813.58265
"627" 2020 52640 891.9848
"628" 2020 53029 961.150625
"629" 2020 54001 1115.66066
"630" 2020 47208 1099.9464
"631" 2020 44441 1130.356835
"632" 2020 38551 1115.473185
"633" 2020 34707 1132.315875
"634" 2020 29351 1072.632295
"635" 2020 29332 1223.73104
"636" 2020 27279 1293.0246
"637" 2020 25071 1352.204385
"638" 2020 22635 1392.5052
"639" 2020 20484 1364.84892
"640" 2020 18246 1378.12038
"641" 2020 16809 1466.333115
"642" 2020 15398 1482.8274
"643" 2020 14780 1608.5074
"644" 2020 13080 1631.73
"645" 2020 11697 1676.64798
"646" 2020 9590 1548.16165
"647" 2020 8154 1459.11753
"648" 2020 6698 1340.77215
"649" 2020 5642 1212.86074
"650" 2020 4366 1016.25199
"651" 2020 3434 889.09694
"652" 2020 2432 686.39552
"653" 2020 1735 531.2223
"654" 2020 1207 398.919535
"655" 2020 848 301.00184
"656" 2020 446 169.15665
"657" 2020 270 108.86265
"658" 2020 183 78.04401
"659" 2020 85 38.1548
"660" 2020 117 55.016325
"661" 2020 9 4.41324
"662" 2020 2 1.01835
"663" 2020 3 1.579785
"664" 2020 1 0.542595
"665" 2020 1 0.77512
"666" 2020 1 1
"667" 2021 53134 124.33356
"668" 2021 55225 9.664375
"669" 2021 56142 7.01775
"670" 2021 57933 5.21397
"671" 2021 60526 4.23682
"672" 2021 60804 2.73618
"673" 2021 61036 2.74662
"674" 2021 61447 1.84341
"675" 2021 63318 0
"676" 2021 63968 2.55872
"677" 2021 65749 3.616195
"678" 2021 66933 4.350645
"679" 2021 66122 6.6122
"680" 2021 64462 4.83465
"681" 2021 64792 5.18336
"682" 2021 63256 6.3256
"683" 2021 63606 7.31469
"684" 2021 63237 15.80925
"685" 2021 62347 22.44492
"686" 2021 63753 20.082195
"687" 2021 66564 21.30048
"688" 2021 66936 27.10908
"689" 2021 66360 26.8758
"690" 2021 68135 27.254
"691" 2021 70426 31.6917
"692" 2021 70778 31.8501
"693" 2021 71677 35.8385
"694" 2021 72872 37.89344
"695" 2021 74929 35.21663
"696" 2021 76630 34.4835
"697" 2021 78094 35.92324
"698" 2021 77420 40.6455
"699" 2021 77015 44.283625
"700" 2021 74273 39.736055
"701" 2021 74033 39.23749
"702" 2021 72771 43.298745
"703" 2021 71822 42.73409
"704" 2021 71519 43.268995
"705" 2021 71865 42.759675
"706" 2021 70312 55.19492
"707" 2021 71180 68.3328
"708" 2021 70078 58.51513
"709" 2021 69540 57.3705
"710" 2021 67741 69.434525
"711" 2021 69250 80.67625
"712" 2021 71139 90.34653
"713" 2021 73973 102.08274
"714" 2021 74060 103.3137
"715" 2021 76360 126.7576
"716" 2021 76270 147.2011
"717" 2021 75360 158.256
"718" 2021 76753 170.39166
"719" 2021 75847 195.68526
"720" 2021 73718 221.52259
"721" 2021 73159 242.522085
"722" 2021 71855 267.659875
"723" 2021 70382 270.61879
"724" 2021 67370 274.53275
"725" 2021 65515 301.369
"726" 2021 64204 327.76142
"727" 2021 63260 372.2851
"728" 2021 63019 411.51407
"729" 2021 62169 416.221455
"730" 2021 60432 440.54928
"731" 2021 60772 477.36406
"732" 2021 58841 504.85578
"733" 2021 57244 549.5424
"734" 2021 56054 619.11643
"735" 2021 54855 695.835675
"736" 2021 51873 720.256605
"737" 2021 52342 809.99245
"738" 2021 51795 877.666275
"739" 2021 51861 939.980625
"740" 2021 52122 1076.84052
"741" 2021 53009 1235.1097
"742" 2021 46175 1174.461125
"743" 2021 43462 1257.57297
"744" 2021 37606 1226.89575
"745" 2021 33720 1232.2974
"746" 2021 28376 1183.84672
"747" 2021 28254 1339.2396
"748" 2021 26140 1409.8609
"749" 2021 23923 1471.74296
"750" 2021 21400 1425.882
"751" 2021 19230 1452.4419
"752" 2021 16920 1476.0162
"753" 2021 15497 1492.3611
"754" 2021 14076 1531.89108
"755" 2021 13346 1664.9135
"756" 2021 11523 1651.70682
"757" 2021 10112 1632.43072
"758" 2021 8186 1464.84377
"759" 2021 6844 1369.9977
"760" 2021 5464 1174.59608
"761" 2021 4437 1032.778305
"762" 2021 3400 880.294
"763" 2021 2605 735.222175
"764" 2021 1746 534.59028
"765" 2021 1203 397.597515
"766" 2021 831 294.967605
"767" 2021 552 209.3598
"768" 2021 292 117.73294
"769" 2021 167 71.22049
"770" 2021 110 49.3768
"771" 2021 51 23.981475
"772" 2021 98 48.05528
"773" 2021 0 0
"774" 2021 0 0
"775" 2021 0 0
"776" 2021 0 0
"777" 2021 0 0
