"year" "population" "expected"
"1" 2015 59383 122.32898
"2" 2015 60097 9.315035
"3" 2015 62083 5.897885
"4" 2015 62672 5.95384
"5" 2015 64363 6.114485
"6" 2015 65356 3.92136
"7" 2015 64171 3.529405
"8" 2015 62592 3.44256
"9" 2015 62815 5.0252
"10" 2015 61301 4.90408
"11" 2015 61582 3.38701
"12" 2015 61163 7.033745
"13" 2015 59954 6.59494
"14" 2015 61122 4.88976
"15" 2015 63739 9.56085
"16" 2015 64025 12.16475
"17" 2015 63655 11.139625
"18" 2015 65531 17.365715
"19" 2015 66869 24.74153
"20" 2015 66426 31.22022
"21" 2015 66394 27.55351
"22" 2015 67069 25.150875
"23" 2015 68482 30.13208
"24" 2015 70277 33.73296
"25" 2015 71855 34.131125
"26" 2015 71733 28.334535
"27" 2015 71826 31.24431
"28" 2015 70006 30.80264
"29" 2015 70245 30.556575
"30" 2015 69510 30.23685
"31" 2015 69281 31.522855
"32" 2015 69248 34.97024
"33" 2015 69912 34.956
"34" 2015 68569 33.255965
"35" 2015 69340 35.0167
"36" 2015 68741 38.49496
"37" 2015 68197 42.96411
"38" 2015 66580 42.6112
"39" 2015 68361 44.092845
"40" 2015 70164 51.92136
"41" 2015 73106 53.73291
"42" 2015 73465 54.731425
"43" 2015 75863 70.173275
"44" 2015 76064 76.44432
"45" 2015 75225 78.610125
"46" 2015 76848 86.454
"47" 2015 76069 93.56487
"48" 2015 74104 100.78144
"49" 2015 73707 105.032475
"50" 2015 72548 113.53762
"51" 2015 71330 131.9605
"52" 2015 68383 145.997705
"53" 2015 66682 146.7004
"54" 2015 65504 161.79488
"55" 2015 64715 185.408475
"56" 2015 64768 203.04768
"57" 2015 63982 227.77592
"58" 2015 62522 228.83052
"59" 2015 63048 248.40912
"60" 2015 61384 269.16884
"61" 2015 59818 297.59455
"62" 2015 59031 351.23445
"63" 2015 57876 395.58246
"64" 2015 55020 390.0918
"65" 2015 55749 431.218515
"66" 2015 55614 473.27514
"67" 2015 55947 502.40406
"68" 2015 56720 537.7056
"69" 2015 58132 632.1855
"70" 2015 51289 645.472065
"71" 2015 48678 686.60319
"72" 2015 42589 681.211055
"73" 2015 38702 688.50858
"74" 2015 33154 645.67415
"75" 2015 33740 736.0381
"76" 2015 31925 774.660125
"77" 2015 29987 804.401275
"78" 2015 27688 817.76508
"79" 2015 25808 862.76144
"80" 2015 23892 901.08678
"81" 2015 22645 953.241275
"82" 2015 21510 1027.85535
"83" 2015 21846 1231.0221
"84" 2015 20256 1323.93216
"85" 2015 19271 1379.8036
"86" 2015 17085 1359.45345
"87" 2015 15978 1460.3892
"88" 2015 14070 1478.757
"89" 2015 13054 1500.42676
"90" 2015 11267 1465.217015
"91" 2015 9906 1513.93398
"92" 2015 8199 1401.37308
"93" 2015 6887 1286.42273
"94" 2015 5514 1130.75598
"95" 2015 4414 1000.63173
"96" 2015 2746 687.17277
"97" 2015 2069 565.91288
"98" 2015 1437 427.442835
"99" 2015 859 276.447675
"100" 2015 637 220.64406
"101" 2015 355 131.653525
"102" 2015 210 82.9479
"103" 2015 135 56.502225
"104" 2015 65 28.682225
"105" 2015 27 12.50073
"106" 2015 19 9.18726
"107" 2015 6 3.01677
"108" 2015 2 1.04137
"109" 2015 1 0.53716
"110" 2015 1 0.77252
"111" 2015 1 1
"112" 2016 59396 122.35576
"113" 2016 60091 9.314105
"114" 2016 60458 5.74351
"115" 2016 62469 5.934555
"116" 2016 62981 5.983195
"117" 2016 64726 3.88356
"118" 2016 65679 3.612345
"119" 2016 64558 3.55069
"120" 2016 62992 5.03936
"121" 2016 63226 5.05808
"122" 2016 61788 3.39834
"123" 2016 62035 7.134025
"124" 2016 61560 6.7716
"125" 2016 60404 4.83232
"126" 2016 61592 9.2388
"127" 2016 64288 12.21472
"128" 2016 64752 11.3316
"129" 2016 64407 17.067855
"130" 2016 66039 24.43443
"131" 2016 67338 31.64886
"132" 2016 66964 27.79006
"133" 2016 67152 25.182
"134" 2016 67837 29.84828
"135" 2016 69546 33.38208
"136" 2016 71335 33.884125
"137" 2016 73276 28.94402
"138" 2016 73269 31.872015
"139" 2016 73288 32.24672
"140" 2016 71228 30.98418
"141" 2016 71446 31.07901
"142" 2016 70501 32.077955
"143" 2016 70128 35.41464
"144" 2016 69863 34.9315
"145" 2016 70568 34.22548
"146" 2016 69082 34.88641
"147" 2016 69977 39.18712
"148" 2016 69171 43.57773
"149" 2016 68695 43.9648
"150" 2016 66978 43.20081
"151" 2016 68704 50.84096
"152" 2016 70526 51.83661
"153" 2016 73455 54.723975
"154" 2016 73719 68.190075
"155" 2016 76102 76.48251
"156" 2016 76214 79.64363
"157" 2016 75396 84.8205
"158" 2016 76937 94.63251
"159" 2016 76137 103.54632
"160" 2016 74127 105.630975
"161" 2016 73674 115.29981
"162" 2016 72514 134.1509
"163" 2016 71214 152.04189
"164" 2016 68319 150.3018
"165" 2016 66558 164.39826
"166" 2016 65338 187.19337
"167" 2016 64531 202.304685
"168" 2016 64479 229.54524
"169" 2016 63765 233.3799
"170" 2016 62246 245.24924
"171" 2016 62763 275.215755
"172" 2016 61020 303.5745
"173" 2016 59474 353.8703
"174" 2016 58572 400.33962
"175" 2016 57442 407.26378
"176" 2016 54576 422.14536
"177" 2016 55289 470.50939
"178" 2016 55115 494.9327
"179" 2016 55377 524.97396
"180" 2016 56071 609.772125
"181" 2016 57375 722.064375
"182" 2016 50586 713.51553
"183" 2016 47937 766.752315
"184" 2016 41883 745.09857
"185" 2016 38030 740.63425
"186" 2016 32499 708.965685
"187" 2016 32986 800.40529
"188" 2016 31107 834.445275
"189" 2016 29133 860.443155
"190" 2016 26799 895.89057
"191" 2016 24888 938.65092
"192" 2016 22896 963.80712
"193" 2016 21590 1031.67815
"194" 2016 20383 1148.58205
"195" 2016 20488 1339.09568
"196" 2016 18907 1353.7412
"197" 2016 17810 1417.1417
"198" 2016 15612 1426.9368
"199" 2016 14418 1515.3318
"200" 2016 12551 1442.61194
"201" 2016 11460 1490.3157
"202" 2016 9663 1476.79629
"203" 2016 8285 1416.0722
"204" 2016 6708 1252.98732
"205" 2016 5547 1137.52329
"206" 2016 4321 979.549095
"207" 2016 3384 846.82908
"208" 2016 2061 563.72472
"209" 2016 1462 434.87921
"210" 2016 977 314.423025
"211" 2016 592 205.05696
"212" 2016 440 163.1762
"213" 2016 216 85.31784
"214" 2016 129 53.991015
"215" 2016 84 37.06626
"216" 2016 35 16.20465
"217" 2016 13 6.28602
"218" 2016 11 5.530745
"219" 2016 0 0
"220" 2016 2 1.07432
"221" 2016 1 0.77252
"222" 2016 1 1
"223" 2017 59335 122.2301
"224" 2017 60000 9.3
"225" 2017 60572 5.75434
"226" 2017 60807 5.776665
"227" 2017 62779 5.964005
"228" 2017 63279 3.79674
"229" 2017 65039 3.577145
"230" 2017 66089 3.634895
"231" 2017 64995 5.1996
"232" 2017 63409 5.07272
"233" 2017 63670 3.50185
"234" 2017 62204 7.15346
"235" 2017 62495 6.87445
"236" 2017 62069 4.96552
"237" 2017 60968 9.1452
"238" 2017 62315 11.83985
"239" 2017 65270 11.42225
"240" 2017 65756 17.42534
"241" 2017 65139 24.10143
"242" 2017 66540 31.2738
"243" 2017 68038 28.23577
"244" 2017 67803 25.426125
"245" 2017 68046 29.94024
"246" 2017 68787 33.01776
"247" 2017 70628 33.5483
"248" 2017 72595 28.675025
"249" 2017 74557 32.432295
"250" 2017 74388 32.73072
"251" 2017 74290 32.31615
"252" 2017 72108 31.36698
"253" 2017 72141 32.824155
"254" 2017 71070 35.89035
"255" 2017 70596 35.298
"256" 2017 70234 34.06349
"257" 2017 70842 35.77521
"258" 2017 69248 38.77888
"259" 2017 70363 44.32869
"260" 2017 69417 44.42688
"261" 2017 68946 44.47017
"262" 2017 67168 49.70432
"263" 2017 68832 50.59152
"264" 2017 70626 52.61637
"265" 2017 73574 68.05595
"266" 2017 73799 74.167995
"267" 2017 76179 79.607055
"268" 2017 76223 85.750875
"269" 2017 75431 92.78013
"270" 2017 76880 104.5568
"271" 2017 76128 108.4824
"272" 2017 74058 115.90077
"273" 2017 73613 136.18405
"274" 2017 72393 154.559055
"275" 2017 71062 156.3364
"276" 2017 68122 168.26134
"277" 2017 66332 190.04118
"278" 2017 65133 204.191955
"279" 2017 64303 228.91868
"280" 2017 64209 235.00494
"281" 2017 63471 250.07574
"282" 2017 61915 271.497275
"283" 2017 62447 310.673825
"284" 2017 60625 360.71875
"285" 2017 59040 403.5384
"286" 2017 58101 411.93609
"287" 2017 57004 440.92594
"288" 2017 54072 460.15272
"289" 2017 54748 491.63704
"290" 2017 54519 516.84012
"291" 2017 54731 595.199625
"292" 2017 55384 697.00764
"293" 2017 56610 798.48405
"294" 2017 49857 797.462715
"295" 2017 47124 838.33596
"296" 2017 41156 801.5131
"297" 2017 37312 813.96128
"298" 2017 31803 771.699795
"299" 2017 32187 863.416275
"300" 2017 30282 894.37887
"301" 2017 28200 942.726
"302" 2017 25857 975.196755
"303" 2017 23915 1006.701925
"304" 2017 21877 1045.392445
"305" 2017 20471 1153.54085
"306" 2017 19218 1256.08848
"307" 2017 19121 1369.0636
"308" 2017 17570 1398.0449
"309" 2017 16317 1491.3738
"310" 2017 14012 1472.6612
"311" 2017 12847 1476.63418
"312" 2017 11035 1435.046575
"313" 2017 9908 1514.23964
"314" 2017 8202 1401.88584
"315" 2017 6854 1280.25866
"316" 2017 5390 1105.3273
"317" 2017 4376 992.01732
"318" 2017 3301 826.058745
"319" 2017 2479 678.05608
"320" 2017 1468 436.66394
"321" 2017 1024 329.5488
"322" 2017 655 226.8789
"323" 2017 389 144.262595
"324" 2017 293 115.73207
"325" 2017 114 47.71299
"326" 2017 69 30.447285
"327" 2017 41 18.98259
"328" 2017 18 8.70372
"329" 2017 9 4.525155
"330" 2017 5 2.603425
"331" 2017 0 0
"332" 2017 0 0
"333" 2017 1 1
"334" 2018 56965 117.3479
"335" 2018 60067 9.310385
"336" 2018 60482 5.74579
"337" 2018 60911 5.786545
"338" 2018 61154 5.80963
"339" 2018 63022 3.78132
"340" 2018 63548 3.49514
"341" 2018 65340 3.5937
"342" 2018 66381 5.31048
"343" 2018 65381 5.23048
"344" 2018 63801 3.509055
"345" 2018 64071 7.368165
"346" 2018 62557 6.88127
"347" 2018 62878 5.03024
"348" 2018 62376 9.3564
"349" 2018 61354 11.65726
"350" 2018 62806 10.99105
"351" 2018 65913 17.466945
"352" 2018 66384 24.56208
"353" 2018 65502 30.78594
"354" 2018 66965 27.790475
"355" 2018 68531 25.699125
"356" 2018 68381 30.08764
"357" 2018 68769 33.00912
"358" 2018 69724 33.1189
"359" 2018 71899 28.400105
"360" 2018 73749 32.080815
"361" 2018 75524 33.23056
"362" 2018 75387 32.793345
"363" 2018 75016 32.63196
"364" 2018 72726 33.09033
"365" 2018 72610 36.66805
"366" 2018 71502 35.751
"367" 2018 70975 34.422875
"368" 2018 70578 35.64189
"369" 2018 71176 39.85856
"370" 2018 69549 43.81587
"371" 2018 70602 45.18528
"372" 2018 69565 44.869425
"373" 2018 69101 51.13474
"374" 2018 67311 49.473585
"375" 2018 68947 51.365515
"376" 2018 70698 65.39565
"377" 2018 73605 73.973025
"378" 2018 73833 77.155485
"379" 2018 76190 85.71375
"380" 2018 76208 93.73584
"381" 2018 75374 102.50864
"382" 2018 76842 109.49985
"383" 2018 76060 119.0339
"384" 2018 73993 136.88705
"385" 2018 73449 156.813615
"386" 2018 72275 159.005
"387" 2018 70897 175.11559
"388" 2018 67929 194.616585
"389" 2018 66130 207.31755
"390" 2018 64938 231.17928
"391" 2018 64057 234.44862
"392" 2018 63890 251.7266
"393" 2018 63167 276.987295
"394" 2018 61579 306.355525
"395" 2018 62058 369.2451
"396" 2018 60252 411.82242
"397" 2018 58653 415.84977
"398" 2018 57637 445.822195
"399" 2018 56507 480.87457
"400" 2018 53559 480.95982
"401" 2018 54110 512.9628
"402" 2018 53897 586.129875
"403" 2018 54070 680.47095
"404" 2018 54658 770.95109
"405" 2018 55796 892.45702
"406" 2018 49026 872.17254
"407" 2018 46258 900.87455
"408" 2018 40333 879.864395
"409" 2018 36511 885.939415
"410" 2018 31058 833.13085
"411" 2018 31314 924.85899
"412" 2018 29357 981.40451
"413" 2018 27219 1026.564585
"414" 2018 24811 1044.419045
"415" 2018 22840 1091.4094
"416" 2018 20762 1169.9387
"417" 2018 19348 1264.58528
"418" 2018 17986 1287.7976
"419" 2018 17673 1406.24061
"420" 2018 16099 1471.4486
"421" 2018 14749 1550.1199
"422" 2018 12538 1441.11772
"423" 2018 11267 1465.217015
"424" 2018 9493 1450.81519
"425" 2018 8373 1431.11316
"426" 2018 6786 1267.55694
"427" 2018 5537 1135.47259
"428" 2018 4230 958.91985
"429" 2018 3324 831.81438
"430" 2018 2423 662.73896
"431" 2018 1778 528.87499
"432" 2018 1024 329.5488
"433" 2018 703 243.50514
"434" 2018 432 160.20936
"435" 2018 234 92.42766
"436" 2018 212 88.72942
"437" 2018 72 31.77108
"438" 2018 36 16.66764
"439" 2018 22 10.63788
"440" 2018 6 3.01677
"441" 2018 5 2.603425
"442" 2018 1 0.53716
"443" 2018 0 0
"444" 2018 0 0
"445" 2019 55391 114.10546
"446" 2019 57550 8.92025
"447" 2019 60347 5.732965
"448" 2019 60609 5.757855
"449" 2019 60966 5.79177
"450" 2019 61276 3.67656
"451" 2019 63085 3.469675
"452" 2019 63622 3.49921
"453" 2019 65504 5.24032
"454" 2019 66566 5.32528
"455" 2019 65627 3.609485
"456" 2019 64061 7.367015
"457" 2019 64353 7.07883
"458" 2019 62838 5.02704
"459" 2019 63163 9.47445
"460" 2019 62646 11.90274
"461" 2019 61731 10.802925
"462" 2019 63173 16.740845
"463" 2019 66361 24.55357
"464" 2019 66588 31.29636
"465" 2019 65863 27.333145
"466" 2019 67427 25.285125
"467" 2019 69204 30.44976
"468" 2019 69074 33.15552
"469" 2019 69663 33.089925
"470" 2019 70797 27.964815
"471" 2019 72975 31.744125
"472" 2019 74836 32.92784
"473" 2019 76469 33.264015
"474" 2019 76111 33.108285
"475" 2019 75681 34.434855
"476" 2019 73268 37.00034
"477" 2019 72947 36.4735
"478" 2019 71880 34.8618
"479" 2019 71196 35.95398
"480" 2019 70845 39.6732
"481" 2019 71364 44.95932
"482" 2019 69715 44.6176
"483" 2019 70748 45.63246
"484" 2019 69725 51.5965
"485" 2019 69247 50.896545
"486" 2019 67359 50.182455
"487" 2019 69029 63.851825
"488" 2019 70849 71.203245
"489" 2019 73727 77.044715
"490" 2019 73833 83.062125
"491" 2019 76249 93.78627
"492" 2019 76226 103.66736
"493" 2019 75353 107.378025
"494" 2019 76767 120.140355
"495" 2019 75954 140.5149
"496" 2019 73918 157.81493
"497" 2019 73346 161.3612
"498" 2019 72093 178.06971
"499" 2019 70733 202.650045
"500" 2019 67723 212.311605
"501" 2019 65958 234.81048
"502" 2019 64676 236.71416
"503" 2019 63764 251.23016
"504" 2019 63579 278.793915
"505" 2019 62854 312.69865
"506" 2019 61213 364.21735
"507" 2019 61675 421.548625
"508" 2019 59790 423.9111
"509" 2019 58211 450.262085
"510" 2019 57146 486.31246
"511" 2019 56001 502.88898
"512" 2019 53040 502.8192
"513" 2019 53535 582.193125
"514" 2019 53282 670.55397
"515" 2019 53369 752.769745
"516" 2019 53877 861.762615
"517" 2019 54929 977.18691
"518" 2019 48193 938.558675
"519" 2019 45423 990.902745
"520" 2019 39480 957.9822
"521" 2019 35636 955.9357
"522" 2019 30240 893.1384
"523" 2019 30316 1013.46388
"524" 2019 28375 1070.163125
"525" 2019 26149 1100.742155
"526" 2019 23752 1134.98932
"527" 2019 21667 1220.93545
"528" 2019 19528 1276.35008
"529" 2019 18114 1296.9624
"530" 2019 16733 1331.44481
"531" 2019 16253 1485.5242
"532" 2019 14606 1535.0906
"533" 2019 13220 1519.5068
"534" 2019 11017 1432.705765
"535" 2019 9629 1471.60007
"536" 2019 8079 1380.86268
"537" 2019 6899 1288.66421
"538" 2019 5528 1133.62696
"539" 2019 4414 1000.63173
"540" 2019 3217 805.038165
"541" 2019 2442 667.93584
"542" 2019 1753 521.438615
"543" 2019 1237 398.097525
"544" 2019 687 237.96306
"545" 2019 440 163.1762
"546" 2019 288 113.75712
"547" 2019 130 54.40955
"548" 2019 155 68.396075
"549" 2019 31 14.35269
"550" 2019 11 5.31894
"551" 2019 12 6.03354
"552" 2019 4 2.08274
"553" 2019 4 2.14864
"554" 2019 1 0.77252
"555" 2019 0 0
"556" 2020 54827 112.94362
"557" 2020 56012 8.68186
"558" 2020 57881 5.498695
"559" 2020 60522 5.74959
"560" 2020 60821 5.777995
"561" 2020 61096 3.66576
"562" 2020 61392 3.37656
"563" 2020 63251 3.478805
"564" 2020 63881 5.11048
"565" 2020 65675 5.254
"566" 2020 66830 3.67565
"567" 2020 65911 7.579765
"568" 2020 64306 7.07366
"569" 2020 64640 5.1712
"570" 2020 63082 9.4623
"571" 2020 63408 12.04752
"572" 2020 63022 11.02885
"573" 2020 62051 16.443515
"574" 2020 63557 23.51609
"575" 2020 66584 31.29448
"576" 2020 66813 27.727395
"577" 2020 66164 24.8115
"578" 2020 67817 29.83948
"579" 2020 69949 33.57552
"580" 2020 70086 33.29085
"581" 2020 70853 27.986935
"582" 2020 72055 31.343925
"583" 2020 74333 32.70652
"584" 2020 76034 33.07479
"585" 2020 77648 33.77688
"586" 2020 77154 35.10507
"587" 2020 76654 38.71027
"588" 2020 74060 37.03
"589" 2020 73772 35.77942
"590" 2020 72584 36.65492
"591" 2020 71786 40.20016
"592" 2020 71437 45.00531
"593" 2020 71816 45.96224
"594" 2020 70166 45.25707
"595" 2020 71118 52.62732
"596" 2020 70031 51.472785
"597" 2020 69500 51.7775
"598" 2020 67668 62.5929
"599" 2020 69281 69.627405
"600" 2020 71035 74.231575
"601" 2020 73922 83.16225
"602" 2020 74049 91.08027
"603" 2020 76421 103.93256
"604" 2020 76355 108.805875
"605" 2020 75401 118.002565
"606" 2020 76841 142.15585
"607" 2020 75951 162.155385
"608" 2020 73838 162.4436
"609" 2020 73303 181.05841
"610" 2020 71998 206.27427
"611" 2020 70593 221.309055
"612" 2020 67565 240.5314
"613" 2020 65729 240.56814
"614" 2020 64470 254.0118
"615" 2020 63542 278.63167
"616" 2020 63305 314.942375
"617" 2020 62531 372.05945
"618" 2020 60841 415.848235
"619" 2020 61215 434.01435
"620" 2020 59331 458.925285
"621" 2020 57742 491.38442
"622" 2020 56654 508.75292
"623" 2020 55422 525.40056
"624" 2020 52505 570.991875
"625" 2020 52949 666.363165
"626" 2020 52574 741.55627
"627" 2020 52640 841.9768
"628" 2020 53029 943.38591
"629" 2020 54001 1051.669475
"630" 2020 47208 1029.84252
"631" 2020 44441 1078.360865
"632" 2020 38551 1034.130575
"633" 2020 34707 1025.071245
"634" 2020 29351 981.20393
"635" 2020 29332 1106.25638
"636" 2020 27279 1148.309505
"637" 2020 25071 1198.017735
"638" 2020 22635 1275.48225
"639" 2020 20484 1338.83424
"640" 2020 18246 1306.4136
"641" 2020 16809 1337.49213
"642" 2020 15398 1407.3772
"643" 2020 14780 1553.378
"644" 2020 13080 1503.4152
"645" 2020 11697 1521.136365
"646" 2020 9590 1465.6397
"647" 2020 8154 1393.68168
"648" 2020 6698 1251.11942
"649" 2020 5642 1157.00494
"650" 2020 4366 989.75037
"651" 2020 3434 859.34133
"652" 2020 2432 665.20064
"653" 2020 1735 516.084425
"654" 2020 1207 388.442775
"655" 2020 848 293.73024
"656" 2020 446 165.40133
"657" 2020 270 106.6473
"658" 2020 183 76.591905
"659" 2020 85 37.507525
"660" 2020 117 54.16983
"661" 2020 9 4.35186
"662" 2020 2 1.00559
"663" 2020 3 1.562055
"664" 2020 1 0.53716
"665" 2020 1 0.77252
"666" 2020 1 1
"667" 2021 53134 109.45604
"668" 2021 55225 8.559875
"669" 2021 56142 5.33349
"670" 2021 57933 5.503635
"671" 2021 60526 5.74997
"672" 2021 60804 3.64824
"673" 2021 61036 3.35698
"674" 2021 61447 3.379585
"675" 2021 63318 5.06544
"676" 2021 63968 5.11744
"677" 2021 65749 3.616195
"678" 2021 66933 7.697295
"679" 2021 66122 7.27342
"680" 2021 64462 5.15696
"681" 2021 64792 9.7188
"682" 2021 63256 12.01864
"683" 2021 63606 11.13105
"684" 2021 63237 16.757805
"685" 2021 62347 23.06839
"686" 2021 63753 29.96391
"687" 2021 66564 27.62406
"688" 2021 66936 25.101
"689" 2021 66360 29.1984
"690" 2021 68135 32.7048
"691" 2021 70426 33.45235
"692" 2021 70778 27.95731
"693" 2021 71677 31.179495
"694" 2021 72872 32.06368
"695" 2021 74929 32.594115
"696" 2021 76630 33.33405
"697" 2021 78094 35.53277
"698" 2021 77420 39.0971
"699" 2021 77015 38.5075
"700" 2021 74273 36.022405
"701" 2021 74033 37.386665
"702" 2021 72771 40.75176
"703" 2021 71822 45.24786
"704" 2021 71519 45.77216
"705" 2021 71865 46.352925
"706" 2021 70312 52.03088
"707" 2021 71180 52.3173
"708" 2021 70078 52.20811
"709" 2021 69540 64.3245
"710" 2021 67741 68.079705
"711" 2021 69250 72.36625
"712" 2021 71139 80.031375
"713" 2021 73973 90.98679
"714" 2021 74060 100.7216
"715" 2021 76360 108.813
"716" 2021 76270 119.36255
"717" 2021 75360 139.416
"718" 2021 76753 163.867655
"719" 2021 75847 166.8634
"720" 2021 73718 182.08346
"721" 2021 73159 209.600535
"722" 2021 71855 225.265425
"723" 2021 70382 250.55992
"724" 2021 67370 246.5742
"725" 2021 65515 258.1291
"726" 2021 64204 281.53454
"727" 2021 63260 314.7185
"728" 2021 63019 374.96305
"729" 2021 62169 424.925115
"730" 2021 60432 428.46288
"731" 2021 60772 470.07142
"732" 2021 58841 500.73691
"733" 2021 57244 514.05112
"734" 2021 56054 531.39192
"735" 2021 54855 596.548125
"736" 2021 51873 652.821705
"737" 2021 52342 738.28391
"738" 2021 51795 828.461025
"739" 2021 51861 922.60719
"740" 2021 52122 1015.07595
"741" 2021 53009 1156.391335
"742" 2021 46175 1120.436375
"743" 2021 43462 1165.86815
"744" 2021 37606 1110.69321
"745" 2021 33720 1127.2596
"746" 2021 28376 1070.20084
"747" 2021 28254 1189.35213
"748" 2021 26140 1249.0999
"749" 2021 23923 1348.06105
"750" 2021 21400 1398.704
"751" 2021 19230 1376.868
"752" 2021 16920 1346.3244
"753" 2021 15497 1416.4258
"754" 2021 14076 1479.3876
"755" 2021 13346 1533.98924
"756" 2021 11523 1498.508535
"757" 2021 10112 1545.41696
"758" 2021 8186 1399.15112
"759" 2021 6844 1278.39076
"760" 2021 5464 1120.50248
"761" 2021 4437 1005.845715
"762" 2021 3400 850.833
"763" 2021 2605 712.5196
"764" 2021 1746 519.35643
"765" 2021 1203 387.155475
"766" 2021 831 287.84178
"767" 2021 552 204.71196
"768" 2021 292 115.33708
"769" 2021 167 69.895345
"770" 2021 110 48.53915
"771" 2021 51 23.61249
"772" 2021 98 47.38692
"773" 2021 0 0
"774" 2021 0 0
"775" 2021 0 0
"776" 2021 0 0
"777" 2021 0 0
