"year" "population" "expected"
"1" 2015 115880 282.7472
"2" 2015 115572 19.64724
"3" 2015 116389 12.80279
"4" 2015 115824 9.26592
"5" 2015 120492 7.22952
"6" 2015 117399 7.630935
"7" 2015 115815 11.002425
"8" 2015 114532 7.44458
"9" 2015 113879 6.263345
"10" 2015 109989 10.448955
"11" 2015 109902 9.89118
"12" 2015 108274 6.49644
"13" 2015 105408 10.5408
"14" 2015 101305 14.689225
"15" 2015 101373 13.17849
"16" 2015 99226 15.38003
"17" 2015 101189 19.731855
"18" 2015 102834 23.13765
"19" 2015 108138 36.22623
"20" 2015 115849 49.235825
"21" 2015 124520 55.4114
"22" 2015 129554 55.06045
"23" 2015 135798 57.71415
"24" 2015 139421 69.013395
"25" 2015 142236 78.94098
"26" 2015 136296 76.32576
"27" 2015 134947 74.22085
"28" 2015 129356 69.20546
"29" 2015 128645 69.4683
"30" 2015 126511 66.418275
"31" 2015 122865 59.589525
"32" 2015 120523 61.46673
"33" 2015 121331 75.22522
"34" 2015 120416 74.65792
"35" 2015 124243 71.439725
"36" 2015 121087 73.257635
"37" 2015 117510 74.61885
"38" 2015 119268 72.75348
"39" 2015 120856 70.09648
"40" 2015 125647 86.068195
"41" 2015 130962 98.87631
"42" 2015 129101 105.217315
"43" 2015 131158 117.38641
"44" 2015 131055 119.26005
"45" 2015 127838 122.08529
"46" 2015 125674 133.84281
"47" 2015 131068 165.14568
"48" 2015 137285 193.57185
"49" 2015 138342 226.18917
"50" 2015 138375 257.3775
"51" 2015 137714 268.5423
"52" 2015 128140 283.8301
"53" 2015 122017 311.14335
"54" 2015 117924 327.82872
"55" 2015 116249 362.115635
"56" 2015 116360 406.0964
"57" 2015 115673 444.762685
"58" 2015 116588 493.75018
"59" 2015 116483 538.15146
"60" 2015 114204 595.57386
"61" 2015 111448 634.69636
"62" 2015 113642 688.67052
"63" 2015 112133 770.35371
"64" 2015 110262 849.0174
"65" 2015 114477 967.33065
"66" 2015 117762 1112.26209
"67" 2015 120825 1246.309875
"68" 2015 120826 1333.91904
"69" 2015 121041 1485.778275
"70" 2015 118684 1599.2669
"71" 2015 115197 1779.79365
"72" 2015 106231 1829.828975
"73" 2015 96069 1741.73097
"74" 2015 83575 1717.884125
"75" 2015 78185 1854.5482
"76" 2015 76680 1957.6404
"77" 2015 71869 2015.92545
"78" 2015 66386 2151.57026
"79" 2015 62541 2260.85715
"80" 2015 57605 2388.591325
"81" 2015 53606 2546.01697
"82" 2015 50319 2661.37191
"83" 2015 49195 2971.378
"84" 2015 46049 3122.58269
"85" 2015 43743 3402.33054
"86" 2015 38792 3450.35444
"87" 2015 36528 3609.51432
"88" 2015 31837 3545.209135
"89" 2015 28724 3663.45896
"90" 2015 25465 3626.088675
"91" 2015 21543 3437.18565
"92" 2015 18146 3323.34917
"93" 2015 14472 2950.8408
"94" 2015 12286 2707.09724
"95" 2015 9951 2391.971625
"96" 2015 6096 1611.75192
"97" 2015 4231 1218.528
"98" 2015 3022 943.24175
"99" 2015 1959.11 659.30908385
"100" 2015 1184.72 427.654302
"101" 2015 838.86 323.1120948
"102" 2015 504.72 206.380008
"103" 2015 289.34 124.965946
"104" 2015 144.49 65.59484775
"105" 2015 71.08 33.7598014
"106" 2015 40.73 20.14892735
"107" 2015 21.5 11.03165
"108" 2015 7.96 4.2197552
"109" 2015 3.85 2.10107975
"110" 2015 1.39 1.07946705
"111" 2015 0.27 0.27
"112" 2016 115878 282.74232
"113" 2016 117932 20.04844
"114" 2016 117126 12.88386
"115" 2016 117959 9.43672
"116" 2016 117323 7.03938
"117" 2016 121939 7.926035
"118" 2016 118812 11.28714
"119" 2016 117296 7.62424
"120" 2016 115844 6.37142
"121" 2016 115227 10.946565
"122" 2016 111478 10.03302
"123" 2016 111213 6.67278
"124" 2016 109628 10.9628
"125" 2016 106775 15.482375
"126" 2016 102713 13.35269
"127" 2016 103068 15.97554
"128" 2016 101333 19.759935
"129" 2016 103533 23.294925
"130" 2016 104915 35.146525
"131" 2016 109623 46.589775
"132" 2016 117610 52.33645
"133" 2016 126403 53.721275
"134" 2016 131931 56.070675
"135" 2016 138372 68.49414
"136" 2016 142132 78.88326
"137" 2016 144757 81.06392
"138" 2016 138720 76.296
"139" 2016 137158 73.37953
"140" 2016 131326 70.91604
"141" 2016 130452 68.4873
"142" 2016 128274 62.21289
"143" 2016 124410 63.4491
"144" 2016 122021 75.65302
"145" 2016 122756 76.10872
"146" 2016 121610 69.92575
"147" 2016 125573 75.971665
"148" 2016 122217 77.607795
"149" 2016 118600 72.346
"150" 2016 120349 69.80242
"151" 2016 121831 83.454235
"152" 2016 126462 95.47881
"153" 2016 131896 107.49524
"154" 2016 129852 116.21754
"155" 2016 131978 120.09998
"156" 2016 131756 125.82698
"157" 2016 128466 136.81629
"158" 2016 126219 159.03594
"159" 2016 131506 185.42346
"160" 2016 137682 225.11007
"161" 2016 138550 257.703
"162" 2016 138591 270.25245
"163" 2016 137863 305.366545
"164" 2016 128174 326.8437
"165" 2016 122028 339.23784
"166" 2016 117809 366.975035
"167" 2016 116144 405.34256
"168" 2016 116193 446.762085
"169" 2016 115464 488.99004
"170" 2016 116269 537.16278
"171" 2016 116124 605.58666
"172" 2016 113747 647.789165
"173" 2016 110925 672.2055
"174" 2016 113003 776.33061
"175" 2016 111434 858.0418
"176" 2016 109538 925.5961
"177" 2016 113621 1073.150345
"178" 2016 116632 1203.05908
"179" 2016 119621 1320.61584
"180" 2016 119458 1466.34695
"181" 2016 119599 1611.596525
"182" 2016 117113 1809.39585
"183" 2016 113419 1953.642275
"184" 2016 104443 1893.55159
"185" 2016 94357 1939.508135
"186" 2016 81837 1941.17364
"187" 2016 76379 1949.95587
"188" 2016 74708 2095.5594
"189" 2016 69855 2264.00055
"190" 2016 64245 2322.45675
"191" 2016 60290 2499.92485
"192" 2016 55244 2623.81378
"193" 2016 51049 2699.98161
"194" 2016 47728 2882.7712
"195" 2016 46168 3130.65208
"196" 2016 42981 3343.06218
"197" 2016 40300 3584.4835
"198" 2016 35417 3499.730855
"199" 2016 32857 3658.791235
"200" 2016 28342 3614.73868
"201" 2016 25076 3570.69702
"202" 2016 21826 3482.3383
"203" 2016 18157 3325.363765
"204" 2016 14779 3013.4381
"205" 2016 11531 2540.74054
"206" 2016 9609 2309.763375
"207" 2016 7558 1998.29741
"208" 2016 4476 1289.088
"209" 2016 3012 940.1205
"210" 2016 2067 695.617845
"211" 2016 1311.11 473.27793225
"212" 2016 737.72 284.1549896
"213" 2016 502.86 205.619454
"214" 2016 298.72 129.017168
"215" 2016 182.34 82.7778015
"216" 2016 76.49 36.32930795
"217" 2016 39.07 19.32773365
"218" 2016 19.23 9.866913
"219" 2016 9.47 5.0202364
"220" 2016 3.22 1.7572667
"221" 2016 1.49 1.15712655
"222" 2016 0.32 0.32
"223" 2017 119023 290.41612
"224" 2017 118568 20.15656
"225" 2017 120165 13.21815
"226" 2017 119153 9.53224
"227" 2017 120132 7.20792
"228" 2017 119333 7.756645
"229" 2017 123976 11.77772
"230" 2017 120669 7.843485
"231" 2017 119168 6.55424
"232" 2017 117707 11.182165
"233" 2017 116954 10.52586
"234" 2017 113211 6.79266
"235" 2017 112953 11.2953
"236" 2017 111360 16.1472
"237" 2017 108622 14.12086
"238" 2017 104892 16.25826
"239" 2017 105911 20.652645
"240" 2017 104610 23.53725
"241" 2017 106931 35.821885
"242" 2017 107268 45.5889
"243" 2017 112278 49.96371
"244" 2017 120432 51.1836
"245" 2017 129793 55.162025
"246" 2017 135551 67.097745
"247" 2017 142125 78.879375
"248" 2017 145685 81.5836
"249" 2017 148438 81.6409
"250" 2017 142442 76.20647
"251" 2017 140534 75.88836
"252" 2017 134588 70.6587
"253" 2017 133569 64.780965
"254" 2017 131209 66.91659
"255" 2017 127117 78.81254
"256" 2017 124426 77.14412
"257" 2017 124855 71.791625
"258" 2017 123625 74.793125
"259" 2017 127673 81.072355
"260" 2017 123947 75.60767
"261" 2017 120291 69.76878
"262" 2017 121781 83.419985
"263" 2017 123102 92.94201
"264" 2017 127729 104.099135
"265" 2017 133157 119.175515
"266" 2017 130869 119.09079
"267" 2017 132959 126.975845
"268" 2017 132611 141.230715
"269" 2017 129245 162.8487
"270" 2017 126930 178.9713
"271" 2017 132112 216.00312
"272" 2017 138093 256.85298
"273" 2017 138954 270.9603
"274" 2017 138974 307.82741
"275" 2017 138113 352.18815
"276" 2017 128430 357.0354
"277" 2017 122213 380.693495
"278" 2017 117870 411.3663
"279" 2017 116129 446.516005
"280" 2017 116039 491.425165
"281" 2017 115341 532.87542
"282" 2017 116039 605.143385
"283" 2017 115716 659.00262
"284" 2017 113231 686.17986
"285" 2017 110413 758.53731
"286" 2017 112354 865.1258
"287" 2017 110708 935.4826
"288" 2017 108662 1026.31259
"289" 2017 112625 1161.726875
"290" 2017 115530 1275.4512
"291" 2017 118331 1452.513025
"292" 2017 118118 1591.64005
"293" 2017 117978 1822.7601
"294" 2017 115476 1989.0741
"295" 2017 111472 2020.98736
"296" 2017 102537 2107.648035
"297" 2017 92448 2192.86656
"298" 2017 80107 2045.13171
"299" 2017 74485 2089.30425
"300" 2017 72620 2353.6142
"301" 2017 67674 2446.4151
"302" 2017 61900 2566.6835
"303" 2017 57868 2748.44066
"304" 2017 52646 2784.44694
"305" 2017 48461 2927.0444
"306" 2017 44952 3048.19512
"307" 2017 43103 3352.55134
"308" 2017 39701 3531.205445
"309" 2017 36767 3633.131105
"310" 2017 31945 3557.235475
"311" 2017 29194 3723.40276
"312" 2017 25026 3563.57727
"313" 2017 21470 3425.5385
"314" 2017 18227 3338.183915
"315" 2017 14980 3054.422
"316" 2017 11843 2609.48662
"317" 2017 8944 2149.914
"318" 2017 7349 1943.038855
"319" 2017 5530 1592.64
"320" 2017 3165 987.875625
"321" 2017 2064 694.60824
"322" 2017 1424 514.0284
"323" 2017 881.11 339.3859498
"324" 2017 457.72 187.161708
"325" 2017 295.86 127.781934
"326" 2017 166.72 75.686712
"327" 2017 95.34 45.2822097
"328" 2017 40.63 20.09945785
"329" 2017 19.28 9.892568
"330" 2017 8.24 4.3681888
"331" 2017 3.87 2.11199445
"332" 2017 0.97 0.75329715
"333" 2017 0.29 0.29
"334" 2018 116614 284.53816
"335" 2018 121975 20.73575
"336" 2018 120381 13.24191
"337" 2018 122058 9.76464
"338" 2018 121016 7.26096
"339" 2018 122021 7.931365
"340" 2018 121070 11.50165
"341" 2018 125729 8.172385
"342" 2018 122383 6.731065
"343" 2018 120977 11.492815
"344" 2018 119359 10.74231
"345" 2018 118671 7.12026
"346" 2018 114870 11.487
"347" 2018 114492 16.60134
"348" 2018 113061 14.69793
"349" 2018 110574 17.13897
"350" 2018 107555 20.973225
"351" 2018 108792 24.4782
"352" 2018 109160 36.5686
"353" 2018 108757 46.221725
"354" 2018 108933 48.475185
"355" 2018 114019 48.458075
"356" 2018 122839 52.206575
"357" 2018 132667 65.670165
"358" 2018 138461 76.845855
"359" 2018 145054 81.23024
"360" 2018 148738 81.8059
"361" 2018 151450 81.02575
"362" 2018 145332 78.47928
"363" 2018 143429 75.300225
"364" 2018 137165 66.525025
"365" 2018 136071 69.39621
"366" 2018 133584 82.82208
"367" 2018 129254 80.13748
"368" 2018 126419 72.690925
"369" 2018 126796 76.71158
"370" 2018 125169 79.482315
"371" 2018 129247 78.84067
"372" 2018 125356 72.70648
"373" 2018 121625 83.313125
"374" 2018 123017 92.877835
"375" 2018 124185 101.210775
"376" 2018 128699 115.185605
"377" 2018 134121 122.05011
"378" 2018 131653 125.728615
"379" 2018 133700 142.3905
"380" 2018 133217 167.85342
"381" 2018 129846 183.08286
"382" 2018 127443 208.369305
"383" 2018 132471 246.39606
"384" 2018 138419 269.91705
"385" 2018 139195 308.316925
"386" 2018 139111 354.73305
"387" 2018 138181 384.14318
"388" 2018 128394 399.94731
"389" 2018 122179 426.40471
"390" 2018 117692 452.52574
"391" 2018 115964 491.10754
"392" 2018 115807 535.02834
"393" 2018 114972 599.57898
"394" 2018 115679 658.791905
"395" 2018 115173 697.94838
"396" 2018 112631 773.77497
"397" 2018 109732 844.9364
"398" 2018 111492 942.1074
"399" 2018 109841 1037.448245
"400" 2018 107721 1111.142115
"401" 2018 111517 1231.14768
"402" 2018 114318 1403.25345
"403" 2018 116995 1576.507625
"404" 2018 116520 1800.234
"405" 2018 116256 2002.5096
"406" 2018 113660 2060.6558
"407" 2018 109518 2251.14249
"408" 2018 100530 2384.5716
"409" 2018 90457 2309.36721
"410" 2018 78171 2192.69655
"411" 2018 72401 2346.51641
"412" 2018 70284 2540.7666
"413" 2018 65287 2707.125455
"414" 2018 59491 2825.525045
"415" 2018 55248 2922.06672
"416" 2018 49960 3017.584
"417" 2018 45542 3088.20302
"418" 2018 41880 3257.4264
"419" 2018 39850 3544.45825
"420" 2018 36333 3590.245395
"421" 2018 33115 3687.520825
"422" 2018 28322 3612.18788
"423" 2018 25463 3625.803885
"424" 2018 21362 3408.3071
"425" 2018 18034 3302.83693
"426" 2018 14978 3054.0142
"427" 2018 12012 2646.72408
"428" 2018 9226 2217.69975
"429" 2018 6733 1780.171535
"430" 2018 5384 1550.592
"431" 2018 3956 1234.7665
"432" 2018 2129 716.483015
"433" 2018 1329 479.735775
"434" 2018 905 348.5879
"435" 2018 545.11 222.895479
"436" 2018 281.72 121.674868
"437" 2018 168.86 76.6582185
"438" 2018 85.72 40.7131426
"439" 2018 50.01 24.73969695
"440" 2018 20.19 10.359489
"441" 2018 9.59 5.0838508
"442" 2018 3.49 1.90461515
"443" 2018 1.35 1.04840325
"444" 2018 0 0
"445" 2019 116839 285.08716
"446" 2019 118762 20.18954
"447" 2019 123525 13.58775
"448" 2019 121822 9.74576
"449" 2019 123550 7.413
"450" 2019 122475 7.960875
"451" 2019 123497 11.732215
"452" 2019 122487 7.961655
"453" 2019 127148 6.99314
"454" 2019 123866 11.76727
"455" 2019 122606 11.03454
"456" 2019 120841 7.25046
"457" 2019 120095 12.0095
"458" 2019 116282 16.86089
"459" 2019 115934 15.07142
"460" 2019 114377 17.728435
"461" 2019 112168 21.87276
"462" 2019 109105 24.548625
"463" 2019 111057 37.204095
"464" 2019 112806 47.94255
"465" 2019 111073 49.427485
"466" 2019 110328 46.8894
"467" 2019 115971 49.287675
"468" 2019 125252 61.99974
"469" 2019 134969 74.907795
"470" 2019 140855 78.8788
"471" 2019 147423 81.08265
"472" 2019 151231 80.908585
"473" 2019 154014 83.16756
"474" 2019 147799 77.594475
"475" 2019 145885 70.754225
"476" 2019 139381 71.08431
"477" 2019 138232 85.70384
"478" 2019 135535 84.0317
"479" 2019 131108 75.3871
"480" 2019 128100 77.5005
"481" 2019 128378 81.52003
"482" 2019 126526 77.18086
"483" 2019 130552 75.72016
"484" 2019 126563 86.695655
"485" 2019 122635 92.589425
"486" 2019 123958 101.02577
"487" 2019 125045 111.915275
"488" 2019 129436 117.78676
"489" 2019 134762 128.69771
"490" 2019 132282 140.88033
"491" 2019 134341 169.26966
"492" 2019 133675 188.48175
"493" 2019 130238 212.93913
"494" 2019 127803 237.71358
"495" 2019 132747 258.85665
"496" 2019 138591 306.979065
"497" 2019 139314 355.2507
"498" 2019 139149 386.83422
"499" 2019 138048 430.01952
"500" 2019 128318 447.82982
"501" 2019 122035 469.224575
"502" 2019 117411 497.235585
"503" 2019 115715 534.6033
"504" 2019 115488 602.26992
"505" 2019 114520 652.1914
"506" 2019 115131 697.69386
"507" 2019 114551 786.96537
"508" 2019 111936 861.9072
"509" 2019 108928 920.4416
"510" 2019 110550 1044.14475
"511" 2019 108902 1123.32413
"512" 2019 106604 1176.90816
"513" 2019 110308 1354.0307
"514" 2019 112947 1521.960825
"515" 2019 115428 1783.3626
"516" 2019 114877 1978.756325
"517" 2019 114340 2072.9842
"518" 2019 111644 2294.84242
"519" 2019 107359 2546.55548
"520" 2019 98295 2509.47135
"521" 2019 88283 2476.33815
"522" 2019 76006 2463.35446
"523" 2019 70129 2535.16335
"524" 2019 67906 2815.72229
"525" 2019 62709 2978.363955
"526" 2019 56824 3005.42136
"527" 2019 52406 3165.3224
"528" 2019 47049 3190.39269
"529" 2019 42539 3308.68342
"530" 2019 38765 3447.952925
"531" 2019 36446 3601.41149
"532" 2019 32834 3656.23007
"533" 2019 29447 3755.67038
"534" 2019 24776 3527.97852
"535" 2019 21764 3472.4462
"536" 2019 17987 3294.229115
"537" 2019 14915 3041.1685
"538" 2019 12011 2646.50374
"539" 2019 9476 2277.7935
"540" 2019 6989 1847.856655
"541" 2019 4970 1431.36
"542" 2019 3857 1203.866125
"543" 2019 2713 913.019455
"544" 2019 1401 505.725975
"545" 2019 851 327.78818
"546" 2019 546 223.2594
"547" 2019 314.11 135.664109
"548" 2019 156.72 71.146962
"549" 2019 92.86 44.1043213
"550" 2019 48.01 23.75030695
"551" 2019 27.4 14.05894
"552" 2019 9.37 4.9672244
"553" 2019 4.74 2.5867839
"554" 2019 1.48 1.1493606
"555" 2019 0.34 0.34
"556" 2020 115383 281.53452
"557" 2020 118776 20.19192
"558" 2020 120030 13.2033
"559" 2020 124681 9.97448
"560" 2020 122848 7.37088
"561" 2020 124569 8.096985
"562" 2020 123335 11.716825
"563" 2020 124541 8.095165
"564" 2020 123471 6.790905
"565" 2020 128168 12.17596
"566" 2020 124897 11.24073
"567" 2020 123654 7.41924
"568" 2020 121905 12.1905
"569" 2020 121199 17.573855
"570" 2020 117364 15.25732
"571" 2020 116944 18.12632
"572" 2020 115523 22.526985
"573" 2020 113220 25.4745
"574" 2020 110326 36.95921
"575" 2020 112896 47.9808
"576" 2020 116615 51.893675
"577" 2020 113130 48.08025
"578" 2020 112295 47.725375
"579" 2020 118181 58.499595
"580" 2020 127478 70.75029
"581" 2020 137195 76.8292
"582" 2020 143233 78.77815
"583" 2020 149623 80.048305
"584" 2020 153357 82.81278
"585" 2020 156288 82.0512
"586" 2020 149862 72.68307
"587" 2020 147879 75.41829
"588" 2020 141166 87.52292
"589" 2020 139859 86.71258
"590" 2020 137125 78.846875
"591" 2020 132541 80.187305
"592" 2020 129376 82.15376
"593" 2020 129609 79.06149
"594" 2020 127537 73.97146
"595" 2020 131535 90.101475
"596" 2020 127439 96.216445
"597" 2020 123405 100.575075
"598" 2020 124745 111.646775
"599" 2020 125676 114.36516
"600" 2020 129998 124.14809
"601" 2020 135272 144.06468
"602" 2020 132678 167.17428
"603" 2020 134736 189.97776
"604" 2020 133927 218.970645
"605" 2020 130479 242.69094
"606" 2020 127993 249.58635
"607" 2020 132894 294.36021
"608" 2020 138613 353.46315
"609" 2020 139269 387.16782
"610" 2020 138986 432.94139
"611" 2020 137804 480.93596
"612" 2020 128099 492.540655
"613" 2020 121763 515.666305
"614" 2020 117040 540.7248
"615" 2020 115402 601.82143
"616" 2020 115014 655.00473
"617" 2020 113959 690.59154
"618" 2020 114438 786.18906
"619" 2020 113841 876.5757
"620" 2020 111138 939.1161
"621" 2020 108095 1020.957275
"622" 2020 109510 1129.59565
"623" 2020 107927 1191.51408
"624" 2020 105509 1295.122975
"625" 2020 109007 1468.869325
"626" 2020 111522 1723.0149
"627" 2020 113904 1961.9964
"628" 2020 113141 2051.24633
"629" 2020 112310 2308.53205
"630" 2020 109538 2598.24136
"631" 2020 105077 2682.61581
"632" 2020 95932 2690.8926
"633" 2020 85993 2787.03313
"634" 2020 73767 2666.67705
"635" 2020 67829 2812.529485
"636" 2020 65302 3101.51849
"637" 2020 60124 3179.95836
"638" 2020 54029 3263.3516
"639" 2020 49510 3357.2731
"640" 2020 44085 3428.9313
"641" 2020 39486 3512.08227
"642" 2020 35646 3522.35949
"643" 2020 33049 3680.171395
"644" 2020 29425 3752.8645
"645" 2020 25996 3701.70042
"646" 2020 21447 3421.86885
"647" 2020 18512 3390.38024
"648" 2020 14988 3056.0532
"649" 2020 12111 2668.53774
"650" 2020 9525 2289.571875
"651" 2020 7315 1934.049425
"652" 2020 5229 1505.952
"653" 2020 3646 1138.00775
"654" 2020 2697 907.634895
"655" 2020 1845 665.998875
"656" 2020 952 366.69136
"657" 2020 527 215.4903
"658" 2020 340 146.846
"659" 2020 193.11 87.66711225
"660" 2020 89.72 42.6129626
"661" 2020 51.74 25.5955193
"662" 2020 24.29 12.463199
"663" 2020 15.32 8.1214384
"664" 2020 3.98 2.1720253
"665" 2020 2.5 1.9414875
"666" 2020 0.36 0.36
"667" 2021 113589 277.15716
"668" 2021 116591 19.82047
"669" 2021 119425 13.13675
"670" 2021 120470 9.6376
"671" 2021 125001 7.50006
"672" 2021 123143 8.004295
"673" 2021 124767 11.852865
"674" 2021 123691 8.039915
"675" 2021 124917 6.870435
"676" 2021 123837 11.764515
"677" 2021 128647 11.57823
"678" 2021 125330 7.5198
"679" 2021 124187 12.4187
"680" 2021 122480 17.7596
"681" 2021 121723 15.82399
"682" 2021 117918 18.27729
"683" 2021 117608 22.93356
"684" 2021 116079 26.117775
"685" 2021 113980 38.1833
"686" 2021 110991 47.171175
"687" 2021 113570 50.53865
"688" 2021 117660 50.0055
"689" 2021 114536 48.6778
"690" 2021 113938 56.39931
"691" 2021 119760 66.4668
"692" 2021 128988 72.23328
"693" 2021 138653 76.25915
"694" 2021 144512 77.31392
"695" 2021 151011 81.54594
"696" 2021 154595 81.162375
"697" 2021 157452 76.36422
"698" 2021 150996 77.00796
"699" 2021 148991 92.37442
"700" 2021 142050 88.071
"701" 2021 140460 80.7645
"702" 2021 137857 83.403485
"703" 2021 133059 84.492465
"704" 2021 129857 79.21277
"705" 2021 130139 75.48062
"706" 2021 127818 87.55533
"707" 2021 131953 99.624515
"708" 2021 127705 104.079575
"709" 2021 123704 110.71508
"710" 2021 125029 113.77639
"711" 2021 125844 120.18102
"712" 2021 130115 138.572475
"713" 2021 135464 170.68464
"714" 2021 132842 187.30722
"715" 2021 134804 220.40454
"716" 2021 134002 249.24372
"717" 2021 130474 254.4243
"718" 2021 127911 283.322865
"719" 2021 132770 338.5635
"720" 2021 138414 384.79092
"721" 2021 139003 432.994345
"722" 2021 138715 484.11535
"723" 2021 137411 528.345295
"724" 2021 127690 540.76715
"725" 2021 121316 560.47992
"726" 2021 116541 607.761315
"727" 2021 114904 654.37828
"728" 2021 114409 693.31854
"729" 2021 113283 778.25421
"730" 2021 113641 875.0357
"731" 2021 112989 954.75705
"732" 2021 110223 1041.056235
"733" 2021 107098 1104.71587
"734" 2021 108404 1196.78016
"735" 2021 106751 1310.368525
"736" 2021 104258 1404.87655
"737" 2021 107566 1661.8947
"738" 2021 109846 1892.09735
"739" 2021 112058 2031.61154
"740" 2021 111095 2283.557725
"741" 2021 110052 2610.43344
"742" 2021 107099 2734.23747
"743" 2021 102442 2873.4981
"744" 2021 93151 3019.02391
"745" 2021 83344 3012.8856
"746" 2021 70979 2943.144235
"747" 2021 65042 3089.16979
"748" 2021 62228 3291.23892
"749" 2021 56875 3435.25
"750" 2021 50651 3434.64431
"751" 2021 46234 3596.08052
"752" 2021 40534 3605.29663
"753" 2021 35935 3550.917025
"754" 2021 32151 3580.174605
"755" 2021 29194 3723.40276
"756" 2021 25553 3638.619435
"757" 2021 22118 3528.9269
"758" 2021 17920 3281.9584
"759" 2021 15078 3074.4042
"760" 2021 11922 2626.89348
"761" 2021 9313 2238.612375
"762" 2021 7132 1885.66514
"763" 2021 5363 1544.544
"764" 2021 3707 1157.047375
"765" 2021 2514 846.04899
"766" 2021 1764 636.7599
"767" 2021 1168 449.89024
"768" 2021 575 235.1175
"769" 2021 322 139.0718
"770" 2021 186 84.43935
"771" 2021 99.11 47.07279005
"772" 2021 46.85 23.17646075
"773" 2021 25.67 13.171277
"774" 2021 10.34 5.4814408
"775" 2021 8.63 4.70969305
"776" 2021 1.14 0.8853183
"777" 2021 1.28 1.28
