"year" "population" "expected"
"1" 2015 115880 235.2364
"2" 2015 115572 13.86864
"3" 2015 116389 9.31112
"4" 2015 115824 12.74064
"5" 2015 120492 12.65166
"6" 2015 117399 8.804925
"7" 2015 115815 4.6326
"8" 2015 114532 5.15394
"9" 2015 113879 5.124555
"10" 2015 109989 4.949505
"11" 2015 109902 7.14363
"12" 2015 108274 7.03781
"13" 2015 105408 6.32448
"14" 2015 101305 7.597875
"15" 2015 101373 12.16476
"16" 2015 99226 16.37229
"17" 2015 101189 18.21402
"18" 2015 102834 26.22267
"19" 2015 108138 37.30761
"20" 2015 115849 50.394315
"21" 2015 124520 61.0148
"22" 2015 129554 53.76491
"23" 2015 135798 48.88728
"24" 2015 139421 64.13366
"25" 2015 142236 80.36334
"26" 2015 136296 70.87392
"27" 2015 134947 58.701945
"28" 2015 129356 59.50376
"29" 2015 128645 59.1767
"30" 2015 126511 53.767175
"31" 2015 122865 60.20385
"32" 2015 120523 69.300725
"33" 2015 121331 57.02557
"34" 2015 120416 52.98304
"35" 2015 124243 72.682155
"36" 2015 121087 71.44133
"37" 2015 117510 74.0313
"38" 2015 119268 77.5242
"39" 2015 120856 77.34784
"40" 2015 125647 92.97878
"41" 2015 130962 100.84074
"42" 2015 129101 102.635295
"43" 2015 131158 116.07483
"44" 2015 131055 121.88115
"45" 2015 127838 128.47719
"46" 2015 125674 136.98466
"47" 2015 131068 148.10684
"48" 2015 137285 164.742
"49" 2015 138342 184.68657
"50" 2015 138375 203.41125
"51" 2015 137714 226.53953
"52" 2015 128140 238.3404
"53" 2015 122017 265.386975
"54" 2015 117924 285.37608
"55" 2015 116249 313.8723
"56" 2015 116360 356.6434
"57" 2015 115673 392.709835
"58" 2015 116588 417.96798
"59" 2015 116483 456.030945
"60" 2015 114204 517.34412
"61" 2015 111448 567.27032
"62" 2015 113642 663.10107
"63" 2015 112133 721.575855
"64" 2015 110262 750.33291
"65" 2015 114477 857.43273
"66" 2015 117762 1016.87487
"67" 2015 120825 1120.651875
"68" 2015 120826 1243.29954
"69" 2015 121041 1394.39232
"70" 2015 118684 1468.12108
"71" 2015 115197 1552.279575
"72" 2015 106231 1621.08506
"73" 2015 96069 1659.591975
"74" 2015 83575 1592.10375
"75" 2015 78185 1674.331775
"76" 2015 76680 1816.1658
"77" 2015 71869 1873.62483
"78" 2015 66386 1935.1519
"79" 2015 62541 2074.172265
"80" 2015 57605 2175.74085
"81" 2015 53606 2256.54457
"82" 2015 50319 2429.90451
"83" 2015 49195 2742.867225
"84" 2015 46049 2873.4576
"85" 2015 43743 3088.037085
"86" 2015 38792 3176.48292
"87" 2015 36528 3408.61032
"88" 2015 31837 3321.713395
"89" 2015 28724 3353.95786
"90" 2015 25465 3394.9938
"91" 2015 21543 3227.679975
"92" 2015 18146 3042.35836
"93" 2015 14472 2728.84032
"94" 2015 12286 2537.24329
"95" 2015 9951 2252.856645
"96" 2015 6096 1518.0564
"97" 2015 4231 1150.768535
"98" 2015 3022 893.25787
"99" 2015 1959.11 626.1511471
"100" 2015 1184.72 407.3245068
"101" 2015 838.86 308.6627313
"102" 2015 504.72 197.7442488
"103" 2015 289.34 120.0978005
"104" 2015 144.49 63.2273791
"105" 2015 71.08 32.636382
"106" 2015 40.73 19.53431165
"107" 2015 21.5 10.7247375
"108" 2015 7.96 4.1131708
"109" 2015 3.85 2.05310875
"110" 2015 1.39 1.071134
"111" 2015 0.27 0.27
"112" 2016 115878 235.23234
"113" 2016 117932 14.15184
"114" 2016 117126 9.37008
"115" 2016 117959 12.97549
"116" 2016 117323 12.318915
"117" 2016 121939 9.145425
"118" 2016 118812 4.75248
"119" 2016 117296 5.27832
"120" 2016 115844 5.21298
"121" 2016 115227 5.185215
"122" 2016 111478 7.24607
"123" 2016 111213 7.228845
"124" 2016 109628 6.57768
"125" 2016 106775 8.008125
"126" 2016 102713 12.32556
"127" 2016 103068 17.00622
"128" 2016 101333 18.23994
"129" 2016 103533 26.400915
"130" 2016 104915 36.195675
"131" 2016 109623 47.686005
"132" 2016 117610 57.6289
"133" 2016 126403 52.457245
"134" 2016 131931 47.49516
"135" 2016 138372 63.65112
"136" 2016 142132 80.30458
"137" 2016 144757 75.27364
"138" 2016 138720 60.3432
"139" 2016 137158 63.09268
"140" 2016 131326 60.40996
"141" 2016 130452 55.4421
"142" 2016 128274 62.85426
"143" 2016 124410 71.53575
"144" 2016 122021 57.34987
"145" 2016 122756 54.01264
"146" 2016 121610 71.14185
"147" 2016 125573 74.08807
"148" 2016 122217 76.99671
"149" 2016 118600 77.09
"150" 2016 120349 77.02336
"151" 2016 121831 90.15494
"152" 2016 126462 97.37574
"153" 2016 131896 104.85732
"154" 2016 129852 114.91902
"155" 2016 131978 122.73954
"156" 2016 131756 132.41478
"157" 2016 128466 140.02794
"158" 2016 126219 142.62747
"159" 2016 131506 157.8072
"160" 2016 137682 183.80547
"161" 2016 138550 203.6685
"162" 2016 138591 227.982195
"163" 2016 137863 256.42518
"164" 2016 128174 278.77845
"165" 2016 122028 295.30776
"166" 2016 117809 318.0843
"167" 2016 116144 355.98136
"168" 2016 116193 394.475235
"169" 2016 115464 413.93844
"170" 2016 116269 455.193135
"171" 2016 116124 526.04172
"172" 2016 113747 578.97223
"173" 2016 110925 647.247375
"174" 2016 113003 727.174305
"175" 2016 111434 758.30837
"176" 2016 109538 820.43962
"177" 2016 113621 981.117335
"178" 2016 116632 1081.7618
"179" 2016 119621 1230.90009
"180" 2016 119458 1376.15616
"181" 2016 119599 1479.43963
"182" 2016 117113 1578.097675
"183" 2016 113419 1730.77394
"184" 2016 104443 1804.252825
"185" 2016 94357 1797.50085
"186" 2016 81837 1752.539355
"187" 2016 76379 1809.036615
"188" 2016 74708 1947.63756
"189" 2016 69855 2036.27325
"190" 2016 64245 2130.685425
"191" 2016 60290 2277.1533
"192" 2016 55244 2325.49618
"193" 2016 51049 2465.15621
"194" 2016 47728 2661.07464
"195" 2016 46168 2880.8832
"196" 2016 42981 3034.243695
"197" 2016 40300 3299.9655
"198" 2016 35417 3304.937355
"199" 2016 32857 3428.135095
"200" 2016 28342 3309.35363
"201" 2016 25076 3343.13232
"202" 2016 21826 3270.08045
"203" 2016 18157 3044.20262
"204" 2016 14779 2786.72824
"205" 2016 11531 2381.324465
"206" 2016 9609 2175.429555
"207" 2016 7558 1882.13095
"208" 2016 4476 1217.40486
"209" 2016 3012 890.30202
"210" 2016 2067 660.63387
"211" 2016 1311.11 450.77928465
"212" 2016 737.72 271.4477626
"213" 2016 502.86 197.0155194
"214" 2016 298.72 123.991204
"215" 2016 182.34 79.7901606
"216" 2016 76.49 35.1203835
"217" 2016 39.07 18.73816735
"218" 2016 19.23 9.59240475
"219" 2016 9.47 4.8934331
"220" 2016 3.22 1.7171455
"221" 2016 1.49 1.148194
"222" 2016 0.32 0.32
"223" 2017 119023 241.61669
"224" 2017 118568 14.22816
"225" 2017 120165 9.6132
"226" 2017 119153 13.10683
"227" 2017 120132 12.61386
"228" 2017 119333 8.949975
"229" 2017 123976 4.95904
"230" 2017 120669 5.430105
"231" 2017 119168 5.36256
"232" 2017 117707 5.296815
"233" 2017 116954 7.60201
"234" 2017 113211 7.358715
"235" 2017 112953 6.77718
"236" 2017 111360 8.352
"237" 2017 108622 13.03464
"238" 2017 104892 17.30718
"239" 2017 105911 19.06398
"240" 2017 104610 26.67555
"241" 2017 106931 36.891195
"242" 2017 107268 46.66158
"243" 2017 112278 55.01622
"244" 2017 120432 49.97928
"245" 2017 129793 46.72548
"246" 2017 135551 62.35346
"247" 2017 142125 80.300625
"248" 2017 145685 75.7562
"249" 2017 148438 64.57053
"250" 2017 142442 65.52332
"251" 2017 140534 64.64564
"252" 2017 134588 57.1999
"253" 2017 133569 65.44881
"254" 2017 131209 75.445175
"255" 2017 127117 59.74499
"256" 2017 124426 54.74744
"257" 2017 124855 73.040175
"258" 2017 123625 72.93875
"259" 2017 127673 80.43399
"260" 2017 123947 80.56555
"261" 2017 120291 76.98624
"262" 2017 121781 90.11794
"263" 2017 123102 94.78854
"264" 2017 127729 101.544555
"265" 2017 133157 117.843945
"266" 2017 130869 121.70817
"267" 2017 132959 133.623795
"268" 2017 132611 144.54599
"269" 2017 129245 146.04685
"270" 2017 126930 152.316
"271" 2017 132112 176.36952
"272" 2017 138093 202.99671
"273" 2017 138954 228.57933
"274" 2017 138974 258.49164
"275" 2017 138113 300.395775
"276" 2017 128430 310.8006
"277" 2017 122213 329.9751
"278" 2017 117870 361.27155
"279" 2017 116129 394.257955
"280" 2017 116039 415.999815
"281" 2017 115341 451.560015
"282" 2017 116039 525.65667
"283" 2017 115716 588.99444
"284" 2017 113231 660.702885
"285" 2017 110413 710.507655
"286" 2017 112354 764.56897
"287" 2017 110708 829.20292
"288" 2017 108662 938.29637
"289" 2017 112625 1044.596875
"290" 2017 115530 1188.8037
"291" 2017 118331 1363.17312
"292" 2017 118118 1461.11966
"293" 2017 117978 1589.75355
"294" 2017 115476 1762.16376
"295" 2017 111472 1925.6788
"296" 2017 102537 1953.32985
"297" 2017 92448 1979.77392
"298" 2017 80107 1897.334295
"299" 2017 74485 1941.82395
"300" 2017 72620 2116.873
"301" 2017 67674 2244.40821
"302" 2017 61900 2337.963
"303" 2017 57868 2435.95346
"304" 2017 52646 2542.27534
"305" 2017 48461 2701.943055
"306" 2017 44952 2805.0048
"307" 2017 43103 3042.856285
"308" 2017 39701 3250.916385
"309" 2017 36767 3430.912605
"310" 2017 31945 3332.981575
"311" 2017 29194 3408.83741
"312" 2017 25026 3336.46632
"313" 2017 21470 3216.74275
"314" 2017 18227 3055.93882
"315" 2017 14980 2824.6288
"316" 2017 11843 2445.757145
"317" 2017 8944 2024.87688
"318" 2017 7349 1830.084725
"319" 2017 5530 1504.07705
"320" 2017 3165 935.526525
"321" 2017 2064 659.67504
"322" 2017 1424 489.59256
"323" 2017 881.11 324.20883005
"324" 2017 457.72 179.3301188
"325" 2017 295.86 122.8040895
"326" 2017 166.72 72.9550048
"327" 2017 95.34 43.775361
"328" 2017 40.63 19.48635115
"329" 2017 19.28 9.617346
"330" 2017 8.24 4.2578552
"331" 2017 3.87 2.06377425
"332" 2017 0.97 0.747482
"333" 2017 0.29 0.29
"334" 2018 116614 236.72642
"335" 2018 121975 14.637
"336" 2018 120381 9.63048
"337" 2018 122058 13.42638
"338" 2018 121016 12.70668
"339" 2018 122021 9.151575
"340" 2018 121070 4.8428
"341" 2018 125729 5.657805
"342" 2018 122383 5.507235
"343" 2018 120977 5.443965
"344" 2018 119359 7.758335
"345" 2018 118671 7.713615
"346" 2018 114870 6.8922
"347" 2018 114492 8.5869
"348" 2018 113061 13.56732
"349" 2018 110574 18.24471
"350" 2018 107555 19.3599
"351" 2018 108792 27.74196
"352" 2018 109160 37.6602
"353" 2018 108757 47.309295
"354" 2018 108933 53.37717
"355" 2018 114019 47.317885
"356" 2018 122839 44.22204
"357" 2018 132667 61.02682
"358" 2018 138461 78.230465
"359" 2018 145054 75.42808
"360" 2018 148738 64.70103
"361" 2018 151450 69.667
"362" 2018 145332 66.85272
"363" 2018 143429 60.957325
"364" 2018 137165 67.21085
"365" 2018 136071 78.240825
"366" 2018 133584 62.78448
"367" 2018 129254 56.87176
"368" 2018 126419 73.955115
"369" 2018 126796 74.80964
"370" 2018 125169 78.85647
"371" 2018 129247 84.01055
"372" 2018 125356 80.22784
"373" 2018 121625 90.0025
"374" 2018 123017 94.72309
"375" 2018 124185 98.727075
"376" 2018 128699 113.898615
"377" 2018 134121 124.73253
"378" 2018 131653 132.311265
"379" 2018 133700 145.733
"380" 2018 133217 150.53521
"381" 2018 129846 155.8152
"382" 2018 127443 170.136405
"383" 2018 132471 194.73237
"384" 2018 138419 227.699255
"385" 2018 139195 258.9027
"386" 2018 139111 302.566425
"387" 2018 138181 334.39802
"388" 2018 128394 346.6638
"389" 2018 122179 374.478635
"390" 2018 117692 399.56434
"391" 2018 115964 415.73094
"392" 2018 115807 453.384405
"393" 2018 114972 520.82316
"394" 2018 115679 588.80611
"395" 2018 115173 672.034455
"396" 2018 112631 724.780485
"397" 2018 109732 746.72626
"398" 2018 111492 835.07508
"399" 2018 109841 948.477035
"400" 2018 107721 999.112275
"401" 2018 111517 1147.50993
"402" 2018 114318 1316.94336
"403" 2018 116995 1447.22815
"404" 2018 116520 1570.107
"405" 2018 116256 1774.06656
"406" 2018 113660 1963.4765
"407" 2018 109518 2086.3179
"408" 2018 100530 2152.84995
"409" 2018 90457 2142.474045
"410" 2018 78171 2037.91797
"411" 2018 72401 2110.48915
"412" 2018 70284 2330.96886
"413" 2018 65287 2465.88999
"414" 2018 59491 2504.273645
"415" 2018 55248 2667.92592
"416" 2018 49960 2785.5198
"417" 2018 45542 2841.8208
"418" 2018 41880 2956.5186
"419" 2018 39850 3263.11725
"420" 2018 36333 3390.413895
"421" 2018 33115 3455.053525
"422" 2018 28322 3307.01833
"423" 2018 25463 3394.72716
"424" 2018 21362 3200.56165
"425" 2018 18034 3023.58044
"426" 2018 14978 2824.25168
"427" 2018 12012 2480.65818
"428" 2018 9226 2088.72027
"429" 2018 6733 1676.685325
"430" 2018 5384 1464.36724
"431" 2018 3956 1169.33426
"432" 2018 2129 680.44969
"433" 2018 1329 456.930135
"434" 2018 905 332.999275
"435" 2018 545.11 213.5686469
"436" 2018 281.72 116.934929
"437" 2018 168.86 73.8914474
"438" 2018 85.72 39.358338
"439" 2018 50.01 23.98504605
"440" 2018 20.19 10.07127675
"441" 2018 9.59 4.9554407
"442" 2018 3.49 1.86112975
"443" 2018 1.35 1.04031
"444" 2018 0 0
"445" 2019 116839 237.18317
"446" 2019 118762 14.25144
"447" 2019 123525 9.882
"448" 2019 121822 13.40042
"449" 2019 123550 12.97275
"450" 2019 122475 9.185625
"451" 2019 123497 4.93988
"452" 2019 122487 5.511915
"453" 2019 127148 5.72166
"454" 2019 123866 5.57397
"455" 2019 122606 7.96939
"456" 2019 120841 7.854665
"457" 2019 120095 7.2057
"458" 2019 116282 8.72115
"459" 2019 115934 13.91208
"460" 2019 114377 18.872205
"461" 2019 112168 20.19024
"462" 2019 109105 27.821775
"463" 2019 111057 38.314665
"464" 2019 112806 49.07061
"465" 2019 111073 54.42577
"466" 2019 110328 45.78612
"467" 2019 115971 41.74956
"468" 2019 125252 57.61592
"469" 2019 134969 76.257485
"470" 2019 140855 73.2446
"471" 2019 147423 64.129005
"472" 2019 151231 69.56626
"473" 2019 154014 70.84644
"474" 2019 147799 62.814575
"475" 2019 145885 71.48365
"476" 2019 139381 80.144075
"477" 2019 138232 64.96904
"478" 2019 135535 59.6354
"479" 2019 131108 76.69818
"480" 2019 128100 75.579
"481" 2019 128378 80.87814
"482" 2019 126526 82.2419
"483" 2019 130552 83.55328
"484" 2019 126563 93.65662
"485" 2019 122635 94.42895
"486" 2019 123958 98.54661
"487" 2019 125045 110.664825
"488" 2019 129436 120.37548
"489" 2019 134762 135.43581
"490" 2019 132282 144.18738
"491" 2019 134341 151.80533
"492" 2019 133675 160.41
"493" 2019 130238 173.86773
"494" 2019 127803 187.87041
"495" 2019 132747 218.368815
"496" 2019 138591 257.77926
"497" 2019 139314 303.00795
"498" 2019 139149 336.74058
"499" 2019 138048 372.7296
"500" 2019 128318 393.29467
"501" 2019 122035 414.308825
"502" 2019 117411 420.918435
"503" 2019 115715 453.024225
"504" 2019 115488 523.16064
"505" 2019 114520 582.9068
"506" 2019 115131 671.789385
"507" 2019 114551 737.135685
"508" 2019 111936 761.72448
"509" 2019 108928 815.87072
"510" 2019 110550 954.59925
"511" 2019 108902 1010.06605
"512" 2019 106604 1096.95516
"513" 2019 110308 1270.74816
"514" 2019 112947 1397.15439
"515" 2019 115428 1555.3923
"516" 2019 114877 1753.02302
"517" 2019 114340 1975.2235
"518" 2019 111644 2126.8182
"519" 2019 107359 2299.092985
"520" 2019 98295 2328.117075
"521" 2019 88283 2301.53781
"522" 2019 76006 2215.5749
"523" 2019 70129 2325.828285
"524" 2019 67906 2564.80962
"525" 2019 62709 2639.735355
"526" 2019 56824 2744.03096
"527" 2019 52406 2921.89653
"528" 2019 47049 2935.8576
"529" 2019 42539 3003.040705
"530" 2019 38765 3174.272025
"531" 2019 36446 3400.95849
"532" 2019 32834 3425.73539
"533" 2019 29447 3438.378955
"534" 2019 24776 3303.13632
"535" 2019 21764 3260.7913
"536" 2019 17987 3015.70042
"537" 2019 14915 2812.3724
"538" 2019 12011 2480.451665
"539" 2019 9476 2145.31902
"540" 2019 6989 1740.435725
"541" 2019 4970 1351.76545
"542" 2019 3857 1140.071345
"543" 2019 2713 867.10193
"544" 2019 1401 481.684815
"545" 2019 851 313.129705
"546" 2019 546 213.91734
"547" 2019 314.11 130.37920825
"548" 2019 156.72 68.5791048
"549" 2019 92.86 42.636669
"550" 2019 48.01 23.02583605
"551" 2019 27.4 13.667805
"552" 2019 9.37 4.8417601
"553" 2019 4.74 2.5277235
"554" 2019 1.48 1.140488
"555" 2019 0.34 0.34
"556" 2020 115383 234.22749
"557" 2020 118776 14.25312
"558" 2020 120030 9.6024
"559" 2020 124681 13.71491
"560" 2020 122848 12.89904
"561" 2020 124569 9.342675
"562" 2020 123335 4.9334
"563" 2020 124541 5.604345
"564" 2020 123471 5.556195
"565" 2020 128168 5.76756
"566" 2020 124897 8.118305
"567" 2020 123654 8.03751
"568" 2020 121905 7.3143
"569" 2020 121199 9.089925
"570" 2020 117364 14.08368
"571" 2020 116944 19.29576
"572" 2020 115523 20.79414
"573" 2020 113220 28.8711
"574" 2020 110326 38.06247
"575" 2020 112896 49.10976
"576" 2020 116615 57.14135
"577" 2020 113130 46.94895
"578" 2020 112295 40.4262
"579" 2020 118181 54.36326
"580" 2020 127478 72.02507
"581" 2020 137195 71.3414
"582" 2020 143233 62.306355
"583" 2020 149623 68.82658
"584" 2020 153357 70.54422
"585" 2020 156288 66.4224
"586" 2020 149862 73.43238
"587" 2020 147879 85.030425
"588" 2020 141166 66.34802
"589" 2020 139859 61.53796
"590" 2020 137125 80.218125
"591" 2020 132541 78.19919
"592" 2020 129376 81.50688
"593" 2020 129609 84.24585
"594" 2020 127537 81.62368
"595" 2020 131535 97.3359
"596" 2020 127439 98.12803
"597" 2020 123405 98.106975
"598" 2020 124745 110.399325
"599" 2020 125676 116.87868
"600" 2020 129998 130.64799
"601" 2020 135272 147.44648
"602" 2020 132678 149.92614
"603" 2020 134736 161.6832
"604" 2020 133927 178.792545
"605" 2020 130479 191.80413
"606" 2020 127993 210.548485
"607" 2020 132894 247.18284
"608" 2020 138613 301.483275
"609" 2020 139269 337.03098
"610" 2020 138986 375.2622
"611" 2020 137804 422.36926
"612" 2020 128099 434.896105
"613" 2020 121763 436.520355
"614" 2020 117040 458.2116
"615" 2020 115402 522.77106
"616" 2020 115014 585.42126
"617" 2020 113959 664.950765
"618" 2020 114438 736.40853
"619" 2020 113841 774.688005
"620" 2020 111138 832.42362
"621" 2020 108095 933.400325
"622" 2020 109510 1015.70525
"623" 2020 107927 1110.56883
"624" 2020 105509 1215.46368
"625" 2020 109007 1348.41659
"626" 2020 111522 1502.75895
"627" 2020 113904 1738.17504
"628" 2020 113141 1954.510775
"629" 2020 112310 2139.5055
"630" 2020 109538 2345.75627
"631" 2020 105077 2488.748745
"632" 2020 95932 2500.94724
"633" 2020 85993 2506.69595
"634" 2020 73767 2446.482555
"635" 2020 67829 2561.90133
"636" 2020 65302 2748.88769
"637" 2020 60124 2903.38796
"638" 2020 54029 3012.386895
"639" 2020 49510 3089.424
"640" 2020 44085 3112.180575
"641" 2020 39486 3233.31111
"642" 2020 35646 3326.30649
"643" 2020 33049 3448.167415
"644" 2020 29425 3435.810125
"645" 2020 25996 3465.78672
"646" 2020 21447 3213.296775
"647" 2020 18512 3103.72192
"648" 2020 14988 2826.13728
"649" 2020 12111 2501.103165
"650" 2020 9525 2156.412375
"651" 2020 7315 1821.617875
"652" 2020 5229 1422.209565
"653" 2020 3646 1077.70291
"654" 2020 2697 861.98817
"655" 2020 1845 634.338675
"656" 2020 952 350.29316
"657" 2020 527 206.47333
"658" 2020 340 141.1255
"659" 2020 193.11 84.5030049
"660" 2020 89.72 41.194938
"661" 2020 51.74 24.8147627
"662" 2020 24.29 12.11645925
"663" 2020 15.32 7.9163036
"664" 2020 3.98 2.1224345
"665" 2020 2.5 1.9265
"666" 2020 0.36 0.36
"667" 2021 113589 230.58567
"668" 2021 116591 13.99092
"669" 2021 119425 9.554
"670" 2021 120470 13.2517
"671" 2021 125001 13.125105
"672" 2021 123143 9.235725
"673" 2021 124767 4.99068
"674" 2021 123691 5.566095
"675" 2021 124917 5.621265
"676" 2021 123837 5.572665
"677" 2021 128647 8.362055
"678" 2021 125330 8.14645
"679" 2021 124187 7.45122
"680" 2021 122480 9.186
"681" 2021 121723 14.60676
"682" 2021 117918 19.45647
"683" 2021 117608 21.16944
"684" 2021 116079 29.600145
"685" 2021 113980 39.3231
"686" 2021 110991 48.281085
"687" 2021 113570 55.6493
"688" 2021 117660 48.8289
"689" 2021 114536 41.23296
"690" 2021 113938 52.41148
"691" 2021 119760 67.6644
"692" 2021 128988 67.07376
"693" 2021 138653 60.314055
"694" 2021 144512 66.47552
"695" 2021 151011 69.46506
"696" 2021 154595 65.702875
"697" 2021 157452 77.15148
"698" 2021 150996 86.8227
"699" 2021 148991 70.02577
"700" 2021 142050 62.502
"701" 2021 140460 82.1691
"702" 2021 137857 81.33563
"703" 2021 133059 83.82717
"704" 2021 129857 84.40705
"705" 2021 130139 83.28896
"706" 2021 127818 94.58532
"707" 2021 131953 101.60381
"708" 2021 127705 101.525475
"709" 2021 123704 109.47804
"710" 2021 125029 116.27697
"711" 2021 125844 126.47322
"712" 2021 130115 141.82535
"713" 2021 135464 153.07432
"714" 2021 132842 159.4104
"715" 2021 134804 179.96334
"716" 2021 134002 196.98294
"717" 2021 130474 214.62973
"718" 2021 127911 237.91446
"719" 2021 132770 288.77475
"720" 2021 138414 334.96188
"721" 2021 139003 375.3081
"722" 2021 138715 425.161475
"723" 2021 137411 466.510345
"724" 2021 127690 457.76865
"725" 2021 121316 474.95214
"726" 2021 116541 527.93073
"727" 2021 114904 584.86136
"728" 2021 114409 667.576515
"729" 2021 113283 728.976105
"730" 2021 113641 773.327005
"731" 2021 112989 846.28761
"732" 2021 110223 951.775605
"733" 2021 107098 993.33395
"734" 2021 108404 1115.47716
"735" 2021 106751 1229.77152
"736" 2021 104258 1289.67146
"737" 2021 107566 1449.45185
"738" 2021 109846 1676.24996
"739" 2021 112058 1935.80195
"740" 2021 111095 2116.35975
"741" 2021 110052 2356.76358
"742" 2021 107099 2536.639815
"743" 2021 102442 2670.66294
"744" 2021 93151 2715.35165
"745" 2021 83344 2764.10376
"746" 2021 70979 2680.87683
"747" 2021 65042 2737.94299
"748" 2021 62228 3004.99012
"749" 2021 56875 3171.065625
"750" 2021 50651 3160.6224
"751" 2021 46234 3263.88923
"752" 2021 40534 3319.12659
"753" 2021 35935 3353.274525
"754" 2021 32151 3354.474585
"755" 2021 29194 3408.83741
"756" 2021 25553 3406.72596
"757" 2021 22118 3313.82935
"758" 2021 17920 3004.4672
"759" 2021 15078 2843.10768
"760" 2021 11922 2462.07183
"761" 2021 9313 2108.416635
"762" 2021 7132 1776.0463
"763" 2021 5363 1458.655555
"764" 2021 3707 1095.733595
"765" 2021 2514 803.49954
"766" 2021 1764 606.48966
"767" 2021 1168 429.77144
"768" 2021 575 225.27925
"769" 2021 322 133.65415
"770" 2021 186 81.39174
"771" 2021 99.11 45.5063565
"772" 2021 46.85 22.46949425
"773" 2021 25.67 12.80483775
"774" 2021 10.34 5.3429882
"775" 2021 8.63 4.60216325
"776" 2021 1.14 0.878484
"777" 2021 1.28 1.28
