"year" "population" "expected"
"1" 2015 115880 261.8888
"2" 2015 115572 17.91366
"3" 2015 116389 12.220845
"4" 2015 115824 11.00328
"5" 2015 120492 10.84428
"6" 2015 117399 9.39192
"7" 2015 115815 7.527975
"8" 2015 114532 6.29926
"9" 2015 113879 5.69395
"10" 2015 109989 6.049395
"11" 2015 109902 7.14363
"12" 2015 108274 7.57918
"13" 2015 105408 8.95968
"14" 2015 101305 12.1566
"15" 2015 101373 13.685355
"16" 2015 99226 13.89164
"17" 2015 101189 18.719965
"18" 2015 102834 27.25101
"19" 2015 108138 36.76692
"20" 2015 115849 44.601865
"21" 2015 124520 52.2984
"22" 2015 129554 54.41268
"23" 2015 135798 57.71415
"24" 2015 139421 65.52787
"25" 2015 142236 73.96272
"26" 2015 136296 68.82948
"27" 2015 134947 66.798765
"28" 2015 129356 67.9119
"29" 2015 128645 66.252175
"30" 2015 126511 64.52061
"31" 2015 122865 62.66115
"32" 2015 120523 65.08242
"33" 2015 121331 69.15867
"34" 2015 120416 67.43296
"35" 2015 124243 72.06094
"36" 2015 121087 74.468505
"37" 2015 117510 74.0313
"38" 2015 119268 73.94616
"39" 2015 120856 78.5564
"40" 2015 125647 94.863485
"41" 2015 130962 104.7696
"42" 2015 129101 107.15383
"43" 2015 131158 117.38641
"44" 2015 131055 122.536425
"45" 2015 127838 127.19881
"46" 2015 125674 140.75488
"47" 2015 131068 161.21364
"48" 2015 137285 185.33475
"49" 2015 138342 217.88865
"50" 2015 138375 239.38875
"51" 2015 137714 254.08233
"52" 2015 128140 267.1719
"53" 2015 122017 284.29961
"54" 2015 117924 301.88544
"55" 2015 116249 332.47214
"56" 2015 116360 376.4246
"57" 2015 115673 414.10934
"58" 2015 116588 448.28086
"59" 2015 116483 495.05275
"60" 2015 114204 556.17348
"61" 2015 111448 608.50608
"62" 2015 113642 687.5341
"63" 2015 112133 755.215755
"64" 2015 110262 817.04142
"65" 2015 114477 928.980855
"66" 2015 117762 1072.22301
"67" 2015 120825 1204.62525
"68" 2015 120826 1304.31667
"69" 2015 121041 1451.886795
"70" 2015 118684 1567.22222
"71" 2015 115197 1684.18014
"72" 2015 106231 1734.75223
"73" 2015 96069 1730.683035
"74" 2015 83575 1658.128
"75" 2015 78185 1726.715725
"76" 2015 76680 1887.4782
"77" 2015 71869 1982.506365
"78" 2015 66386 2076.22215
"79" 2015 62541 2201.130495
"80" 2015 57605 2281.158
"81" 2015 53606 2417.36257
"82" 2015 50319 2589.41574
"83" 2015 49195 2874.217875
"84" 2015 46049 3045.68086
"85" 2015 43743 3290.567175
"86" 2015 38792 3330.48716
"87" 2015 36528 3553.07856
"88" 2015 31837 3483.445355
"89" 2015 28724 3567.80804
"90" 2015 25465 3607.244575
"91" 2015 21543 3419.30496
"92" 2015 18146 3200.9544
"93" 2015 14472 2841.939
"94" 2015 12286 2667.2906
"95" 2015 9951 2373.61203
"96" 2015 6096 1592.24472
"97" 2015 4231 1205.221505
"98" 2015 3022 933.97932
"99" 2015 1959.11 653.51011825
"100" 2015 1184.72 424.2956208
"101" 2015 838.86 320.8555614
"102" 2015 504.72 205.10559
"103" 2015 289.34 124.285997
"104" 2015 144.49 65.28130445
"105" 2015 71.08 33.6187076
"106" 2015 40.73 20.075817
"107" 2015 21.5 10.9971425
"108" 2015 7.96 4.2084122
"109" 2015 3.85 2.09622875
"110" 2015 1.39 1.07864695
"111" 2015 0.27 0.27
"112" 2016 115878 261.88428
"113" 2016 117932 18.27946
"114" 2016 117126 12.29823
"115" 2016 117959 11.206105
"116" 2016 117323 10.55907
"117" 2016 121939 9.75512
"118" 2016 118812 7.72278
"119" 2016 117296 6.45128
"120" 2016 115844 5.7922
"121" 2016 115227 6.337485
"122" 2016 111478 7.24607
"123" 2016 111213 7.78491
"124" 2016 109628 9.31838
"125" 2016 106775 12.813
"126" 2016 102713 13.866255
"127" 2016 103068 14.42952
"128" 2016 101333 18.746605
"129" 2016 103533 27.436245
"130" 2016 104915 35.6711
"131" 2016 109623 42.204855
"132" 2016 117610 49.3962
"133" 2016 126403 53.08926
"134" 2016 131931 56.070675
"135" 2016 138372 65.03484
"136" 2016 142132 73.90864
"137" 2016 144757 73.102285
"138" 2016 138720 68.6664
"139" 2016 137158 72.00795
"140" 2016 131326 67.63289
"141" 2016 130452 66.53052
"142" 2016 128274 65.41974
"143" 2016 124410 67.1814
"144" 2016 122021 69.55197
"145" 2016 122756 68.74336
"146" 2016 121610 70.5338
"147" 2016 125573 77.227395
"148" 2016 122217 76.99671
"149" 2016 118600 73.532
"150" 2016 120349 78.22685
"151" 2016 121831 91.982405
"152" 2016 126462 101.1696
"153" 2016 131896 109.47368
"154" 2016 129852 116.21754
"155" 2016 131978 123.39943
"156" 2016 131756 131.09722
"157" 2016 128466 143.88192
"158" 2016 126219 155.24937
"159" 2016 131506 177.5331
"160" 2016 137682 216.84915
"161" 2016 138550 239.6915
"162" 2016 138591 255.700395
"163" 2016 137863 287.444355
"164" 2016 128174 298.64542
"165" 2016 122028 312.39168
"166" 2016 117809 336.93374
"167" 2016 116144 375.72584
"168" 2016 116193 415.97094
"169" 2016 115464 443.95908
"170" 2016 116269 494.14325
"171" 2016 116124 565.52388
"172" 2016 113747 621.05862
"173" 2016 110925 671.09625
"174" 2016 113003 761.075205
"175" 2016 111434 825.72594
"176" 2016 109538 888.90087
"177" 2016 113621 1034.519205
"178" 2016 116632 1162.82104
"179" 2016 119621 1291.308695
"180" 2016 119458 1432.89871
"181" 2016 119599 1579.304795
"182" 2016 117113 1712.19206
"183" 2016 113419 1852.13227
"184" 2016 104443 1881.540645
"185" 2016 94357 1872.04288
"186" 2016 81837 1807.370145
"187" 2016 76379 1880.069085
"188" 2016 74708 2060.82018
"189" 2016 69855 2184.715125
"190" 2016 64245 2261.102775
"191" 2016 60290 2387.484
"192" 2016 55244 2491.22818
"193" 2016 51049 2626.98154
"194" 2016 47728 2788.5084
"195" 2016 46168 3053.55152
"196" 2016 42981 3233.245725
"197" 2016 40300 3459.9565
"198" 2016 35417 3445.01159
"199" 2016 32857 3595.048655
"200" 2016 28342 3520.35982
"201" 2016 25076 3552.14078
"202" 2016 21826 3464.22272
"203" 2016 18157 3202.8948
"204" 2016 14779 2902.226125
"205" 2016 11531 2503.3801
"206" 2016 9609 2292.03477
"207" 2016 7558 1974.11181
"208" 2016 4476 1275.01098
"209" 2016 3012 930.88872
"210" 2016 2067 689.499525
"211" 2016 1311.11 469.5609354
"212" 2016 737.72 282.1705228
"213" 2016 502.86 204.3497325
"214" 2016 298.72 128.315176
"215" 2016 182.34 82.3821237
"216" 2016 76.49 36.1774753
"217" 2016 39.07 19.257603
"218" 2016 19.23 9.83604885
"219" 2016 9.47 5.00674165
"220" 2016 3.22 1.7532095
"221" 2016 1.49 1.15624745
"222" 2016 0.32 0.32
"223" 2017 119023 268.99198
"224" 2017 118568 18.37804
"225" 2017 120165 12.617325
"226" 2017 119153 11.319535
"227" 2017 120132 10.81188
"228" 2017 119333 9.54664
"229" 2017 123976 8.05844
"230" 2017 120669 6.636795
"231" 2017 119168 5.9584
"232" 2017 117707 6.473885
"233" 2017 116954 7.60201
"234" 2017 113211 7.92477
"235" 2017 112953 9.601005
"236" 2017 111360 13.3632
"237" 2017 108622 14.66397
"238" 2017 104892 14.68488
"239" 2017 105911 19.593535
"240" 2017 104610 27.72165
"241" 2017 106931 36.35654
"242" 2017 107268 41.29818
"243" 2017 112278 47.15676
"244" 2017 120432 50.58144
"245" 2017 129793 55.162025
"246" 2017 135551 63.70897
"247" 2017 142125 73.905
"248" 2017 145685 73.570925
"249" 2017 148438 73.47681
"250" 2017 142442 74.78205
"251" 2017 140534 72.37501
"252" 2017 134588 68.63988
"253" 2017 133569 68.12019
"254" 2017 131209 70.85286
"255" 2017 127117 72.45669
"256" 2017 124426 69.67856
"257" 2017 124855 72.4159
"258" 2017 123625 76.029375
"259" 2017 127673 80.43399
"260" 2017 123947 76.84714
"261" 2017 120291 78.18915
"262" 2017 121781 91.944655
"263" 2017 123102 98.4816
"264" 2017 127729 106.01507
"265" 2017 133157 119.175515
"266" 2017 130869 122.362515
"267" 2017 132959 132.294205
"268" 2017 132611 148.52432
"269" 2017 129245 158.97135
"270" 2017 126930 171.3555
"271" 2017 132112 208.0764
"272" 2017 138093 238.90089
"273" 2017 138954 256.37013
"274" 2017 138974 289.76079
"275" 2017 138113 321.80329
"276" 2017 128430 328.7808
"277" 2017 122213 349.52918
"278" 2017 117870 381.30945
"279" 2017 116129 415.74182
"280" 2017 116039 446.169955
"281" 2017 115341 490.19925
"282" 2017 116039 565.10993
"283" 2017 115716 631.80936
"284" 2017 113231 685.04755
"285" 2017 110413 743.631555
"286" 2017 112354 832.54314
"287" 2017 110708 898.39542
"288" 2017 108662 989.36751
"289" 2017 112625 1122.87125
"290" 2017 115530 1247.14635
"291" 2017 118331 1419.380345
"292" 2017 118118 1559.74819
"293" 2017 117978 1724.83836
"294" 2017 115476 1885.72308
"295" 2017 111472 2008.16808
"296" 2017 102537 2034.33408
"297" 2017 92448 2041.71408
"298" 2017 80107 1971.833805
"299" 2017 74485 2054.668725
"300" 2017 72620 2271.1905
"301" 2017 67674 2381.78643
"302" 2017 61900 2451.24
"303" 2017 57868 2609.55746
"304" 2017 52646 2709.16316
"305" 2017 48461 2831.333925
"306" 2017 44952 2973.12528
"307" 2017 43103 3242.423175
"308" 2017 39701 3408.529355
"309" 2017 36767 3576.32609
"310" 2017 31945 3495.262175
"311" 2017 29194 3626.18674
"312" 2017 25026 3545.05803
"313" 2017 21470 3407.7184
"314" 2017 18227 3215.2428
"315" 2017 14980 2941.6975
"316" 2017 11843 2571.1153
"317" 2017 8944 2133.41232
"318" 2017 7349 1919.522055
"319" 2017 5530 1575.24815
"320" 2017 3165 978.1749
"321" 2017 2064 688.4988
"322" 2017 1424 509.99136
"323" 2017 881.11 337.0157639
"324" 2017 457.72 186.005965
"325" 2017 295.86 127.086663
"326" 2017 166.72 75.3249296
"327" 2017 95.34 45.0929598
"328" 2017 40.63 20.026527
"329" 2017 19.28 9.8616236
"330" 2017 8.24 4.3564468
"331" 2017 3.87 2.10711825
"332" 2017 0.97 0.75272485
"333" 2017 0.29 0.29
"334" 2018 116614 263.54764
"335" 2018 121975 18.906125
"336" 2018 120381 12.640005
"337" 2018 122058 11.59551
"338" 2018 121016 10.89144
"339" 2018 122021 9.76168
"340" 2018 121070 7.86955
"341" 2018 125729 6.915095
"342" 2018 122383 6.11915
"343" 2018 120977 6.653735
"344" 2018 119359 7.758335
"345" 2018 118671 8.30697
"346" 2018 114870 9.76395
"347" 2018 114492 13.73904
"348" 2018 113061 15.263235
"349" 2018 110574 15.48036
"350" 2018 107555 19.897675
"351" 2018 108792 28.82988
"352" 2018 109160 37.1144
"353" 2018 108757 41.871445
"354" 2018 108933 45.75186
"355" 2018 114019 47.88798
"356" 2018 122839 52.206575
"357" 2018 132667 62.35349
"358" 2018 138461 71.99972
"359" 2018 145054 73.25227
"360" 2018 148738 73.62531
"361" 2018 151450 79.51125
"362" 2018 145332 74.84598
"363" 2018 143429 73.14879
"364" 2018 137165 69.95415
"365" 2018 136071 73.47834
"366" 2018 133584 76.14288
"367" 2018 129254 72.38224
"368" 2018 126419 73.32302
"369" 2018 126796 77.97954
"370" 2018 125169 78.85647
"371" 2018 129247 80.13314
"372" 2018 125356 81.4814
"373" 2018 121625 91.826875
"374" 2018 123017 98.4136
"375" 2018 124185 103.07355
"376" 2018 128699 115.185605
"377" 2018 134121 125.403135
"378" 2018 131653 130.994735
"379" 2018 133700 149.744
"380" 2018 133217 163.85691
"381" 2018 129846 175.2921
"382" 2018 127443 200.722725
"383" 2018 132471 229.17483
"384" 2018 138419 255.383055
"385" 2018 139195 290.221575
"386" 2018 139111 324.12863
"387" 2018 138181 353.74336
"388" 2018 128394 367.20684
"389" 2018 122179 395.249065
"390" 2018 117692 421.33736
"391" 2018 115964 445.88158
"392" 2018 115807 492.17975
"393" 2018 114972 559.91364
"394" 2018 115679 631.60734
"395" 2018 115173 696.79665
"396" 2018 112631 758.569785
"397" 2018 109732 813.11412
"398" 2018 111492 904.75758
"399" 2018 109841 1000.102305
"400" 2018 107721 1073.97837
"401" 2018 111517 1203.826015
"402" 2018 114318 1371.24441
"403" 2018 116995 1544.918975
"404" 2018 116520 1703.5224
"405" 2018 116256 1898.46048
"406" 2018 113660 2047.5849
"407" 2018 109518 2172.83712
"408" 2018 100530 2220.20505
"409" 2018 90457 2226.599055
"410" 2018 78171 2156.347035
"411" 2018 72401 2264.341275
"412" 2018 70284 2473.64538
"413" 2018 65287 2585.3652
"414" 2018 59491 2682.746645
"415" 2018 55248 2843.06208
"416" 2018 49960 2918.913
"417" 2018 45542 3012.14788
"418" 2018 41880 3150.423
"419" 2018 39850 3421.32175
"420" 2018 36333 3534.11091
"421" 2018 33115 3623.277725
"422" 2018 28322 3517.87562
"423" 2018 25463 3606.961265
"424" 2018 21362 3390.57664
"425" 2018 18034 3181.1976
"426" 2018 14978 2941.30475
"427" 2018 12012 2607.8052
"428" 2018 9226 2200.67778
"429" 2018 6733 1758.625935
"430" 2018 5384 1533.65932
"431" 2018 3956 1222.64136
"432" 2018 2129 710.181175
"433" 2018 1329 475.96806
"434" 2018 905 346.15345
"435" 2018 545.11 221.51907625
"436" 2018 281.72 121.012826
"437" 2018 168.86 76.2917923
"438" 2018 85.72 40.5429884
"439" 2018 50.01 24.649929
"440" 2018 20.19 10.32708405
"441" 2018 9.59 5.07018505
"442" 2018 3.49 1.90021775
"443" 2018 1.35 1.04760675
"444" 2018 0 0
"445" 2019 116839 264.05614
"446" 2019 118762 18.40811
"447" 2019 123525 12.970125
"448" 2019 121822 11.57309
"449" 2019 123550 11.1195
"450" 2019 122475 9.798
"451" 2019 123497 8.027305
"452" 2019 122487 6.736785
"453" 2019 127148 6.3574
"454" 2019 123866 6.81263
"455" 2019 122606 7.96939
"456" 2019 120841 8.45887
"457" 2019 120095 10.208075
"458" 2019 116282 13.95384
"459" 2019 115934 15.65109
"460" 2019 114377 16.01278
"461" 2019 112168 20.75108
"462" 2019 109105 28.912825
"463" 2019 111057 37.75938
"464" 2019 112806 43.43031
"465" 2019 111073 46.65066
"466" 2019 110328 46.33776
"467" 2019 115971 49.287675
"468" 2019 125252 58.86844
"469" 2019 134969 70.18388
"470" 2019 140855 71.131775
"471" 2019 147423 72.974385
"472" 2019 151231 79.396275
"473" 2019 154014 79.31721
"474" 2019 147799 75.37749
"475" 2019 145885 74.40135
"476" 2019 139381 75.26574
"477" 2019 138232 78.79224
"478" 2019 135535 75.8996
"479" 2019 131108 76.04264
"480" 2019 128100 78.7815
"481" 2019 128378 80.87814
"482" 2019 126526 78.44612
"483" 2019 130552 84.8588
"484" 2019 126563 95.555065
"485" 2019 122635 98.108
"486" 2019 123958 102.88514
"487" 2019 125045 111.915275
"488" 2019 129436 121.02266
"489" 2019 134762 134.08819
"490" 2019 132282 148.15584
"491" 2019 134341 165.23943
"492" 2019 133675 180.46125
"493" 2019 130238 205.12485
"494" 2019 127803 221.09919
"495" 2019 132747 244.918215
"496" 2019 138591 288.962235
"497" 2019 139314 324.60162
"498" 2019 139149 356.22144
"499" 2019 138048 394.81728
"500" 2019 128318 415.10873
"501" 2019 122035 436.8853
"502" 2019 117411 451.445295
"503" 2019 115715 491.78875
"504" 2019 115488 562.42656
"505" 2019 114520 625.2792
"506" 2019 115131 696.54255
"507" 2019 114551 771.500985
"508" 2019 111936 829.44576
"509" 2019 108928 883.95072
"510" 2019 110550 1006.55775
"511" 2019 108902 1085.75294
"512" 2019 106604 1150.79018
"513" 2019 110308 1323.14446
"514" 2019 112947 1491.465135
"515" 2019 115428 1687.55736
"516" 2019 114877 1875.94141
"517" 2019 114340 2059.8351
"518" 2019 111644 2215.01696
"519" 2019 107359 2371.023515
"520" 2019 98295 2419.531425
"521" 2019 88283 2435.286555
"522" 2019 76006 2377.08765
"523" 2019 70129 2468.190155
"524" 2019 67906 2689.0776
"525" 2019 62709 2827.862355
"526" 2019 56824 2924.16304
"527" 2019 52406 3061.82055
"528" 2019 47049 3111.82086
"529" 2019 42539 3199.996275
"530" 2019 38765 3328.169075
"531" 2019 36446 3545.10242
"532" 2019 32834 3592.53211
"533" 2019 29447 3657.61187
"534" 2019 24776 3509.64428
"535" 2019 21764 3454.38208
"536" 2019 17987 3172.9068
"537" 2019 14915 2928.933125
"538" 2019 12011 2607.5881
"539" 2019 9476 2260.31028
"540" 2019 6989 1825.491855
"541" 2019 4970 1415.72935
"542" 2019 3857 1192.04442
"543" 2019 2713 904.988975
"544" 2019 1401 501.75414
"545" 2019 851 325.49899
"546" 2019 546 221.88075
"547" 2019 314.11 134.9259505
"548" 2019 156.72 70.8068796
"549" 2019 92.86 43.9199942
"550" 2019 48.01 23.664129
"551" 2019 27.4 14.014963
"552" 2019 9.37 4.95387215
"553" 2019 4.74 2.5808115
"554" 2019 1.48 1.1484874
"555" 2019 0.34 0.34
"556" 2020 115383 260.76558
"557" 2020 118776 18.41028
"558" 2020 120030 12.60315
"559" 2020 124681 11.844695
"560" 2020 122848 11.05632
"561" 2020 124569 9.96552
"562" 2020 123335 8.016775
"563" 2020 124541 6.849755
"564" 2020 123471 6.17355
"565" 2020 128168 7.04924
"566" 2020 124897 8.118305
"567" 2020 123654 8.65578
"568" 2020 121905 10.361925
"569" 2020 121199 14.54388
"570" 2020 117364 15.84414
"571" 2020 116944 16.37216
"572" 2020 115523 21.371755
"573" 2020 113220 30.0033
"574" 2020 110326 37.51084
"575" 2020 112896 43.46496
"576" 2020 116615 48.9783
"577" 2020 113130 47.5146
"578" 2020 112295 47.725375
"579" 2020 118181 55.54507
"580" 2020 127478 66.28856
"581" 2020 137195 69.283475
"582" 2020 143233 70.900335
"583" 2020 149623 78.552075
"584" 2020 153357 78.978855
"585" 2020 156288 79.70688
"586" 2020 149862 76.42962
"587" 2020 147879 79.85466
"588" 2020 141166 80.46462
"589" 2020 139859 78.32104
"590" 2020 137125 79.5325
"591" 2020 132541 81.512715
"592" 2020 129376 81.50688
"593" 2020 129609 80.35758
"594" 2020 127537 82.89905
"595" 2020 131535 99.308925
"596" 2020 127439 101.9512
"597" 2020 123405 102.42615
"598" 2020 124745 111.646775
"599" 2020 125676 117.50706
"600" 2020 129998 129.34801
"601" 2020 135272 151.50464
"602" 2020 132678 163.19394
"603" 2020 134736 181.8936
"604" 2020 133927 210.935025
"605" 2020 130479 225.72867
"606" 2020 127993 236.147085
"607" 2020 132894 277.08399
"608" 2020 138613 322.96829
"609" 2020 139269 356.52864
"610" 2020 138986 397.49996
"611" 2020 137804 445.79594
"612" 2020 128099 458.59442
"613" 2020 121763 468.178735
"614" 2020 117040 497.42
"615" 2020 115402 562.00774
"616" 2020 115014 627.97644
"617" 2020 113959 689.45195
"618" 2020 114438 770.73993
"619" 2020 113841 843.56181
"620" 2020 111138 901.88487
"621" 2020 108095 984.204975
"622" 2020 109510 1091.8147
"623" 2020 107927 1165.071965
"624" 2020 105509 1265.580455
"625" 2020 109007 1439.437435
"626" 2020 111522 1630.45164
"627" 2020 113904 1860.05232
"628" 2020 113141 2038.235115
"629" 2020 112310 2228.2304
"630" 2020 109538 2419.14673
"631" 2020 105077 2586.470355
"632" 2020 95932 2646.28422
"633" 2020 85993 2689.431075
"634" 2020 73767 2596.229565
"635" 2020 67829 2686.0284
"636" 2020 65302 2944.79369
"637" 2020 60124 3093.98104
"638" 2020 54029 3156.644325
"639" 2020 49510 3274.5914
"640" 2020 44085 3316.294125
"641" 2020 39486 3390.07053
"642" 2020 35646 3467.28642
"643" 2020 33049 3616.056335
"644" 2020 29425 3654.87925
"645" 2020 25996 3682.46338
"646" 2020 21447 3404.06784
"647" 2020 18512 3265.5168
"648" 2020 14988 2943.2685
"649" 2020 12111 2629.2981
"650" 2020 9525 2271.99825
"651" 2020 7315 1910.641425
"652" 2020 5229 1489.506795
"653" 2020 3646 1126.83276
"654" 2020 2697 899.651775
"655" 2020 1845 660.7683
"656" 2020 952 364.13048
"657" 2020 527 214.159625
"658" 2020 340 146.047
"659" 2020 193.11 87.24806355
"660" 2020 89.72 42.4348684
"661" 2020 51.74 25.502646
"662" 2020 24.29 12.42421355
"663" 2020 15.32 8.0996074
"664" 2020 3.98 2.1670105
"665" 2020 2.5 1.9400125
"666" 2020 0.36 0.36
"667" 2021 113589 256.71114
"668" 2021 116591 18.071605
"669" 2021 119425 12.539625
"670" 2021 120470 11.44465
"671" 2021 125001 11.25009
"672" 2021 123143 9.85144
"673" 2021 124767 8.109855
"674" 2021 123691 6.803005
"675" 2021 124917 6.24585
"676" 2021 123837 6.811035
"677" 2021 128647 8.362055
"678" 2021 125330 8.7731
"679" 2021 124187 10.555895
"680" 2021 122480 14.6976
"681" 2021 121723 16.432605
"682" 2021 117918 16.50852
"683" 2021 117608 21.75748
"684" 2021 116079 30.760935
"685" 2021 113980 38.7532
"686" 2021 110991 42.731535
"687" 2021 113570 47.6994
"688" 2021 117660 49.4172
"689" 2021 114536 48.6778
"690" 2021 113938 53.55086
"691" 2021 119760 62.2752
"692" 2021 128988 65.13894
"693" 2021 138653 68.633235
"694" 2021 144512 75.8688
"695" 2021 151011 77.770665
"696" 2021 154595 78.84345
"697" 2021 157452 80.30052
"698" 2021 150996 81.53784
"699" 2021 148991 84.92487
"700" 2021 142050 79.548
"701" 2021 140460 81.4668
"702" 2021 137857 84.782055
"703" 2021 133059 83.82717
"704" 2021 129857 80.51134
"705" 2021 130139 84.59035
"706" 2021 127818 96.50259
"707" 2021 131953 105.5624
"708" 2021 127705 105.99515
"709" 2021 123704 110.71508
"710" 2021 125029 116.902115
"711" 2021 125844 125.21478
"712" 2021 130115 145.7288
"713" 2021 135464 166.62072
"714" 2021 132842 179.3367
"715" 2021 134804 212.3163
"716" 2021 134002 231.82346
"717" 2021 130474 240.72453
"718" 2021 127911 266.694435
"719" 2021 132770 309.3541
"720" 2021 138414 354.33984
"721" 2021 139003 397.54858
"722" 2021 138715 448.743025
"723" 2021 137411 491.93138
"724" 2021 127690 490.96805
"725" 2021 121316 515.593
"726" 2021 116541 567.55467
"727" 2021 114904 627.37584
"728" 2021 114409 692.17445
"729" 2021 113283 762.961005
"730" 2021 113641 842.07981
"731" 2021 112989 916.905735
"732" 2021 110223 1003.580415
"733" 2021 107098 1067.76706
"734" 2021 108404 1170.22118
"735" 2021 106751 1280.478245
"736" 2021 104258 1376.72689
"737" 2021 107566 1572.61492
"738" 2021 109846 1793.78518
"739" 2021 112058 2018.72487
"740" 2021 111095 2204.1248
"741" 2021 110052 2430.49842
"742" 2021 107099 2636.241885
"743" 2021 102442 2825.86257
"744" 2021 93151 2913.297525
"745" 2021 83344 2933.29208
"746" 2021 70979 2810.7684
"747" 2021 65042 2933.06899
"748" 2021 62228 3202.25288
"749" 2021 56875 3322.921875
"750" 2021 50651 3350.05714
"751" 2021 46234 3477.95265
"752" 2021 40534 3480.04657
"753" 2021 35935 3495.39745
"754" 2021 32151 3517.801665
"755" 2021 29194 3626.18674
"756" 2021 25553 3619.710215
"757" 2021 22118 3510.56896
"758" 2021 17920 3161.088
"759" 2021 15078 2960.94225
"760" 2021 11922 2588.2662
"761" 2021 9313 2221.42989
"762" 2021 7132 1862.84274
"763" 2021 5363 1527.677365
"764" 2021 3707 1145.68542
"765" 2021 2514 838.60755
"766" 2021 1764 631.75896
"767" 2021 1168 446.74832
"768" 2021 575 233.665625
"769" 2021 322 138.3151
"770" 2021 186 84.03573
"771" 2021 99.11 46.8760567
"772" 2021 46.85 23.092365
"773" 2021 25.67 13.13007665
"774" 2021 10.34 5.4667063
"775" 2021 8.63 4.69881925
"776" 2021 1.14 0.8846457
"777" 2021 1.28 1.28
