"year" "population" "expected"
"1" 2015 716419 2290.15273666667
"2" 2015 695915 135.703425
"3" 2015 694369 84.4815616666667
"4" 2015 681109 71.516445
"5" 2015 698599 67.5312366666667
"6" 2015 687851 60.7601716666667
"7" 2015 706180 56.4944
"8" 2015 704334 50.47727
"9" 2015 691490 47.2518166666667
"10" 2015 701623 45.605495
"11" 2015 720022 50.40154
"12" 2015 720522 55.24002
"13" 2015 733069 61.0890833333333
"14" 2015 750865 76.3379416666667
"15" 2015 784356 100.65902
"16" 2015 786661 129.799065
"17" 2015 805999 155.826473333333
"18" 2015 832637 203.996065
"19" 2015 826219 239.60351
"20" 2015 815272 241.864026666667
"21" 2015 839173 250.353278333333
"22" 2015 874957 258.112315
"23" 2015 895922 261.310583333333
"24" 2015 938818 289.468883333333
"25" 2015 1037458 337.17385
"26" 2015 1030691 328.103301666667
"27" 2015 1062175 345.206875
"28" 2015 1044361 365.52635
"29" 2015 1030624 384.766293333333
"30" 2015 998975 402.919916666667
"31" 2015 997920 447.4008
"32" 2015 1003047 479.790815
"33" 2015 1027335 532.501975
"34" 2015 1021180 568.456866666667
"35" 2015 1024599 597.68275
"36" 2015 977736 622.49192
"37" 2015 965515 682.297266666667
"38" 2015 957954 740.81776
"39" 2015 940936 790.38624
"40" 2015 916475 823.300041666667
"41" 2015 930179 919.326911666667
"42" 2015 939183 1011.18703
"43" 2015 1020846 1184.18136
"44" 2015 1125520 1440.6656
"45" 2015 1168551 1663.23759
"46" 2015 1257494 1999.41546
"47" 2015 1318041 2321.948895
"48" 2015 1354898 2657.85824333333
"49" 2015 1393452 3044.69262
"50" 2015 1398539 3379.80258333333
"51" 2015 1425189 3843.25967
"52" 2015 1413324 4258.81632
"53" 2015 1368092 4599.06927333333
"54" 2015 1348394 5076.70341
"55" 2015 1301653 5469.11202166667
"56" 2015 1265624 5939.99530666667
"57" 2015 1193969 6248.43776666667
"58" 2015 1166077 6706.88621166667
"59" 2015 1132207 7180.07939166667
"60" 2015 1095255 7694.166375
"61" 2015 1072820 8326.87123333333
"62" 2015 1035717 8845.02318
"63" 2015 1031649 9635.60166
"64" 2015 1008255 10290.9227
"65" 2015 1004536 11100.1228
"66" 2015 967820 11602.5487666667
"67" 2015 880316 11442.6408066667
"68" 2015 822979 11547.7670016667
"69" 2015 714011 10868.4374383333
"70" 2015 623768 10314.00388
"71" 2015 827839 14851.43166
"72" 2015 834208 16243.4201066667
"73" 2015 801337 17037.7601816667
"74" 2015 963133 22363.94826
"75" 2015 999697 25254.0123816667
"76" 2015 968206 26488.5024833333
"77" 2015 882884 26365.8591866667
"78" 2015 803177 26530.2749383333
"79" 2015 753546 27884.96973
"80" 2015 701492 29251.0472466667
"81" 2015 622710 29375.3064
"82" 2015 476467 25745.1002333333
"83" 2015 449106 27646.21685
"84" 2015 428716 30047.2753866667
"85" 2015 416466.02 33285.3525384667
"86" 2015 375917.71 34259.8870303667
"87" 2015 336364.59 34863.0685382
"88" 2015 283109.95 33331.0062634167
"89" 2015 247050 32844.88575
"90" 2015 213766.07 31892.1162600833
"91" 2015 169163.4 28168.807429
"92" 2015 137600.34 25601.9192604
"93" 2015 114505.69 23661.6466244167
"94" 2015 93240.77 21051.1240441833
"95" 2015 69988.51 17359.8333728833
"96" 2015 39976.57 10908.7397939833
"97" 2015 18136.35 5394.68753475
"98" 2015 12195.16 3933.58950853333
"99" 2015 9110.62 3169.584698
"100" 2015 7879.31 2940.53222763333
"101" 2015 6658.22 2650.95919596667
"102" 2015 3993.3 1687.022829
"103" 2015 2332.24 1039.90694533333
"104" 2015 1220.08 571.227221733333
"105" 2015 619.59 303.103428
"106" 2015 360.13 183.22874205
"107" 2015 164.41 86.6216006333333
"108" 2015 81 44.01594
"109" 2015 37.56 20.97413
"110" 2015 15.27 11.9528979
"111" 2015 10.81 10.81
"112" 2016 744721 2380.62479666667
"113" 2016 740078 144.31521
"114" 2016 715608 87.06564
"115" 2016 713757 74.944485
"116" 2016 699382 67.6069266666667
"117" 2016 716863 63.3228983333333
"118" 2016 704716 56.37728
"119" 2016 723366 51.84123
"120" 2016 720452 49.2308866666667
"121" 2016 706517 45.923605
"122" 2016 716699 50.16893
"123" 2016 733698 56.25018
"124" 2016 733981 61.1650833333333
"125" 2016 746291 75.8729183333333
"126" 2016 764997 98.174615
"127" 2016 802215 132.365475
"128" 2016 811294 156.850173333333
"129" 2016 831042 203.60529
"130" 2016 873171 253.21959
"131" 2016 872242 258.765126666667
"132" 2016 864859 258.016268333333
"133" 2016 882914 260.45963
"134" 2016 918055 267.766041666667
"135" 2016 940583 290.013091666667
"136" 2016 981467 318.976775
"137" 2016 1081508 344.280046666667
"138" 2016 1069607 347.622275
"139" 2016 1099077 384.67695
"140" 2016 1077451 402.248373333333
"141" 2016 1060038 427.54866
"142" 2016 1028283 461.013545
"143" 2016 1023414 489.53303
"144" 2016 1026274 531.952023333333
"145" 2016 1049220 584.0658
"146" 2016 1040669 607.056916666667
"147" 2016 1045965 665.93105
"148" 2016 995685 703.6174
"149" 2016 981810 759.2664
"150" 2016 973528 817.76352
"151" 2016 954756 857.68914
"152" 2016 930453 919.597715
"153" 2016 942794 1015.07487333333
"154" 2016 950684 1102.79344
"155" 2016 1031271 1320.02688
"156" 2016 1134886 1615.32107333333
"157" 2016 1177330 1871.9547
"158" 2016 1265093 2228.67216833333
"159" 2016 1324666 2598.55313666667
"160" 2016 1359970 2971.53445
"161" 2016 1396645 3375.22541666667
"162" 2016 1400912 3777.79269333333
"163" 2016 1426217 4297.66722666667
"164" 2016 1413510 4751.74945
"165" 2016 1367400 5148.261
"166" 2016 1346726 5658.49374333333
"167" 2016 1299396 6098.49856
"168" 2016 1261766 6603.24206666667
"169" 2016 1190144 6845.31157333333
"170" 2016 1160912 7362.11693333333
"171" 2016 1126422 7913.11455
"172" 2016 1088896 8451.64778666667
"173" 2016 1065097 9095.92838
"174" 2016 1027643 9598.18562
"175" 2016 1022255 10433.8160333333
"176" 2016 998165 11029.72325
"177" 2016 993544 11910.9366533333
"178" 2016 955943 12425.6657616667
"179" 2016 868455 12185.871075
"180" 2016 811207 12347.9225516667
"181" 2016 702735 11619.723225
"182" 2016 613134 10999.62396
"183" 2016 812814 15826.84327
"184" 2016 817825 17388.3225416667
"185" 2016 784324 18212.00328
"186" 2016 941096 23773.6534533333
"187" 2016 974315 26655.6345416667
"188" 2016 940958 28100.1424066667
"189" 2016 855435 28256.443775
"190" 2016 775260 28688.4963
"191" 2016 723930 30186.67445
"192" 2016 669656 31589.9057066667
"193" 2016 590675 31916.1391666667
"194" 2016 448413 27603.556925
"195" 2016 419124 29375.00408
"196" 2016 396544 31693.1182933333
"197" 2016 380969.34 34720.2757498
"198" 2016 339799.4 35219.0751453333
"199" 2016 299924.21 35310.5771169833
"200" 2016 248687.82 33062.6311893
"201" 2016 213444.73 31844.1750099167
"202" 2016 180910.72 30124.9515765333
"203" 2016 140110.52 26068.9633512
"204" 2016 111137.04 22965.543174
"205" 2016 90150.28 20353.3789660667
"206" 2016 71614.19 17763.0643306167
"207" 2016 52091.53 14214.6498871833
"208" 2016 29111.46 8659.2522961
"209" 2016 12665.34 4085.2476348
"210" 2016 8213.28 2857.400112
"211" 2016 5955.33 2222.5093049
"212" 2016 5042.99 2007.85806351667
"213" 2016 4010.08 1694.11176373333
"214" 2016 2308.14 1029.161157
"215" 2016 1326.43 621.019050983333
"216" 2016 656.16 320.993472
"217" 2016 314.09 159.80428065
"218" 2016 186.24 98.1230272
"219" 2016 75.85 41.2173956666667
"220" 2016 32.91 18.3774925
"221" 2016 18.63 14.5830051
"222" 2016 10.06 10.06
"223" 2017 788299 2519.92913666667
"224" 2017 762519 148.691205
"225" 2017 753217 91.6414016666667
"226" 2017 727203 76.356315
"227" 2017 725208 70.10344
"228" 2017 709649 62.6856616666667
"229" 2017 725990 58.0792
"230" 2017 714614 51.2140033333333
"231" 2017 733904 50.1501066666667
"232" 2017 729770 47.43505
"233" 2017 715498 50.08486
"234" 2017 725080 55.5894666666667
"235" 2017 741434 61.7861666666667
"236" 2017 741827 75.4190783333333
"237" 2017 754356 96.80902
"238" 2017 774861 127.852065
"239" 2017 817175 157.987166666667
"240" 2017 829658 203.26621
"241" 2017 852649 247.26821
"242" 2017 898526 266.562713333333
"243" 2017 896869 267.565918333333
"244" 2017 883871 260.741945
"245" 2017 900327 262.595375
"246" 2017 935857 288.555908333333
"247" 2017 957107 311.059775
"248" 2017 996131 317.101701666667
"249" 2017 1094013 355.554225
"250" 2017 1081506 378.5271
"251" 2017 1108891 413.985973333333
"252" 2017 1086215 438.106716666667
"253" 2017 1068203 478.911011666667
"254" 2017 1036328 495.710226666667
"255" 2017 1029887 533.824761666667
"256" 2017 1032181 574.580756666667
"257" 2017 1054476 615.111
"258" 2017 1045463 665.611443333333
"259" 2017 1050450 742.318
"260" 2017 999664 773.073493333333
"261" 2017 985590 827.8956
"262" 2017 976871 877.555781666667
"263" 2017 957877 946.701768333333
"264" 2017 933123 1004.66243
"265" 2017 945184 1096.41344
"266" 2017 953024 1219.87072
"267" 2017 1032778 1469.98735333333
"268" 2017 1135810 1805.9379
"269" 2017 1177742 2074.78882333333
"270" 2017 1264331 2480.19597833333
"271" 2017 1323771 2892.439635
"272" 2017 1358258 3282.45683333333
"273" 2017 1393957 3759.03737666667
"274" 2017 1397753 4211.89570666667
"275" 2017 1421951 4780.12527833333
"276" 2017 1408732 5303.87598
"277" 2017 1361914 5722.30865666667
"278" 2017 1340408 6290.98154666667
"279" 2017 1293120 6767.328
"280" 2017 1254555 7215.782175
"281" 2017 1182584 7499.55353333333
"282" 2017 1152459 8096.024475
"283" 2017 1117653 8674.850035
"284" 2017 1079772 9221.25288
"285" 2017 1055517 9858.52878
"286" 2017 1017147 10381.68038
"287" 2017 1011191 11173.66055
"288" 2017 986117 11821.8993016667
"289" 2017 980637 12746.646605
"290" 2017 942547 13225.5053216667
"291" 2017 855561 13023.064355
"292" 2017 798439 13202.188865
"293" 2017 690163 12381.52422
"294" 2017 601545 11713.083725
"295" 2017 796592 16936.8735733333
"296" 2017 800408 18585.47376
"297" 2017 766229 19356.2215883333
"298" 2017 917490 25100.99725
"299" 2017 947484 28295.03052
"300" 2017 912772 30150.3804466667
"301" 2017 826172 30572.49486
"302" 2017 745639 31091.9035683333
"303" 2017 692490 32667.0616
"304" 2017 636554 34395.1344666667
"305" 2017 557352 34309.6602
"306" 2017 419843 29425.3963933333
"307" 2017 388732 31068.7572133333
"308" 2017 363961 33170.1923366667
"309" 2017 345748.16 35835.6442901333
"310" 2017 304340.04 35830.4601426
"311" 2017 264593.82 35177.3073793
"312" 2017 216131.65 32245.0410829167
"313" 2017 182376.31 30368.9991806833
"314" 2017 151380.88 28165.9265328
"315" 2017 114562.47 23673.37973825
"316" 2017 88866.38 20063.5107232333
"317" 2017 70106.67 17389.14158235
"318" 2017 54463.87 14862.0100724833
"319" 2017 38255.62 11379.1979283667
"320" 2017 20861.93 6729.08506126667
"321" 2017 8824.69 3070.109651
"322" 2017 5565.16 2076.89916146667
"323" 2017 3868.45 1540.21692008333
"324" 2017 3140.19 1326.6151347
"325" 2017 2407.39 1073.41507783333
"326" 2017 1330.73 623.032260816667
"327" 2017 752.19 367.971348
"328" 2017 357.03 181.65150855
"329" 2017 171.04 90.1147045333333
"330" 2017 92.21 50.1075287333333
"331" 2017 33.83 18.8912358333333
"332" 2017 17.91 14.0194107
"333" 2017 9.68 9.68
"334" 2018 785074 2509.61988666667
"335" 2018 796149 155.249055
"336" 2018 770628 93.75974
"337" 2018 760868 79.89114
"338" 2018 734059 70.9590366666667
"339" 2018 732088 64.6677733333333
"340" 2018 715528 57.24224
"341" 2018 732586 52.5019966666667
"342" 2018 721168 49.2798133333333
"343" 2018 740846 48.15499
"344" 2018 736082 51.52574
"345" 2018 721745 55.3337833333333
"346" 2018 730820 60.9016666666667
"347" 2018 746890 75.9338166666667
"348" 2018 747228 95.89426
"349" 2018 760238 125.43927
"350" 2018 781964 151.179706666667
"351" 2018 824185 201.925325
"352" 2018 841946 244.16434
"353" 2018 872234 258.762753333333
"354" 2018 918164 273.918926666667
"355" 2018 913985 269.625575
"356" 2018 899827 262.449541666667
"357" 2018 918306 283.14435
"358" 2018 952232 309.4754
"359" 2018 971610 309.29585
"360" 2018 1009672 328.1434
"361" 2018 1105660 386.981
"362" 2018 1092555 407.8872
"363" 2018 1118583 451.16181
"364" 2018 1094733 490.805295
"365" 2018 1075886 514.632136666667
"366" 2018 1043548 540.905713333333
"367" 2018 1036879 577.195976666667
"368" 2018 1039206 606.2035
"369" 2018 1060221 675.00737
"370" 2018 1051212 742.85648
"371" 2018 1056495 817.0228
"372" 2018 1004728 843.97152
"373" 2018 990554 889.847676666667
"374" 2018 981486 970.03533
"375" 2018 962843 1036.66096333333
"376" 2018 937518 1087.52088
"377" 2018 949657 1215.56096
"378" 2018 956853 1361.92077
"379" 2018 1035587 1646.58333
"380" 2018 1138293 2005.292835
"381" 2018 1179668 2314.11539333333
"382" 2018 1265662 2765.47147
"383" 2018 1324077 3199.85275
"384" 2018 1357827 3661.60681
"385" 2018 1392300 4195.464
"386" 2018 1395078 4689.78721
"387" 2018 1418449 5340.460485
"388" 2018 1404391 5900.78285166667
"389" 2018 1357082 6369.23818666667
"390" 2018 1334645 6984.64216666667
"391" 2018 1286991 7402.343235
"392" 2018 1247579 7911.73015833333
"393" 2018 1175219 8255.913475
"394" 2018 1144314 8881.78383
"395" 2018 1108669 9468.03326
"396" 2018 1070337 9996.94758
"397" 2018 1045334 10669.3756933333
"398" 2018 1006399 11120.70895
"399" 2018 999682 11984.5210433333
"400" 2018 973689 12656.334185
"401" 2018 967521 13575.932165
"402" 2018 928887 14139.208285
"403" 2018 841915 13921.064525
"404" 2018 784815 14079.5811
"405" 2018 676907 13180.5074683333
"406" 2018 589302 12529.54269
"407" 2018 779008 18088.56576
"408" 2018 781877 19751.5161483333
"409" 2018 746906 20434.1033166667
"410" 2018 892443 26651.32279
"411" 2018 918608 30343.1532533333
"412" 2018 882457 32655.321285
"413" 2018 795009 33150.550285
"414" 2018 713800 33672.3253333333
"415" 2018 658716 35592.6212
"416" 2018 601037 36998.8359916667
"417" 2018 521954 36582.0160133333
"418" 2018 389704 31146.4426933333
"419" 2018 356499 32490.13053
"420" 2018 330034 34206.9239866667
"421" 2018 309581 36447.4870983333
"422" 2018 268444.92 35689.3047058
"423" 2018 229352.8 34217.5264866667
"424" 2018 183899.97 30622.71650445
"425" 2018 151744.84 28233.6449304
"426" 2018 123029.69 25423.0601910833
"427" 2018 90909.81 20524.85932005
"428" 2018 68667.1 17032.0730388333
"429" 2018 52662.73 14370.5179911833
"430" 2018 39808.24 11841.0273350667
"431" 2018 26988.38 8705.19193026667
"432" 2018 14242.21 4954.864859
"433" 2018 5792.36 2161.68944413333
"434" 2018 3512.93 1398.66722461667
"435" 2018 2344.28 990.372343066667
"436" 2018 1900.06 847.205086333333
"437" 2018 1359.27 636.39435585
"438" 2018 757.67 370.652164
"439" 2018 387.16 196.9812006
"440" 2018 173.01 91.1526253
"441" 2018 85.04 46.2113029333333
"442" 2018 42.21 23.5707675
"443" 2018 18.83 14.7395591
"444" 2018 11.58 11.58
"445" 2019 783978 2506.11634
"446" 2019 796374 155.29293
"447" 2019 802651 97.6558716666667
"448" 2019 776763 81.560115
"449" 2019 766631 74.1076633333333
"450" 2019 739729 65.3427283333333
"451" 2019 736749 58.93992
"452" 2019 720613 51.6439316666667
"453" 2019 738238 50.4462633333333
"454" 2019 726909 47.249085
"455" 2019 746345 52.24415
"456" 2019 741530 56.8506333333333
"457" 2019 726923 60.5769166666667
"458" 2019 735760 74.8022666666667
"459" 2019 751622 96.4581566666667
"460" 2019 752351 124.137915
"461" 2019 766517 148.193286666667
"462" 2019 787745 192.997525
"463" 2019 835762 242.37098
"464" 2019 861102 255.46026
"465" 2019 891659 266.011601666667
"466" 2019 934518 275.68281
"467" 2019 929523 271.110875
"468" 2019 916924 282.718233333333
"469" 2019 934648 303.7606
"470" 2019 967092 307.85762
"471" 2019 985364 320.2433
"472" 2019 1021919 357.67165
"473" 2019 1116459 416.81136
"474" 2019 1102501 444.675403333333
"475" 2019 1127589 505.535735
"476" 2019 1103635 527.905408333333
"477" 2019 1083657 561.695545
"478" 2019 1050793 584.941436666667
"479" 2019 1043355 608.62375
"480" 2019 1045184 665.433813333333
"481" 2019 1065675 753.077
"482" 2019 1056516 817.03904
"483" 2019 1060769 891.04596
"484" 2019 1009272 906.66268
"485" 2019 995070 983.46085
"486" 2019 985641 1061.20681
"487" 2019 966513 1121.15508
"488" 2019 941433 1205.03424
"489" 2019 953081 1356.55195666667
"490" 2019 959668 1525.87212
"491" 2019 1038269 1829.08388833333
"492" 2019 1140019 2236.33727166667
"493" 2019 1180738 2579.91253
"494" 2019 1265825 3059.07708333333
"495" 2019 1323697 3569.56957666667
"496" 2019 1356220 4086.74293333333
"497" 2019 1389766 4671.93003666667
"498" 2019 1391794 5240.10441
"499" 2019 1414471 5943.13565166667
"500" 2019 1399366 6567.69109333333
"501" 2019 1351589 7073.31576666667
"502" 2019 1327937 7637.85097833333
"503" 2019 1279695 8115.399125
"504" 2019 1239631 8708.407775
"505" 2019 1166642 9055.08632333333
"506" 2019 1135091 9693.67714
"507" 2019 1098993 10264.59462
"508" 2019 1059645 10815.4433
"509" 2019 1033543 11420.65015
"510" 2019 994300 11919.9998333333
"511" 2019 986573 12823.8047116667
"512" 2019 960173 13472.8274783333
"513" 2019 953314 14511.0279366667
"514" 2019 914137 15115.255295
"515" 2019 827191 14839.80654
"516" 2019 770080 14994.7410666667
"517" 2019 662844 14093.16818
"518" 2019 575993 13374.55746
"519" 2019 760437 19209.906015
"520" 2019 761531 20834.2189416667
"521" 2019 726066 21682.75098
"522" 2019 865057 28574.2744716667
"523" 2019 887604 32845.78602
"524" 2019 849126 35407.13899
"525" 2019 761230 35909.7565333333
"526" 2019 679410 36710.787
"527" 2019 622557 38323.571325
"528" 2019 563565 39498.3923
"529" 2019 484835 38749.6293166667
"530" 2019 357898 32617.6307266667
"531" 2019 323304 33509.38192
"532" 2019 295105 34743.2034916667
"533" 2019 272828 36272.0278866667
"534" 2019 232367.92 34667.3572646667
"535" 2019 194688.8 32419.2544946667
"536" 2019 152894.97 28447.6381182
"537" 2019 123295.84 25478.0578706667
"538" 2019 97243.69 21954.8699641167
"539" 2019 70072.81 17380.7430043833
"540" 2019 51598.1 14080.0035311667
"541" 2019 38152.73 11348.5931263833
"542" 2019 27976.24 9023.82946613333
"543" 2019 18409.38 6404.623302
"544" 2019 9452.21 3527.53326463333
"545" 2019 3701.36 1473.69031506667
"546" 2019 2156.93 911.223837566667
"547" 2019 1367.28 609.647364
"548" 2019 1044.06 488.8167113
"549" 2019 748.27 366.053684
"550" 2019 381.67 194.18797095
"551" 2019 176.43 92.9544979
"552" 2019 83.32 45.2766434666667
"553" 2019 38.29 21.3817741666667
"554" 2019 17.59 13.7689243
"555" 2019 10.19 10.19
"556" 2020 774870 2477.0011
"557" 2020 794132 154.85574
"558" 2020 802415 97.6271583333333
"559" 2020 807816 84.82068
"560" 2020 782143 75.6071566666667
"561" 2020 771479 68.1473116666667
"562" 2020 743954 59.51632
"563" 2020 741969 53.174445
"564" 2020 725807 49.5968116666667
"565" 2020 743761 48.344465
"566" 2020 732376 51.26632
"567" 2020 751663 57.6274966666667
"568" 2020 746670 62.2225
"569" 2020 731698 74.3892966666667
"570" 2020 740506 95.0316033333333
"571" 2020 756823 124.875795
"572" 2020 757882 146.523853333333
"573" 2020 771938 189.12481
"574" 2020 798514 231.56906
"575" 2020 854086 253.378846666667
"576" 2020 878869 262.195918333333
"577" 2020 905902 267.24109
"578" 2020 947646 276.39675
"579" 2020 944591 291.248891666667
"580" 2020 931423 302.712475
"581" 2020 947032 301.471853333333
"582" 2020 978142 317.89615
"583" 2020 995515 348.43025
"584" 2020 1030314 384.65056
"585" 2020 1123468 453.132093333333
"586" 2020 1109227 497.303438333333
"587" 2020 1133582 542.230056666667
"588" 2020 1109010 574.83685
"589" 2020 1088700 606.043
"590" 2020 1055201 615.533916666667
"591" 2020 1048086 667.28142
"592" 2020 1048762 741.125146666667
"593" 2020 1069168 826.823253333333
"594" 2020 1059479 889.96236
"595" 2020 1063715 955.570641666667
"596" 2020 1011818 1000.01345666667
"597" 2020 997428 1073.89748
"598" 2020 987623 1145.64268
"599" 2020 968885 1240.1728
"600" 2020 943272 1342.59048
"601" 2020 954462 1517.59458
"602" 2020 960829 1692.66042166667
"603" 2020 1038797 2037.77344833333
"604" 2020 1139590 2490.00415
"605" 2020 1179680 2850.89333333333
"606" 2020 1263945 3408.43835
"607" 2020 1320960 3980.4928
"608" 2020 1352770 4547.56181666667
"609" 2020 1385608 5216.81412
"610" 2020 1386952 5827.50998666667
"611" 2020 1408832 6612.11818666667
"612" 2020 1392942 7289.7298
"613" 2020 1344388 7732.47164666667
"614" 2020 1319852 8370.06143333333
"615" 2020 1271291 8930.819275
"616" 2020 1230109 9547.69602166667
"617" 2020 1157125 9881.8475
"618" 2020 1124758 10505.23972
"619" 2020 1087957 11104.4144466667
"620" 2020 1047822 11578.4331
"621" 2020 1021046 12240.6397966667
"622" 2020 981186 12753.78269
"623" 2020 972595 13647.1288416667
"624" 2020 946118 14401.4928233333
"625" 2020 938087 15511.268545
"626" 2020 898100 16111.914
"627" 2020 811462 15800.5175766667
"628" 2020 754507 16042.0763316667
"629" 2020 648189 15050.94858
"630" 2020 561837 14192.939015
"631" 2020 740528 20259.6118666667
"632" 2020 740375 22110.0654166667
"633" 2020 704285 23263.7073583333
"634" 2020 836403 30951.093015
"635" 2020 854829 35644.944585
"636" 2020 814346 38415.4153066667
"637" 2020 726011 39228.7943666667
"638" 2020 643708 39625.5916333333
"639" 2020 585337 41024.3192066667
"640" 2020 524879 41950.0792766667
"641" 2020 447140 40750.8491333333
"642" 2020 325904 33778.8632533333
"643" 2020 290120 34156.3111333333
"644" 2020 261406 34753.4920233333
"645" 2020 237315 35405.420375
"646" 2020 198540.92 33060.7030968667
"647" 2020 163195.8 30364.210548
"648" 2020 124992.97 25828.7556424167
"649" 2020 98483.84 22234.8606965333
"650" 2020 75933.69 18834.46591145
"651" 2020 53297.81 14543.8175631167
"652" 2020 38017.1 11308.2497568333
"653" 2020 27451.73 8854.64701726667
"654" 2020 19383.24 6743.429196
"655" 2020 12489.38 4660.99498473333
"656" 2020 6152.21 2449.49215781667
"657" 2020 2304.36 973.5076068
"658" 2020 1323.93 590.3183215
"659" 2020 813.28 380.768207733333
"660" 2020 571.06 279.362552
"661" 2020 405.27 206.19529695
"662" 2020 191.94 101.1261482
"663" 2020 90.64 49.2543802666667
"664" 2020 41.09 22.9453408333333
"665" 2020 17.47 13.6749919
"666" 2020 10.34 10.34
"667" 2021 769380 2459.4514
"668" 2021 783593 152.800635
"669" 2021 798366 97.13453
"670" 2021 806198 84.65079
"671" 2021 811601 78.4547633333333
"672" 2021 785754 69.40827
"673" 2021 774587 61.96696
"674" 2021 747447 53.567035
"675" 2021 745883 50.9686716666667
"676" 2021 729897 47.443305
"677" 2021 747757 52.34299
"678" 2021 736417 56.4586366666667
"679" 2021 755570 62.9641666666667
"680" 2021 750180 76.2683
"681" 2021 735170 94.3468166666667
"682" 2021 744218 122.79597
"683" 2021 760578 147.04508
"684" 2021 761348 186.53026
"685" 2021 779039 225.92131
"686" 2021 811591 240.771996666667
"687" 2021 865943 258.339661666667
"688" 2021 885430 261.20185
"689" 2021 910983 265.703375
"690" 2021 955511 294.615891666667
"691" 2021 952624 309.6028
"692" 2021 939020 298.921366666667
"693" 2021 953617 309.925525
"694" 2021 984464 344.5624
"695" 2021 1000769 373.620426666667
"696" 2021 1035069 417.47783
"697" 2021 1127628 505.55322
"698" 2021 1112935 532.353908333333
"699" 2021 1136859 589.271915
"700" 2021 1112354 619.210393333333
"701" 2021 1091312 636.598666666667
"702" 2021 1058097 673.65509
"703" 2021 1050221 742.156173333333
"704" 2021 1050675 812.522
"705" 2021 1070818 899.48712
"706" 2021 1061065 953.190058333333
"707" 2021 1065188 1052.76080666667
"708" 2021 1013187 1090.86467
"709" 2021 998596 1158.37136
"710" 2021 988332 1265.06496
"711" 2021 969585 1380.04265
"712" 2021 944048 1501.03632
"713" 2021 954793 1682.02700166667
"714" 2021 960699 1884.571205
"715" 2021 1038215 2268.499775
"716" 2021 1138105 2750.42041666667
"717" 2021 1177845 3176.25535
"718" 2021 1261618 3801.67557333333
"719" 2021 1318051 4430.84811166667
"720" 2021 1348886 5078.55579
"721" 2021 1380824 5801.76217333333
"722" 2021 1381357 6483.16885333333
"723" 2021 1402572 7340.1268
"724" 2021 1385607 7969.549595
"725" 2021 1336643 8476.54435833333
"726" 2021 1311139 9210.751475
"727" 2021 1261935 9794.718825
"728" 2021 1220021 10418.97934
"729" 2021 1146667 10709.86978
"730" 2021 1113442 11364.5313466667
"731" 2021 1076072 11890.5956
"732" 2021 1035309 12411.629395
"733" 2021 1007452 13095.1969133333
"734" 2021 967555 13576.4092416667
"735" 2021 958288 14586.7405066667
"736" 2021 930500 15385.8175
"737" 2021 921770 16536.5538
"738" 2021 881247 17159.347835
"739" 2021 795008 16903.1950933333
"740" 2021 737688 17129.11536
"741" 2021 632357 15974.3917483333
"742" 2021 546752 14958.2234666667
"743" 2021 718997 21471.6470766667
"744" 2021 717058 23685.6208366667
"745" 2021 680345 25176.166725
"746" 2021 804876 33561.98774
"747" 2021 818459 38609.4392266667
"748" 2021 775452 41900.2564
"749" 2021 687458 42318.7687166667
"750" 2021 604464 42364.86688
"751" 2021 544669 43531.7620433333
"752" 2021 482570 43979.8212333333
"753" 2021 406395 42121.4871
"754" 2021 291450 34312.89425
"755" 2021 255545 33974.2818416667
"756" 2021 226281 33759.239525
"757" 2021 201371 33531.9633016667
"758" 2021 165133.92 30724.8171552
"759" 2021 132385.8 27356.422355
"760" 2021 98879.97 22324.29562685
"761" 2021 75874.84 18819.8688555333
"762" 2021 57072.69 15573.90052605
"763" 2021 38997.81 11599.96358085
"764" 2021 27017.1 8714.455662
"765" 2021 18924.73 6583.913567
"766" 2021 12959.24 4836.34517053333
"767" 2021 8042.38 3202.06019303333
"768" 2021 3768.21 1591.9305573
"769" 2021 1385.36 617.708934666667
"770" 2021 744.93 348.76753515
"771" 2021 451.28 220.766176
"772" 2021 309.06 157.2450921
"773" 2021 199.79 105.262025366667
"774" 2021 96.67 52.5311224666667
"775" 2021 45.22 25.2516016666667
"776" 2021 19.91 15.5849507
"777" 2021 11.15 11.15
