"year" "population" "expected"
"1" 2015 57670 99.1924
"2" 2015 58804 6.76246
"3" 2015 60419 6.343995
"4" 2015 60983 4.26881
"5" 2015 62260 4.3582
"6" 2015 61875 3.09375
"7" 2015 61272 2.14452
"8" 2015 60621 2.42484
"9" 2015 60891 3.349005
"10" 2015 59514 3.86841
"11" 2015 59692 6.56612
"12" 2015 58560 7.6128
"13" 2015 57497 6.612155
"14" 2015 57921 5.502495
"15" 2015 58629 6.44919
"16" 2015 59307 10.67526
"17" 2015 58659 11.438505
"18" 2015 60918 14.92491
"19" 2015 62655 24.43545
"20" 2015 65043 30.244995
"21" 2015 67100 31.8725
"22" 2015 66958 36.15732
"23" 2015 69451 33.683735
"24" 2015 68819 32.689025
"25" 2015 69758 38.01811
"26" 2015 68373 37.263285
"27" 2015 68998 33.80902
"28" 2015 65946 30.99462
"29" 2015 67013 39.202605
"30" 2015 69235 45.348925
"31" 2015 71482 48.25035
"32" 2015 73130 47.16885
"33" 2015 72412 46.70574
"34" 2015 69462 50.01264
"35" 2015 68901 47.54169
"36" 2015 68481 48.279105
"37" 2015 68702 56.33564
"38" 2015 69352 60.683
"39" 2015 69641 63.721515
"40" 2015 68253 68.253
"41" 2015 65153 67.433355
"42" 2015 59381 63.834575
"43" 2015 61375 70.58125
"44" 2015 63362 86.80594
"45" 2015 65408 118.38848
"46" 2015 66773 133.212135
"47" 2015 71449 135.7531
"48" 2015 73309 149.183815
"49" 2015 73789 169.345755
"50" 2015 73997 189.062335
"51" 2015 75413 216.058245
"52" 2015 76087 247.28275
"53" 2015 75156 246.51168
"54" 2015 74706 249.51804
"55" 2015 74223 286.50078
"56" 2015 73784 341.98884
"57" 2015 71329 373.76396
"58" 2015 74333 390.24825
"59" 2015 76138 425.23073
"60" 2015 75313 465.43434
"61" 2015 75229 524.34613
"62" 2015 74106 565.79931
"63" 2015 76436 643.59112
"64" 2015 73498 696.02606
"65" 2015 75961 783.537715
"66" 2015 77868 863.16678
"67" 2015 78810 922.8651
"68" 2015 77925 987.30975
"69" 2015 75358 1042.20114
"70" 2015 66653 1022.45702
"71" 2015 52905 863.4096
"72" 2015 49926 859.22646
"73" 2015 39539 759.741885
"74" 2015 56795 1206.89375
"75" 2015 39708 933.73362
"76" 2015 45259 1196.64796
"77" 2015 42862 1248.57006
"78" 2015 39244 1288.96918
"79" 2015 36089 1355.683285
"80" 2015 34970 1452.12925
"81" 2015 31938 1446.31233
"82" 2015 28873 1482.195455
"83" 2015 28790 1724.521
"84" 2015 27596 1876.94194
"85" 2015 26271 2046.379545
"86" 2015 23524 2159.03272
"87" 2015 21068 2154.62436
"88" 2015 17765 1973.51385
"89" 2015 15349 1936.813565
"90" 2015 13419 1938.10617
"91" 2015 10671 1712.215305
"92" 2015 8897 1550.435705
"93" 2015 6743 1331.034485
"94" 2015 5313 1159.08408
"95" 2015 3910 932.0267
"96" 2015 2276 605.63222
"97" 2015 1866 542.26893
"98" 2015 1239 391.158495
"99" 2015 814 277.66761
"100" 2015 527 193.163945
"101" 2015 322 126.11452
"102" 2015 204 84.9048
"103" 2015 117 51.467715
"104" 2015 48 22.20048
"105" 2015 24 11.61264
"106" 2015 16 8.06096
"107" 2015 8 4.17812
"108" 2015 1 0.53919
"109" 2015 1 0.554585
"110" 2015 0 0
"111" 2015 1 1
"112" 2016 55560 95.5632
"113" 2016 58008 6.67092
"114" 2016 59050 6.20025
"115" 2016 60615 4.24305
"116" 2016 61145 4.28015
"117" 2016 62436 3.1218
"118" 2016 62095 2.173325
"119" 2016 61437 2.45748
"120" 2016 60772 3.34246
"121" 2016 60978 3.96357
"122" 2016 59678 6.56458
"123" 2016 59845 7.77985
"124" 2016 58703 6.750845
"125" 2016 57656 5.47732
"126" 2016 58045 6.38495
"127" 2016 58777 10.57986
"128" 2016 59444 11.59158
"129" 2016 58816 14.40992
"130" 2016 61306 23.90934
"131" 2016 62828 29.21502
"132" 2016 65197 30.968575
"133" 2016 67329 36.35766
"134" 2016 67315 32.647775
"135" 2016 69996 33.2481
"136" 2016 69379 37.811555
"137" 2016 70355 38.343475
"138" 2016 68937 33.77913
"139" 2016 69477 32.65419
"140" 2016 66322 38.79837
"141" 2016 67437 44.171235
"142" 2016 69575 46.963125
"143" 2016 71730 46.26585
"144" 2016 73330 47.29785
"145" 2016 72673 52.32456
"146" 2016 69624 48.04056
"147" 2016 69112 48.72396
"148" 2016 68591 56.24462
"149" 2016 68835 60.230625
"150" 2016 69454 63.55041
"151" 2016 69824 69.824
"152" 2016 68370 70.76295
"153" 2016 65230 70.12225
"154" 2016 59454 68.3721
"155" 2016 61463 84.20431
"156" 2016 63362 114.68522
"157" 2016 65398 130.46901
"158" 2016 66708 126.7452
"159" 2016 71400 145.299
"160" 2016 73195 167.982525
"161" 2016 73668 188.22174
"162" 2016 73874 211.64901
"163" 2016 75258 244.5885
"164" 2016 75911 248.98808
"165" 2016 74940 250.2996
"166" 2016 74518 287.63948
"167" 2016 73985 342.920475
"168" 2016 73461 384.93564
"169" 2016 71006 372.7815
"170" 2016 73945 412.982825
"171" 2016 75713 467.90634
"172" 2016 74867 521.82299
"173" 2016 74719 570.479565
"174" 2016 73535 619.1647
"175" 2016 75774 717.57978
"176" 2016 72765 750.570975
"177" 2016 75174 833.30379
"178" 2016 76975 901.37725
"179" 2016 77913 987.15771
"180" 2016 76912 1063.69296
"181" 2016 74289 1139.59326
"182" 2016 65680 1071.8976
"183" 2016 52042 895.64282
"184" 2016 49052 942.53418
"185" 2016 38787 824.22375
"186" 2016 55604 1307.52806
"187" 2016 38771 1025.10524
"188" 2016 44103 1284.72039
"189" 2016 41592 1366.08924
"190" 2016 37987 1426.981655
"191" 2016 34741 1442.620025
"192" 2016 33547 1519.175895
"193" 2016 30519 1566.692865
"194" 2016 27376 1639.8224
"195" 2016 27078 1841.71017
"196" 2016 25715 2003.069925
"197" 2016 24237 2224.47186
"198" 2016 21381 2186.63487
"199" 2016 18909 2100.60081
"200" 2016 15770 1989.93745
"201" 2016 13409 1936.66187
"202" 2016 11494 1844.26977
"203" 2016 8989 1566.468085
"204" 2016 7365 1453.814175
"205" 2016 5401 1178.28216
"206" 2016 4136 985.89832
"207" 2016 2925 778.327875
"208" 2016 1684 489.37882
"209" 2016 1345 424.623225
"210" 2016 863 294.382245
"211" 2016 545 199.761575
"212" 2016 332 130.03112
"213" 2016 185 76.997
"214" 2016 120 52.7874
"215" 2016 68 31.45068
"216" 2016 28 13.54808
"217" 2016 11 5.54191
"218" 2016 6 3.13359
"219" 2016 5 2.69595
"220" 2016 0 0
"221" 2016 1 0.78095
"222" 2016 0 0
"223" 2017 53155 91.4266
"224" 2017 55856 6.42344
"225" 2017 58331 6.124755
"226" 2017 59315 4.15205
"227" 2017 60880 4.2616
"228" 2017 61373 3.06865
"229" 2017 62645 2.192575
"230" 2017 62280 2.4912
"231" 2017 61616 3.38888
"232" 2017 60983 3.963895
"233" 2017 61176 6.72936
"234" 2017 59882 7.78466
"235" 2017 59999 6.899885
"236" 2017 58865 5.592175
"237" 2017 57822 6.36042
"238" 2017 58325 10.4985
"239" 2017 59168 11.53776
"240" 2017 60234 14.75733
"241" 2017 59423 23.17497
"242" 2017 61514 28.60401
"243" 2017 63075 29.960625
"244" 2017 65484 35.36136
"245" 2017 67783 32.874755
"246" 2017 67980 32.2905
"247" 2017 70718 38.54131
"248" 2017 70095 38.201775
"249" 2017 71057 34.81793
"250" 2017 69658 32.73926
"251" 2017 70100 41.0085
"252" 2017 66929 43.838495
"253" 2017 67901 45.833175
"254" 2017 70023 45.164835
"255" 2017 72118 46.51611
"256" 2017 73581 52.97832
"257" 2017 72940 50.3286
"258" 2017 69884 49.26822
"259" 2017 69363 56.87766
"260" 2017 68789 60.190375
"261" 2017 68942 63.08193
"262" 2017 69626 69.626
"263" 2017 69963 72.411705
"264" 2017 68459 73.593425
"265" 2017 65306 75.1019
"266" 2017 59516 81.53692
"267" 2017 61502 111.31862
"268" 2017 63347 126.377265
"269" 2017 65334 124.1346
"270" 2017 66652 135.63682
"271" 2017 71385 163.828575
"272" 2017 73100 186.7705
"273" 2017 73504 210.58896
"274" 2017 73703 239.53475
"275" 2017 75078 246.25584
"276" 2017 75703 252.84802
"277" 2017 74747 288.52342
"278" 2017 74263 344.209005
"279" 2017 73717 386.27708
"280" 2017 73192 384.258
"281" 2017 70705 394.887425
"282" 2017 73547 454.52046
"283" 2017 75236 524.39492
"284" 2017 74367 567.792045
"285" 2017 74143 624.28406
"286" 2017 72935 690.69445
"287" 2017 75030 773.93445
"288" 2017 72007 798.197595
"289" 2017 74298 870.02958
"290" 2017 76083 963.97161
"291" 2017 76947 1064.17701
"292" 2017 75884 1164.06056
"293" 2017 73221 1194.96672
"294" 2017 64609 1111.92089
"295" 2017 51109 982.059435
"296" 2017 48055 1021.16875
"297" 2017 37921 891.712315
"298" 2017 54296 1435.58624
"299" 2017 37746 1099.54098
"300" 2017 42885 1408.557825
"301" 2017 40242 1511.69073
"302" 2017 36573 1518.693825
"303" 2017 33335 1509.575475
"304" 2017 31961 1640.717935
"305" 2017 29001 1737.1599
"306" 2017 25740 1750.7061
"307" 2017 25185 1961.785575
"308" 2017 23755 2180.2339
"309" 2017 22155 2265.79185
"310" 2017 19195 2132.37255
"311" 2017 16727 2110.696495
"312" 2017 13652 1971.75836
"313" 2017 11442 1835.92611
"314" 2017 9687 1688.105055
"315" 2017 7446 1469.80317
"316" 2017 5895 1286.0532
"317" 2017 4235 1009.49695
"318" 2017 3084 820.63698
"319" 2017 2158 627.12559
"320" 2017 1157 365.270685
"321" 2017 907 309.391305
"322" 2017 570 208.92495
"323" 2017 361 141.38926
"324" 2017 209 86.9858
"325" 2017 104 45.74908
"326" 2017 70 32.3757
"327" 2017 42 20.32212
"328" 2017 14 7.05334
"329" 2017 5 2.611325
"330" 2017 2 1.07838
"331" 2017 3 1.663755
"332" 2017 0 0
"333" 2017 1 1
"334" 2018 50588 87.01136
"335" 2018 53542 6.15733
"336" 2018 56167 5.897535
"337" 2018 58598 4.10186
"338" 2018 59615 4.17305
"339" 2018 61137 3.05685
"340" 2018 61644 2.15754
"341" 2018 62914 2.51656
"342" 2018 62525 3.438875
"343" 2018 61844 4.01986
"344" 2018 61192 6.73112
"345" 2018 61417 7.98421
"346" 2018 60058 6.90667
"347" 2018 60180 5.7171
"348" 2018 59003 6.49033
"349" 2018 57980 10.4364
"350" 2018 58504 11.40828
"351" 2018 59353 14.541485
"352" 2018 60635 23.64765
"353" 2018 59583 27.706095
"354" 2018 61663 29.289925
"355" 2018 63354 34.21116
"356" 2018 65939 31.980415
"357" 2018 68253 32.420175
"358" 2018 68543 37.355935
"359" 2018 71222 38.81599
"360" 2018 70675 34.63075
"361" 2018 71691 33.69477
"362" 2018 70202 41.06817
"363" 2018 70535 46.200425
"364" 2018 67315 45.437625
"365" 2018 68282 44.04189
"366" 2018 70431 45.427995
"367" 2018 72402 52.12944
"368" 2018 73839 50.94891
"369" 2018 73065 51.510825
"370" 2018 70040 57.4328
"371" 2018 69501 60.813375
"372" 2018 68857 63.004155
"373" 2018 69035 69.035
"374" 2018 69661 72.099135
"375" 2018 69965 75.212375
"376" 2018 68429 78.69335
"377" 2018 65261 89.40757
"378" 2018 59498 107.69138
"379" 2018 61433 122.558835
"380" 2018 63308 120.2852
"381" 2018 65305 132.895675
"382" 2018 66580 152.8011
"383" 2018 71263 182.076965
"384" 2018 72886 208.81839
"385" 2018 73253 238.07225
"386" 2018 73454 240.92912
"387" 2018 74757 249.68838
"388" 2018 75406 291.06716
"389" 2018 74448 345.06648
"390" 2018 73940 387.4456
"391" 2018 73343 385.05075
"392" 2018 72808 406.63268
"393" 2018 70259 434.20062
"394" 2018 73065 509.26305
"395" 2018 74666 570.07491
"396" 2018 73766 621.10972
"397" 2018 73522 696.25334
"398" 2018 72213 744.877095
"399" 2018 74283 823.427055
"400" 2018 71273 834.60683
"401" 2018 73404 930.02868
"402" 2018 75153 1039.36599
"403" 2018 75888 1164.12192
"404" 2018 74819 1221.04608
"405" 2018 72028 1239.60188
"406" 2018 63500 1220.1525
"407" 2018 50120 1065.05
"408" 2018 47050 1106.38075
"409" 2018 37069 980.10436
"410" 2018 52957 1542.63741
"411" 2018 36694 1205.21443
"412" 2018 41541 1560.487665
"413" 2018 38802 1611.25305
"414" 2018 35073 1588.280805
"415" 2018 31788 1631.83698
"416" 2018 30336 1817.1264
"417" 2018 27318 1858.03377
"418" 2018 24057 1873.920015
"419" 2018 23317 2140.03426
"420" 2018 21746 2223.96342
"421" 2018 20018 2223.79962
"422" 2018 17068 2153.72558
"423" 2018 14643 2114.88849
"424" 2018 11724 1881.17442
"425" 2018 9619 1676.255035
"426" 2018 7983 1575.804285
"427" 2018 6064 1322.92224
"428" 2018 4605 1097.69385
"429" 2018 3288 874.92036
"430" 2018 2246 652.69883
"431" 2018 1569 495.341145
"432" 2018 797 271.868655
"433" 2018 603 221.020605
"434" 2018 365 142.9559
"435" 2018 221 91.9802
"436" 2018 128 56.30656
"437" 2018 64 29.60064
"438" 2018 35 16.9351
"439" 2018 23 11.58763
"440" 2018 7 3.655855
"441" 2018 2 1.07838
"442" 2018 2 1.10917
"443" 2018 2 1.5619
"444" 2018 0 0
"445" 2019 47663 81.98036
"446" 2019 50934 5.85741
"447" 2019 53817 5.650785
"448" 2019 56444 3.95108
"449" 2019 58828 4.11796
"450" 2019 59868 2.9934
"451" 2019 61378 2.14823
"452" 2019 61893 2.47572
"453" 2019 63132 3.47226
"454" 2019 62739 4.078035
"455" 2019 62026 6.82286
"456" 2019 61379 7.97927
"457" 2019 61590 7.08285
"458" 2019 60193 5.718335
"459" 2019 60350 6.6385
"460" 2019 59122 10.64196
"461" 2019 58107 11.330865
"462" 2019 58628 14.36386
"463" 2019 59600 23.244
"464" 2019 60710 28.23015
"465" 2019 59640 28.329
"466" 2019 61894 33.42276
"467" 2019 63720 30.9042
"468" 2019 66388 31.5343
"469" 2019 68734 37.46003
"470" 2019 69063 37.639335
"471" 2019 71766 35.16534
"472" 2019 71153 33.44191
"473" 2019 72182 42.22647
"474" 2019 70708 46.31374
"475" 2019 70898 47.85615
"476" 2019 67638 43.62651
"477" 2019 68548 44.21346
"478" 2019 70664 50.87808
"479" 2019 72648 50.12712
"480" 2019 73972 52.15026
"481" 2019 73161 59.99202
"482" 2019 70145 61.376875
"483" 2019 69593 63.677595
"484" 2019 68880 68.88
"485" 2019 69052 71.46882
"486" 2019 69678 74.90385
"487" 2019 69956 80.4494
"488" 2019 68421 93.73677
"489" 2019 65258 118.11698
"490" 2019 59442 118.58679
"491" 2019 61378 116.6182
"492" 2019 63178 128.56723
"493" 2019 65147 149.512365
"494" 2019 66433 169.736315
"495" 2019 71078 203.63847
"496" 2019 72753 236.44725
"497" 2019 73031 239.54168
"498" 2019 73207 244.51138
"499" 2019 74480 287.4928
"500" 2019 75114 348.15339
"501" 2019 74138 388.48312
"502" 2019 73574 386.2635
"503" 2019 72991 407.654735
"504" 2019 72416 447.53088
"505" 2019 69831 486.72207
"506" 2019 72549 553.911615
"507" 2019 74158 624.41036
"508" 2019 73129 692.53163
"509" 2019 72894 751.90161
"510" 2019 71459 792.123015
"511" 2019 73497 860.64987
"512" 2019 70572 894.14724
"513" 2019 72530 1003.0899
"514" 2019 74150 1137.461
"515" 2019 74793 1220.62176
"516" 2019 73683 1268.08443
"517" 2019 70796 1360.34514
"518" 2019 62308 1324.045
"519" 2019 49080 1154.1162
"520" 2019 45971 1215.47324
"521" 2019 36179 1053.89427
"522" 2019 51476 1690.72922
"523" 2019 35499 1333.519935
"524" 2019 40134 1666.56435
"525" 2019 37256 1687.13796
"526" 2019 33476 1718.49046
"527" 2019 30151 1806.0449
"528" 2019 28614 1946.18121
"529" 2019 25592 1993.48884
"530" 2019 22219 2039.25982
"531" 2019 21307 2179.06689
"532" 2019 19594 2176.69746
"533" 2019 17843 2251.518955
"534" 2019 15088 2179.15984
"535" 2019 12608 2023.01664
"536" 2019 9918 1728.36027
"537" 2019 7943 1567.908485
"538" 2019 6427 1402.11432
"539" 2019 4737 1129.15869
"540" 2019 3487 927.873265
"541" 2019 2361 686.118405
"542" 2019 1569 495.341145
"543" 2019 1078 367.72197
"544" 2019 533 195.363155
"545" 2019 389 152.35574
"546" 2019 214 89.0668
"547" 2019 137 60.265615
"548" 2019 74 34.22574
"549" 2019 37 17.90282
"550" 2019 19 9.57239
"551" 2019 12 6.26718
"552" 2019 6 3.23514
"553" 2019 1 0.554585
"554" 2019 1 0.78095
"555" 2019 0 0
"556" 2020 45746 78.68312
"557" 2020 48090 5.53035
"558" 2020 51271 5.383455
"559" 2020 54114 3.78798
"560" 2020 56703 3.96921
"561" 2020 59068 2.9534
"562" 2020 60087 2.103045
"563" 2020 61642 2.46568
"564" 2020 62121 3.416655
"565" 2020 63369 4.118985
"566" 2020 62943 6.92373
"567" 2020 62215 8.08795
"568" 2020 61565 7.079975
"569" 2020 61770 5.86815
"570" 2020 60332 6.63652
"571" 2020 60472 10.88496
"572" 2020 59310 11.56545
"573" 2020 58239 14.268555
"574" 2020 58939 22.98621
"575" 2020 59711 27.765615
"576" 2020 60796 28.8781
"577" 2020 59796 32.28984
"578" 2020 62211 30.172335
"579" 2020 64230 30.50925
"580" 2020 66911 36.466495
"581" 2020 69316 37.77722
"582" 2020 69568 34.08832
"583" 2020 72329 33.99463
"584" 2020 71682 41.93397
"585" 2020 72790 47.67745
"586" 2020 71313 48.136275
"587" 2020 71434 46.07493
"588" 2020 68069 43.904505
"589" 2020 68967 49.65624
"590" 2020 70985 48.97965
"591" 2020 72961 51.437505
"592" 2020 74223 60.86286
"593" 2020 73437 64.257375
"594" 2020 70361 64.380315
"595" 2020 69800 69.8
"596" 2020 69056 71.47296
"597" 2020 69134 74.31905
"598" 2020 69773 80.23895
"599" 2020 69996 95.89452
"600" 2020 68516 124.01396
"601" 2020 65276 130.22562
"602" 2020 59488 113.0272
"603" 2020 61407 124.963245
"604" 2020 63138 144.90171
"605" 2020 65064 166.23852
"606" 2020 66339 190.061235
"607" 2020 70970 230.6525
"608" 2020 72571 238.03288
"609" 2020 72862 243.35908
"610" 2020 73052 281.98072
"611" 2020 74260 344.1951
"612" 2020 74821 392.06204
"613" 2020 73880 387.87
"614" 2020 73260 409.1571
"615" 2020 72650 448.977
"616" 2020 72007 501.88879
"617" 2020 69453 530.273655
"618" 2020 72098 607.06516
"619" 2020 73585 696.84995
"620" 2020 72476 747.58994
"621" 2020 72173 800.037705
"622" 2020 70726 828.20146
"623" 2020 72730 921.4891
"624" 2020 69771 964.93293
"625" 2020 71560 1097.7304
"626" 2020 73079 1192.64928
"627" 2020 73689 1268.18769
"628" 2020 72408 1391.31972
"629" 2020 69492 1476.705
"630" 2020 61063 1435.896445
"631" 2020 47990 1268.8556
"632" 2020 44814 1305.43182
"633" 2020 35182 1155.55279
"634" 2020 49918 1875.16967
"635" 2020 34273 1423.186325
"636" 2020 38583 1747.231155
"637" 2020 35637 1829.425395
"638" 2020 31858 1908.2942
"639" 2020 28475 1936.727125
"640" 2020 26843 2090.935485
"641" 2020 23816 2185.83248
"642" 2020 20450 2091.4215
"643" 2020 19346 2149.14714
"644" 2020 17515 2210.130275
"645" 2020 15739 2273.18377
"646" 2020 13054 2094.57957
"647" 2020 10692 1863.24138
"648" 2020 8208 1620.21816
"649" 2020 6394 1394.91504
"650" 2020 5083 1211.63471
"651" 2020 3633 966.723135
"652" 2020 2613 759.350865
"653" 2020 1703 537.645615
"654" 2020 1113 379.660995
"655" 2020 725 265.737875
"656" 2020 346 135.51436
"657" 2020 260 108.212
"658" 2020 131 57.626245
"659" 2020 87 40.23837
"660" 2020 44 21.28984
"661" 2020 19 9.57239
"662" 2020 7 3.655855
"663" 2020 9 4.85271
"664" 2020 4 2.21834
"665" 2020 0 0
"666" 2020 1 1
"667" 2021 46524 80.02128
"668" 2021 46120 5.3038
"669" 2021 48387 5.080635
"670" 2021 51555 3.60885
"671" 2021 54406 3.80842
"672" 2021 56983 2.84915
"673" 2021 59376 2.07816
"674" 2021 60335 2.4134
"675" 2021 61874 3.40307
"676" 2021 62382 4.05483
"677" 2021 63599 6.99589
"678" 2021 63170 8.2121
"679" 2021 62420 7.1783
"680" 2021 61773 5.868435
"681" 2021 61957 6.81527
"682" 2021 60495 10.8891
"683" 2021 60658 11.82831
"684" 2021 59512 14.58044
"685" 2021 58532 22.82748
"686" 2021 59035 27.451275
"687" 2021 59870 28.43825
"688" 2021 60955 32.9157
"689" 2021 60148 29.17178
"690" 2021 62734 29.79865
"691" 2021 64703 35.263135
"692" 2021 67442 36.75589
"693" 2021 69911 34.25639
"694" 2021 70199 32.99353
"695" 2021 73077 42.750045
"696" 2021 72361 47.396455
"697" 2021 73362 49.51935
"698" 2021 71860 46.3497
"699" 2021 71989 46.432905
"700" 2021 68479 49.30488
"701" 2021 69377 47.87013
"702" 2021 71361 50.309505
"703" 2021 73359 60.15438
"704" 2021 74548 65.2295
"705" 2021 73785 67.513275
"706" 2021 70641 70.641
"707" 2021 70010 72.46035
"708" 2021 69270 74.46525
"709" 2021 69281 79.67315
"710" 2021 69856 95.70272
"711" 2021 70114 126.90634
"712" 2021 68580 136.8171
"713" 2021 65326 124.1194
"714" 2021 59488 121.05808
"715" 2021 61412 140.94054
"716" 2021 63084 161.17962
"717" 2021 65013 186.262245
"718" 2021 66251 215.31575
"719" 2021 70831 232.32568
"720" 2021 72384 241.76256
"721" 2021 72667 280.49462
"722" 2021 72812 337.48362
"723" 2021 73963 387.56612
"724" 2021 74540 391.335
"725" 2021 73554 410.79909
"726" 2021 72914 450.60852
"727" 2021 72238 503.49886
"728" 2021 71547 546.261345
"729" 2021 69001 580.98842
"730" 2021 71541 677.49327
"731" 2021 72924 752.21106
"732" 2021 71821 796.135785
"733" 2021 71507 837.34697
"734" 2021 69947 886.22849
"735" 2021 71835 993.47805
"736" 2021 68865 1056.3891
"737" 2021 70584 1151.93088
"738" 2021 71944 1238.15624
"739" 2021 72502 1393.12593
"740" 2021 71071 1510.25875
"741" 2021 68027 1599.654905
"742" 2021 59702 1578.52088
"743" 2021 46773 1362.49749
"744" 2021 43553 1430.498285
"745" 2021 34142 1282.54423
"746" 2021 48256 2003.8304
"747" 2021 32930 1491.23505
"748" 2021 36928 1895.69888
"749" 2021 33805 2024.9195
"750" 2021 30078 2045.75517
"751" 2021 26718 2081.19861
"752" 2021 24842 2279.99876
"753" 2021 21914 2241.14478
"754" 2021 18592 2065.38528
"755" 2021 17304 2183.50524
"756" 2021 15451 2231.58793
"757" 2021 13676 2194.38258
"758" 2021 11109 1935.909885
"759" 2021 8920 1760.7634
"760" 2021 6690 1459.4904
"761" 2021 5017 1195.90229
"762" 2021 3909 1040.165355
"763" 2021 2667 775.043535
"764" 2021 1873 591.315465
"765" 2021 1182 403.19793
"766" 2021 752 275.63432
"767" 2021 471 184.47186
"768" 2021 229 95.3098
"769" 2021 163 71.702885
"770" 2021 86 39.77586
"771" 2021 42 20.32212
"772" 2021 26 13.09906
"773" 2021 9 4.700385
"774" 2021 5 2.69595
"775" 2021 5 2.772925
"776" 2021 1 0.78095
"777" 2021 0 0
