"year" "population" "expected"
"1" 2015 57670 119.3769
"2" 2015 58804 7.93854
"3" 2015 60419 6.64609
"4" 2015 60983 4.87864
"5" 2015 62260 4.6695
"6" 2015 61875 3.403125
"7" 2015 61272 1.5318
"8" 2015 60621 1.515525
"9" 2015 60891 2.43564
"10" 2015 59514 3.27327
"11" 2015 59692 4.77536
"12" 2015 58560 3.8064
"13" 2015 57497 3.737305
"14" 2015 57921 10.136175
"15" 2015 58629 14.07096
"16" 2015 59307 13.344075
"17" 2015 58659 16.717815
"18" 2015 60918 26.49933
"19" 2015 62655 32.893875
"20" 2015 65043 37.72494
"21" 2015 67100 47.3055
"22" 2015 66958 50.88808
"23" 2015 69451 43.75413
"24" 2015 68819 38.194545
"25" 2015 69758 42.90117
"26" 2015 68373 44.44245
"27" 2015 68998 43.81373
"28" 2015 65946 38.57841
"29" 2015 67013 40.542865
"30" 2015 69235 46.38745
"31" 2015 71482 47.89294
"32" 2015 73130 51.55665
"33" 2015 72412 49.96428
"34" 2015 69462 45.1503
"35" 2015 68901 49.264215
"36" 2015 68481 60.26328
"37" 2015 68702 64.92339
"38" 2015 69352 69.00524
"39" 2015 69641 70.685615
"40" 2015 68253 69.276795
"41" 2015 65153 72.97136
"42" 2015 59381 69.178865
"43" 2015 61375 73.03625
"44" 2015 63362 88.38999
"45" 2015 65408 95.49568
"46" 2015 66773 92.81447
"47" 2015 71449 108.959725
"48" 2015 73309 130.49002
"49" 2015 73789 159.753185
"50" 2015 73997 174.63292
"51" 2015 75413 180.23707
"52" 2015 76087 203.91316
"53" 2015 75156 231.48048
"54" 2015 74706 247.27686
"55" 2015 74223 263.862765
"56" 2015 73784 291.4468
"57" 2015 71329 305.28812
"58" 2015 74333 335.613495
"59" 2015 76138 395.53691
"60" 2015 75313 431.166925
"61" 2015 75229 459.273045
"62" 2015 74106 496.5102
"63" 2015 76436 560.65806
"64" 2015 73498 603.41858
"65" 2015 75961 716.31223
"66" 2015 77868 822.67542
"67" 2015 78810 861.3933
"68" 2015 77925 908.995125
"69" 2015 75358 986.43622
"70" 2015 66653 972.46727
"71" 2015 52905 848.06715
"72" 2015 49926 856.73016
"73" 2015 39539 741.553945
"74" 2015 56795 1142.14745
"75" 2015 39708 895.61394
"76" 2015 45259 1159.761875
"77" 2015 42862 1211.70874
"78" 2015 39244 1194.39114
"79" 2015 36089 1232.07846
"80" 2015 34970 1382.53895
"81" 2015 31938 1388.50455
"82" 2015 28873 1400.91796
"83" 2015 28790 1588.9201
"84" 2015 27596 1707.64048
"85" 2015 26271 1834.76664
"86" 2015 23524 1899.68062
"87" 2015 21068 1973.12354
"88" 2015 17765 1862.749075
"89" 2015 15349 1814.635525
"90" 2015 13419 1810.021815
"91" 2015 10671 1625.94027
"92" 2015 8897 1545.58684
"93" 2015 6743 1308.47915
"94" 2015 5313 1118.81154
"95" 2015 3910 899.00675
"96" 2015 2276 576.2832
"97" 2015 1866 517.18056
"98" 2015 1239 373.97976
"99" 2015 814 266.16986
"100" 2015 527 185.675275
"101" 2015 322 121.56949
"102" 2015 204 82.08042
"103" 2015 117 49.89816
"104" 2015 48 21.5844
"105" 2015 24 11.3214
"106" 2015 16 7.87936
"107" 2015 8 4.09408
"108" 2015 1 0.52956
"109" 2015 1 0.54583
"110" 2015 0 0
"111" 2015 1 1
"112" 2016 55560 115.0092
"113" 2016 58008 7.83108
"114" 2016 59050 6.4955
"115" 2016 60615 4.8492
"116" 2016 61145 4.585875
"117" 2016 62436 3.43398
"118" 2016 62095 1.552375
"119" 2016 61437 1.535925
"120" 2016 60772 2.43088
"121" 2016 60978 3.35379
"122" 2016 59678 4.77424
"123" 2016 59845 3.889925
"124" 2016 58703 3.815695
"125" 2016 57656 10.0898
"126" 2016 58045 13.9308
"127" 2016 58777 13.224825
"128" 2016 59444 16.94154
"129" 2016 58816 25.58496
"130" 2016 61306 32.18565
"131" 2016 62828 36.44024
"132" 2016 65197 45.963885
"133" 2016 67329 51.17004
"134" 2016 67315 42.40845
"135" 2016 69996 38.84778
"136" 2016 69379 42.668085
"137" 2016 70355 45.73075
"138" 2016 68937 43.774995
"139" 2016 69477 40.644045
"140" 2016 66322 40.12481
"141" 2016 67437 45.18279
"142" 2016 69575 46.61525
"143" 2016 71730 50.56965
"144" 2016 73330 50.5977
"145" 2016 72673 47.23745
"146" 2016 69624 49.78116
"147" 2016 69112 60.81856
"148" 2016 68591 64.818495
"149" 2016 68835 68.490825
"150" 2016 69454 70.49581
"151" 2016 69824 70.87136
"152" 2016 68370 76.5744
"153" 2016 65230 75.99295
"154" 2016 59454 70.75026
"155" 2016 61463 85.740885
"156" 2016 63362 92.50852
"157" 2016 65398 90.90322
"158" 2016 66708 101.7297
"159" 2016 71400 127.092
"160" 2016 73195 158.467175
"161" 2016 73668 173.85648
"162" 2016 73874 176.55886
"163" 2016 75258 201.69144
"164" 2016 75911 233.80588
"165" 2016 74940 248.0514
"166" 2016 74518 264.91149
"167" 2016 73985 292.24075
"168" 2016 73461 314.41308
"169" 2016 71006 320.59209
"170" 2016 73945 384.144275
"171" 2016 75713 433.456925
"172" 2016 74867 457.063035
"173" 2016 74719 500.6173
"174" 2016 73535 539.379225
"175" 2016 75774 622.10454
"176" 2016 72765 686.17395
"177" 2016 75174 794.21331
"178" 2016 76975 841.33675
"179" 2016 77913 908.855145
"180" 2016 76912 1006.77808
"181" 2016 74289 1083.87651
"182" 2016 65680 1052.8504
"183" 2016 52042 893.04072
"184" 2016 49052 919.97026
"185" 2016 38787 780.00657
"186" 2016 55604 1254.14822
"187" 2016 38771 993.506875
"188" 2016 44103 1246.79181
"189" 2016 41592 1265.85252
"190" 2016 37987 1296.87618
"191" 2016 34741 1373.485435
"192" 2016 33547 1458.455825
"193" 2016 30519 1480.78188
"194" 2016 27376 1510.88144
"195" 2016 27078 1675.58664
"196" 2016 25715 1795.9356
"197" 2016 24237 1957.258935
"198" 2016 21381 2002.437555
"199" 2016 18909 1982.703195
"200" 2016 15770 1864.40825
"201" 2016 13409 1808.672965
"202" 2016 11494 1751.34078
"203" 2016 8989 1561.56908
"204" 2016 7365 1429.17825
"205" 2016 5401 1137.34258
"206" 2016 4136 950.9698
"207" 2016 2925 740.61
"208" 2016 1684 466.73744
"209" 2016 1345 405.9748
"210" 2016 863 282.19237
"211" 2016 545 192.017125
"212" 2016 332 125.34494
"213" 2016 185 74.435675
"214" 2016 120 51.1776
"215" 2016 68 30.5779
"216" 2016 28 13.2083
"217" 2016 11 5.41706
"218" 2016 6 3.07056
"219" 2016 5 2.6478
"220" 2016 0 0
"221" 2016 1 0.77679
"222" 2016 0 0
"223" 2017 53155 110.03085
"224" 2017 55856 7.54056
"225" 2017 58331 6.41641
"226" 2017 59315 4.7452
"227" 2017 60880 4.566
"228" 2017 61373 3.375515
"229" 2017 62645 1.566125
"230" 2017 62280 1.557
"231" 2017 61616 2.46464
"232" 2017 60983 3.354065
"233" 2017 61176 4.89408
"234" 2017 59882 3.89233
"235" 2017 59999 3.899935
"236" 2017 58865 10.301375
"237" 2017 57822 13.87728
"238" 2017 58325 13.123125
"239" 2017 59168 16.86288
"240" 2017 60234 26.20179
"241" 2017 59423 31.197075
"242" 2017 61514 35.67812
"243" 2017 63075 44.467875
"244" 2017 65484 49.76784
"245" 2017 67783 42.70329
"246" 2017 67980 37.7289
"247" 2017 70718 43.49157
"248" 2017 70095 45.56175
"249" 2017 71057 45.121195
"250" 2017 69658 40.74993
"251" 2017 70100 42.4105
"252" 2017 66929 44.84243
"253" 2017 67901 45.49367
"254" 2017 70023 49.366215
"255" 2017 72118 49.76142
"256" 2017 73581 47.82765
"257" 2017 72940 52.1521
"258" 2017 69884 61.49792
"259" 2017 69363 65.548035
"260" 2017 68789 68.445055
"261" 2017 68942 69.97613
"262" 2017 69626 70.67039
"263" 2017 69963 78.35856
"264" 2017 68459 79.754735
"265" 2017 65306 77.71414
"266" 2017 59516 83.02482
"267" 2017 61502 89.79292
"268" 2017 63347 88.05233
"269" 2017 65334 99.63435
"270" 2017 66652 118.64056
"271" 2017 71385 154.548525
"272" 2017 73100 172.516
"273" 2017 73504 175.67456
"274" 2017 73703 197.52404
"275" 2017 75078 231.24024
"276" 2017 75703 250.57693
"277" 2017 74747 265.725585
"278" 2017 74263 293.33885
"279" 2017 73717 315.50876
"280" 2017 73192 330.46188
"281" 2017 70705 367.312475
"282" 2017 73547 421.056575
"283" 2017 75236 459.31578
"284" 2017 74367 498.2589
"285" 2017 74143 543.838905
"286" 2017 72935 598.79635
"287" 2017 75030 707.5329
"288" 2017 72007 760.753955
"289" 2017 74298 812.07714
"290" 2017 76083 887.508195
"291" 2017 76947 1007.23623
"292" 2017 75884 1107.14756
"293" 2017 73221 1173.73263
"294" 2017 64609 1108.69044
"295" 2017 51109 958.549295
"296" 2017 48055 966.38605
"297" 2017 37921 855.308155
"298" 2017 54296 1391.335
"299" 2017 37746 1067.07942
"300" 2017 42885 1305.204975
"301" 2017 40242 1373.86188
"302" 2017 36573 1445.913555
"303" 2017 33335 1449.239125
"304" 2017 31961 1550.74772
"305" 2017 29001 1600.56519
"306" 2017 25740 1592.7912
"307" 2017 25185 1758.9204
"308" 2017 23755 1918.335025
"309" 2017 22155 2074.926525
"310" 2017 19195 2012.691725
"311" 2017 16727 1977.549575
"312" 2017 13652 1841.45002
"313" 2017 11442 1743.41754
"314" 2017 9687 1682.82564
"315" 2017 7446 1444.8963
"316" 2017 5895 1241.3691
"317" 2017 4235 973.732375
"318" 2017 3084 780.8688
"319" 2017 2158 598.11128
"320" 2017 1157 349.22888
"321" 2017 907 296.57993
"322" 2017 570 200.82525
"323" 2017 361 136.293745
"324" 2017 209 84.092195
"325" 2017 104 44.35392
"326" 2017 70 31.47725
"327" 2017 42 19.81245
"328" 2017 14 6.89444
"329" 2017 5 2.5588
"330" 2017 2 1.05912
"331" 2017 3 1.63749
"332" 2017 0 0
"333" 2017 1 1
"334" 2018 50588 104.71716
"335" 2018 53542 7.22817
"336" 2018 56167 6.17837
"337" 2018 58598 4.68784
"338" 2018 59615 4.471125
"339" 2018 61137 3.362535
"340" 2018 61644 1.5411
"341" 2018 62914 1.57285
"342" 2018 62525 2.501
"343" 2018 61844 3.40142
"344" 2018 61192 4.89536
"345" 2018 61417 3.992105
"346" 2018 60058 3.90377
"347" 2018 60180 10.5315
"348" 2018 59003 14.16072
"349" 2018 57980 13.0455
"350" 2018 58504 16.67364
"351" 2018 59353 25.818555
"352" 2018 60635 31.833375
"353" 2018 59583 34.55814
"354" 2018 61663 43.472415
"355" 2018 63354 48.14904
"356" 2018 65939 41.54157
"357" 2018 68253 37.880415
"358" 2018 68543 42.153945
"359" 2018 71222 46.2943
"360" 2018 70675 44.878625
"361" 2018 71691 41.939235
"362" 2018 70202 42.47221
"363" 2018 70535 47.25845
"364" 2018 67315 45.10105
"365" 2018 68282 48.13881
"366" 2018 70431 48.59739
"367" 2018 72402 47.0613
"368" 2018 73839 52.794885
"369" 2018 73065 64.2972
"370" 2018 70040 66.1878
"371" 2018 69501 69.153495
"372" 2018 68857 69.889855
"373" 2018 69035 70.070525
"374" 2018 69661 78.02032
"375" 2018 69965 81.509225
"376" 2018 68429 81.43051
"377" 2018 65261 91.039095
"378" 2018 59498 86.86708
"379" 2018 61433 85.39187
"380" 2018 63308 96.5447
"381" 2018 65305 116.2429
"382" 2018 66580 144.1457
"383" 2018 71263 168.18068
"384" 2018 72886 174.19754
"385" 2018 73253 196.31804
"386" 2018 73454 226.23832
"387" 2018 74757 247.44567
"388" 2018 75406 268.06833
"389" 2018 74448 294.0696
"390" 2018 73940 316.4632
"391" 2018 73343 331.143645
"392" 2018 72808 378.23756
"393" 2018 70259 402.232775
"394" 2018 73065 446.061825
"395" 2018 74666 500.2622
"396" 2018 73766 541.07361
"397" 2018 73522 603.61562
"398" 2018 72213 680.96859
"399" 2018 74283 784.799895
"400" 2018 71273 779.01389
"401" 2018 73404 856.25766
"402" 2018 75153 983.75277
"403" 2018 75888 1107.20592
"404" 2018 74819 1199.34857
"405" 2018 72028 1236.00048
"406" 2018 63500 1190.9425
"407" 2018 50120 1007.9132
"408" 2018 47050 1061.21275
"409" 2018 37069 949.893125
"410" 2018 52957 1497.09439
"411" 2018 36694 1116.78189
"412" 2018 41541 1418.20974
"413" 2018 38802 1534.03707
"414" 2018 35073 1524.798675
"415" 2018 31788 1542.35376
"416" 2018 30336 1674.24384
"417" 2018 27318 1690.43784
"418" 2018 24057 1680.14088
"419" 2018 23317 1882.964335
"420" 2018 21746 2036.62163
"421" 2018 20018 2098.98739
"422" 2018 17068 2017.8643
"423" 2018 14643 1975.121055
"424" 2018 11724 1786.38588
"425" 2018 9619 1671.01268
"426" 2018 7983 1549.10115
"427" 2018 6064 1276.95712
"428" 2018 4605 1058.804625
"429" 2018 3288 832.5216
"430" 2018 2246 622.50136
"431" 2018 1569 473.58696
"432" 2018 797 260.61103
"433" 2018 603 212.451975
"434" 2018 365 137.803925
"435" 2018 221 88.920455
"436" 2018 128 54.58944
"437" 2018 64 28.7792
"438" 2018 35 16.510375
"439" 2018 23 11.32658
"440" 2018 7 3.58232
"441" 2018 2 1.05912
"442" 2018 2 1.09166
"443" 2018 2 1.55358
"444" 2018 0 0
"445" 2019 47663 98.66241
"446" 2019 50934 6.87609
"447" 2019 53817 5.91987
"448" 2019 56444 4.51552
"449" 2019 58828 4.4121
"450" 2019 59868 3.29274
"451" 2019 61378 1.53445
"452" 2019 61893 1.547325
"453" 2019 63132 2.52528
"454" 2019 62739 3.450645
"455" 2019 62026 4.96208
"456" 2019 61379 3.989635
"457" 2019 61590 4.00335
"458" 2019 60193 10.533775
"459" 2019 60350 14.484
"460" 2019 59122 13.30245
"461" 2019 58107 16.560495
"462" 2019 58628 25.50318
"463" 2019 59600 31.29
"464" 2019 60710 35.2118
"465" 2019 59640 42.0462
"466" 2019 61894 47.03944
"467" 2019 63720 40.1436
"468" 2019 66388 36.84534
"469" 2019 68734 42.27141
"470" 2019 69063 44.89095
"471" 2019 71766 45.57141
"472" 2019 71153 41.624505
"473" 2019 72182 43.67011
"474" 2019 70708 47.37436
"475" 2019 70898 47.50166
"476" 2019 67638 47.68479
"477" 2019 68548 47.29812
"478" 2019 70664 45.9316
"479" 2019 72648 51.94332
"480" 2019 73972 65.09536
"481" 2019 73161 69.137145
"482" 2019 70145 69.794275
"483" 2019 69593 70.636895
"484" 2019 68880 69.9132
"485" 2019 69052 77.33824
"486" 2019 69678 81.17487
"487" 2019 69956 83.24764
"488" 2019 68421 95.447295
"489" 2019 65258 95.27668
"490" 2019 59442 82.62438
"491" 2019 61378 93.60145
"492" 2019 63178 112.45684
"493" 2019 65147 141.043255
"494" 2019 66433 156.78188
"495" 2019 71078 169.87642
"496" 2019 72753 194.97804
"497" 2019 73031 224.93548
"498" 2019 73207 242.31517
"499" 2019 74480 264.7764
"500" 2019 75114 296.7003
"501" 2019 74138 317.31064
"502" 2019 73574 332.18661
"503" 2019 72991 379.188245
"504" 2019 72416 414.5816
"505" 2019 69831 426.318255
"506" 2019 72549 486.0783
"507" 2019 74158 543.94893
"508" 2019 73129 600.38909
"509" 2019 72894 687.39042
"510" 2019 71459 754.964335
"511" 2019 73497 803.32221
"512" 2019 70572 823.22238
"513" 2019 72530 949.4177
"514" 2019 74150 1081.8485
"515" 2019 74793 1198.93179
"516" 2019 73683 1264.40028
"517" 2019 70796 1327.77898
"518" 2019 62308 1253.01388
"519" 2019 49080 1106.9994
"520" 2019 45971 1178.006875
"521" 2019 36179 1022.78033
"522" 2019 51476 1566.67206
"523" 2019 35499 1211.93586
"524" 2019 40134 1586.69769
"525" 2019 37256 1619.7046
"526" 2019 33476 1624.25552
"527" 2019 30151 1664.03369
"528" 2019 28614 1770.63432
"529" 2019 25592 1787.34528
"530" 2019 22219 1794.295345
"531" 2019 21307 1995.507085
"532" 2019 19594 2054.52887
"533" 2019 17843 2109.488675
"534" 2019 15088 2035.14488
"535" 2019 12608 1921.08096
"536" 2019 9918 1722.95496
"537" 2019 7943 1541.33915
"538" 2019 6427 1353.39766
"539" 2019 4737 1089.154725
"540" 2019 3487 882.9084
"541" 2019 2361 654.37476
"542" 2019 1569 473.58696
"543" 2019 1078 352.49522
"544" 2019 533 187.789225
"545" 2019 389 146.865005
"546" 2019 214 86.10397
"547" 2019 137 58.42776
"548" 2019 74 33.27595
"549" 2019 37 17.453825
"550" 2019 19 9.35674
"551" 2019 12 6.14112
"552" 2019 6 3.17736
"553" 2019 1 0.54583
"554" 2019 1 0.77679
"555" 2019 0 0
"556" 2020 45746 94.69422
"557" 2020 48090 6.49215
"558" 2020 51271 5.63981
"559" 2020 54114 4.32912
"560" 2020 56703 4.252725
"561" 2020 59068 3.24874
"562" 2020 60087 1.502175
"563" 2020 61642 1.54105
"564" 2020 62121 2.48484
"565" 2020 63369 3.485295
"566" 2020 62943 5.03544
"567" 2020 62215 4.043975
"568" 2020 61565 4.001725
"569" 2020 61770 10.80975
"570" 2020 60332 14.47968
"571" 2020 60472 13.6062
"572" 2020 59310 16.90335
"573" 2020 58239 25.333965
"574" 2020 58939 30.942975
"575" 2020 59711 34.63238
"576" 2020 60796 42.86118
"577" 2020 59796 45.44496
"578" 2020 62211 39.19293
"579" 2020 64230 35.64765
"580" 2020 66911 41.150265
"581" 2020 69316 45.0554
"582" 2020 69568 44.17568
"583" 2020 72329 42.312465
"584" 2020 71682 43.36761
"585" 2020 72790 48.7693
"586" 2020 71313 47.77971
"587" 2020 71434 50.36097
"588" 2020 68069 46.96761
"589" 2020 68967 44.82855
"590" 2020 70985 50.754275
"591" 2020 72961 64.20568
"592" 2020 74223 70.140735
"593" 2020 73437 73.069815
"594" 2020 70361 71.416415
"595" 2020 69800 70.847
"596" 2020 69056 77.34272
"597" 2020 69134 80.54111
"598" 2020 69773 83.02987
"599" 2020 69996 97.64442
"600" 2020 68516 100.03336
"601" 2020 65276 90.73364
"602" 2020 59488 90.7192
"603" 2020 61407 109.30446
"604" 2020 63138 136.69377
"605" 2020 65064 153.55104
"606" 2020 66339 158.55021
"607" 2020 70970 190.1996
"608" 2020 72571 223.51868
"609" 2020 72862 241.17322
"610" 2020 73052 259.69986
"611" 2020 74260 293.327
"612" 2020 74821 320.23388
"613" 2020 73880 333.5682
"614" 2020 73260 380.5857
"615" 2020 72650 415.92125
"616" 2020 72007 439.602735
"617" 2020 69453 465.3351
"618" 2020 72098 528.83883
"619" 2020 73585 604.13285
"620" 2020 72476 683.44868
"621" 2020 72173 762.507745
"622" 2020 70726 773.03518
"623" 2020 72730 848.39545
"624" 2020 69771 913.30239
"625" 2020 71560 1044.0604
"626" 2020 73079 1171.45637
"627" 2020 73689 1264.50324
"628" 2020 72408 1358.01204
"629" 2020 69492 1397.48412
"630" 2020 61063 1377.275965
"631" 2020 47990 1229.74375
"632" 2020 44814 1266.89178
"633" 2020 35182 1070.76417
"634" 2020 49918 1704.20052
"635" 2020 34273 1354.983055
"636" 2020 38583 1677.395925
"637" 2020 35637 1729.10724
"638" 2020 31858 1758.24302
"639" 2020 28475 1762.033
"640" 2020 26843 1874.71512
"641" 2020 23816 1923.26108
"642" 2020 20450 1915.24475
"643" 2020 19346 2028.52483
"644" 2020 17515 2070.710875
"645" 2020 15739 2122.955015
"646" 2020 13054 1989.03798
"647" 2020 10692 1857.41424
"648" 2020 8208 1592.7624
"649" 2020 6394 1346.44852
"650" 2020 5083 1168.708775
"651" 2020 3633 919.8756
"652" 2020 2613 724.21908
"653" 2020 1703 514.03352
"654" 2020 1113 363.93987
"655" 2020 725 255.435625
"656" 2020 346 130.63057
"657" 2020 260 104.6123
"658" 2020 131 55.86888
"659" 2020 87 39.121725
"660" 2020 44 20.7559
"661" 2020 19 9.35674
"662" 2020 7 3.58232
"663" 2020 9 4.76604
"664" 2020 4 2.18332
"665" 2020 0 0
"666" 2020 1 1
"667" 2021 46524 96.30468
"668" 2021 46120 6.2262
"669" 2021 48387 5.32257
"670" 2021 51555 4.1244
"671" 2021 54406 4.08045
"672" 2021 56983 3.134065
"673" 2021 59376 1.4844
"674" 2021 60335 1.508375
"675" 2021 61874 2.47496
"676" 2021 62382 3.43101
"677" 2021 63599 5.08792
"678" 2021 63170 4.10605
"679" 2021 62420 4.0573
"680" 2021 61773 10.810275
"681" 2021 61957 14.86968
"682" 2021 60495 13.611375
"683" 2021 60658 17.28753
"684" 2021 59512 25.88772
"685" 2021 58532 30.7293
"686" 2021 59035 34.2403
"687" 2021 59870 42.20835
"688" 2021 60955 46.3258
"689" 2021 60148 37.89324
"690" 2021 62734 34.81737
"691" 2021 64703 39.792345
"692" 2021 67442 43.8373
"693" 2021 69911 44.393485
"694" 2021 70199 41.066415
"695" 2021 73077 44.211585
"696" 2021 72361 48.48187
"697" 2021 73362 49.15254
"698" 2021 71860 50.6613
"699" 2021 71989 49.67241
"700" 2021 68479 44.51135
"701" 2021 69377 49.604555
"702" 2021 71361 62.79768
"703" 2021 73359 69.324255
"704" 2021 74548 74.17526
"705" 2021 73785 74.891775
"706" 2021 70641 71.700615
"707" 2021 70010 78.4112
"708" 2021 69270 80.69955
"709" 2021 69281 82.44439
"710" 2021 69856 97.44912
"711" 2021 70114 102.36644
"712" 2021 68580 95.3262
"713" 2021 65326 99.62215
"714" 2021 59488 105.88864
"715" 2021 61412 132.95698
"716" 2021 63084 148.87824
"717" 2021 65013 155.38107
"718" 2021 66251 177.55268
"719" 2021 70831 218.15948
"720" 2021 72384 239.59104
"721" 2021 72667 258.331185
"722" 2021 72812 287.6074
"723" 2021 73963 316.56164
"724" 2021 74540 336.5481
"725" 2021 73554 382.11303
"726" 2021 72914 417.43265
"727" 2021 72238 441.01299
"728" 2021 71547 479.3649
"729" 2021 69001 506.122335
"730" 2021 71541 587.35161
"731" 2021 72924 687.67332
"732" 2021 71821 758.788865
"733" 2021 71507 781.57151
"734" 2021 69947 815.931755
"735" 2021 71835 940.32015
"736" 2021 68865 1004.74035
"737" 2021 70584 1131.46152
"738" 2021 71944 1234.55904
"739" 2021 72502 1359.77501
"740" 2021 71071 1429.23781
"741" 2021 68027 1534.348985
"742" 2021 59702 1529.86375
"743" 2021 46773 1322.27271
"744" 2021 43553 1325.535555
"745" 2021 34142 1165.60788
"746" 2021 48256 1907.80096
"747" 2021 32930 1431.63175
"748" 2021 36928 1791.74656
"749" 2021 33805 1865.69795
"750" 2021 30078 1861.22664
"751" 2021 26718 1865.98512
"752" 2021 24842 2006.11571
"753" 2021 21914 2052.35567
"754" 2021 18592 1949.46416
"755" 2021 17304 2045.7654
"756" 2021 15451 2084.108135
"757" 2021 13676 2083.81212
"758" 2021 11109 1929.85548
"759" 2021 8920 1730.926
"760" 2021 6690 1408.7802
"761" 2021 5017 1153.533725
"762" 2021 3909 989.7588
"763" 2021 2667 739.18572
"764" 2021 1873 565.34632
"765" 2021 1182 386.50218
"766" 2021 752 264.9484
"767" 2021 471 177.823695
"768" 2021 229 92.139295
"769" 2021 163 69.51624
"770" 2021 86 38.67205
"771" 2021 42 19.81245
"772" 2021 26 12.80396
"773" 2021 9 4.60584
"774" 2021 5 2.6478
"775" 2021 5 2.72915
"776" 2021 1 0.77679
"777" 2021 0 0
