"year" "population" "expected"
"1" 2015 57670 105.5361
"2" 2015 58804 6.76246
"3" 2015 60419 5.135615
"4" 2015 60983 4.87864
"5" 2015 62260 8.4051
"6" 2015 61875 8.971875
"7" 2015 61272 4.5954
"8" 2015 60621 3.03105
"9" 2015 60891 3.957915
"10" 2015 59514 6.24897
"11" 2015 59692 5.9692
"12" 2015 58560 4.392
"13" 2015 57497 3.737305
"14" 2015 57921 6.37131
"15" 2015 58629 12.018945
"16" 2015 59307 9.48912
"17" 2015 58659 6.745785
"18" 2015 60918 15.83868
"19" 2015 62655 27.254925
"20" 2015 65043 33.17193
"21" 2015 67100 31.537
"22" 2015 66958 31.13547
"23" 2015 69451 35.072755
"24" 2015 68819 36.818165
"25" 2015 69758 44.29633
"26" 2015 68373 39.998205
"27" 2015 68998 39.67385
"28" 2015 65946 35.94057
"29" 2015 67013 38.19741
"30" 2015 69235 43.964225
"31" 2015 71482 45.39107
"32" 2015 73130 49.36275
"33" 2015 72412 47.0678
"34" 2015 69462 50.01264
"35" 2015 68901 51.67575
"36" 2015 68481 52.04556
"37" 2015 68702 53.58756
"38" 2015 69352 65.8844
"39" 2015 69641 76.953305
"40" 2015 68253 65.52288
"41" 2015 65153 66.781825
"42" 2015 59381 73.63244
"43" 2015 61375 79.17375
"44" 2015 63362 86.17232
"45" 2015 65408 107.26912
"46" 2015 66773 127.202565
"47" 2015 71449 135.03861
"48" 2015 73309 131.9562
"49" 2015 73789 161.228965
"50" 2015 73997 209.781495
"51" 2015 75413 230.00965
"52" 2015 76087 249.184925
"53" 2015 75156 251.02104
"54" 2015 74706 260.72394
"55" 2015 74223 295.778655
"56" 2015 73784 323.54284
"57" 2015 71329 332.39314
"58" 2015 74333 370.17834
"59" 2015 76138 424.46935
"60" 2015 75313 477.107855
"61" 2015 75229 522.465405
"62" 2015 74106 555.42447
"63" 2015 76436 638.2406
"64" 2015 73498 697.49602
"65" 2015 75961 814.681725
"66" 2015 77868 870.95358
"67" 2015 78810 911.8317
"68" 2015 77925 960.81525
"69" 2015 75358 999.62387
"70" 2015 66653 982.46522
"71" 2015 52905 877.429425
"72" 2015 49926 906.40653
"73" 2015 39539 791.17539
"74" 2015 56795 1266.812475
"75" 2015 39708 944.45478
"76" 2015 45259 1186.012095
"77" 2015 42862 1241.49783
"78" 2015 39244 1257.96642
"79" 2015 36089 1348.104595
"80" 2015 34970 1463.31965
"81" 2015 31938 1446.15264
"82" 2015 28873 1472.81173
"83" 2015 28790 1720.2025
"84" 2015 27596 1921.50948
"85" 2015 26271 2038.498245
"86" 2015 23524 2047.64658
"87" 2015 21068 2111.11894
"88" 2015 17765 2071.310175
"89" 2015 15349 2028.447095
"90" 2015 13419 1955.752155
"91" 2015 10671 1700.477205
"92" 2015 8897 1567.340005
"93" 2015 6743 1318.39136
"94" 2015 5313 1174.86369
"95" 2015 3910 968.9762
"96" 2015 2276 613.97376
"97" 2015 1866 549.92886
"98" 2015 1239 396.758775
"99" 2015 814 281.65214
"100" 2015 527 195.914885
"101" 2015 322 127.88069
"102" 2015 204 86.0625
"103" 2015 117 52.14456
"104" 2015 48 22.47984
"105" 2015 24 11.75136
"106" 2015 16 8.1516
"107" 2015 8 4.22208
"108" 2015 1 0.54446
"109" 2015 1 0.559585
"110" 2015 0 0
"111" 2015 1 1
"112" 2016 55560 101.6748
"113" 2016 58008 6.67092
"114" 2016 59050 5.01925
"115" 2016 60615 4.8492
"116" 2016 61145 8.254575
"117" 2016 62436 9.05322
"118" 2016 62095 4.657125
"119" 2016 61437 3.07185
"120" 2016 60772 3.95018
"121" 2016 60978 6.40269
"122" 2016 59678 5.9678
"123" 2016 59845 4.488375
"124" 2016 58703 3.815695
"125" 2016 57656 6.34216
"126" 2016 58045 11.899225
"127" 2016 58777 9.40432
"128" 2016 59444 6.83606
"129" 2016 58816 15.29216
"130" 2016 61306 26.66811
"131" 2016 62828 32.04228
"132" 2016 65197 30.64259
"133" 2016 67329 31.307985
"134" 2016 67315 33.994075
"135" 2016 69996 37.44786
"136" 2016 69379 44.055665
"137" 2016 70355 41.157675
"138" 2016 68937 39.638775
"139" 2016 69477 37.864965
"140" 2016 66322 37.80354
"141" 2016 67437 42.822495
"142" 2016 69575 44.180125
"143" 2016 71730 48.41775
"144" 2016 73330 47.6645
"145" 2016 72673 52.32456
"146" 2016 69624 52.218
"147" 2016 69112 52.52512
"148" 2016 68591 53.50098
"149" 2016 68835 65.39325
"150" 2016 69454 76.74667
"151" 2016 69824 67.03104
"152" 2016 68370 70.07925
"153" 2016 65230 80.8852
"154" 2016 59454 76.69566
"155" 2016 61463 83.58968
"156" 2016 63362 103.91368
"157" 2016 65398 124.58319
"158" 2016 66708 126.07812
"159" 2016 71400 128.52
"160" 2016 73195 159.931075
"161" 2016 73668 208.84878
"162" 2016 73874 225.3157
"163" 2016 75258 246.46995
"164" 2016 75911 253.54274
"165" 2016 74940 261.5406
"166" 2016 74518 296.95423
"167" 2016 73985 324.424225
"168" 2016 73461 342.32826
"169" 2016 71006 353.60988
"170" 2016 73945 412.243375
"171" 2016 75713 479.641855
"172" 2016 74867 519.951315
"173" 2016 74719 560.018905
"174" 2016 73535 614.01725
"175" 2016 75774 719.09526
"176" 2016 72765 780.404625
"177" 2016 75174 840.82119
"178" 2016 76975 890.60075
"179" 2016 77913 960.66729
"180" 2016 76912 1020.23768
"181" 2016 74289 1095.01986
"182" 2016 65680 1089.3028
"183" 2016 52042 944.82251
"184" 2016 49052 981.53052
"185" 2016 38787 865.144035
"186" 2016 55604 1322.54114
"187" 2016 38771 1015.994055
"188" 2016 44103 1277.443395
"189" 2016 41592 1333.23156
"190" 2016 37987 1419.004385
"191" 2016 34741 1453.737145
"192" 2016 33547 1519.00816
"193" 2016 30519 1556.77419
"194" 2016 27376 1635.716
"195" 2016 27078 1885.44114
"196" 2016 25715 1995.355425
"197" 2016 24237 2109.709665
"198" 2016 21381 2142.483105
"199" 2016 18909 2204.694855
"200" 2016 15770 2084.08435
"201" 2016 13409 1954.294705
"202" 2016 11494 1831.62637
"203" 2016 8989 1583.547185
"204" 2016 7365 1440.0048
"205" 2016 5401 1194.32313
"206" 2016 4136 1024.98352
"207" 2016 2925 789.048
"208" 2016 1684 496.29164
"209" 2016 1345 430.702625
"210" 2016 863 298.60663
"211" 2016 545 202.606475
"212" 2016 332 131.85214
"213" 2016 185 78.046875
"214" 2016 120 53.4816
"215" 2016 68 31.84644
"216" 2016 28 13.70992
"217" 2016 11 5.604225
"218" 2016 6 3.16656
"219" 2016 5 2.7223
"220" 2016 0 0
"221" 2016 1 0.78338
"222" 2016 0 0
"223" 2017 53155 97.27365
"224" 2017 55856 6.42344
"225" 2017 58331 4.958135
"226" 2017 59315 4.7452
"227" 2017 60880 8.2188
"228" 2017 61373 8.899085
"229" 2017 62645 4.698375
"230" 2017 62280 3.114
"231" 2017 61616 4.00504
"232" 2017 60983 6.403215
"233" 2017 61176 6.1176
"234" 2017 59882 4.49115
"235" 2017 59999 3.899935
"236" 2017 58865 6.47515
"237" 2017 57822 11.85351
"238" 2017 58325 9.332
"239" 2017 59168 6.80432
"240" 2017 60234 15.66084
"241" 2017 59423 25.849005
"242" 2017 61514 31.37214
"243" 2017 63075 29.64525
"244" 2017 65484 30.45006
"245" 2017 67783 34.230415
"246" 2017 67980 36.3693
"247" 2017 70718 44.90593
"248" 2017 70095 41.005575
"249" 2017 71057 40.857775
"250" 2017 69658 37.96361
"251" 2017 70100 39.957
"252" 2017 66929 42.499915
"253" 2017 67901 43.117135
"254" 2017 70023 47.265525
"255" 2017 72118 46.8767
"256" 2017 73581 52.97832
"257" 2017 72940 54.705
"258" 2017 69884 53.11184
"259" 2017 69363 54.10314
"260" 2017 68789 65.34955
"261" 2017 68942 76.18091
"262" 2017 69626 66.84096
"263" 2017 69963 71.712075
"264" 2017 68459 84.88916
"265" 2017 65306 84.24474
"266" 2017 59516 80.94176
"267" 2017 61502 100.86328
"268" 2017 63347 120.676035
"269" 2017 65334 123.48126
"270" 2017 66652 119.9736
"271" 2017 71385 155.976225
"272" 2017 73100 207.2385
"273" 2017 73504 224.1872
"274" 2017 73703 241.377325
"275" 2017 75078 250.76052
"276" 2017 75703 264.20347
"277" 2017 74747 297.866795
"278" 2017 74263 325.643255
"279" 2017 73717 343.52122
"280" 2017 73192 364.49616
"281" 2017 70705 394.180375
"282" 2017 73547 465.920245
"283" 2017 75236 522.51402
"284" 2017 74367 557.380665
"285" 2017 74143 619.09405
"286" 2017 72935 692.15315
"287" 2017 75030 804.69675
"288" 2017 72007 805.398295
"289" 2017 74298 859.62786
"290" 2017 76083 938.10339
"291" 2017 76947 1020.701955
"292" 2017 75884 1118.53016
"293" 2017 73221 1214.370285
"294" 2017 64609 1172.976395
"295" 2017 51109 1022.69109
"296" 2017 48055 1071.866775
"297" 2017 37921 901.950985
"298" 2017 54296 1422.82668
"299" 2017 37746 1093.31289
"300" 2017 42885 1374.678675
"301" 2017 40242 1503.23991
"302" 2017 36573 1530.397185
"303" 2017 33335 1509.4088
"304" 2017 31961 1630.33061
"305" 2017 29001 1732.80975
"306" 2017 25740 1792.2762
"307" 2017 25185 1954.230075
"308" 2017 23755 2067.753975
"309" 2017 22155 2220.041775
"310" 2017 19195 2238.041025
"311" 2017 16727 2210.556685
"312" 2017 13652 1989.71074
"313" 2017 11442 1823.33991
"314" 2017 9687 1706.510355
"315" 2017 7446 1455.84192
"316" 2017 5895 1303.56135
"317" 2017 4235 1049.5177
"318" 2017 3084 831.93984
"319" 2017 2158 635.98418
"320" 2017 1157 370.500325
"321" 2017 907 313.83107
"322" 2017 570 211.90035
"323" 2017 361 143.369345
"324" 2017 209 88.171875
"325" 2017 104 46.35072
"326" 2017 70 32.7831
"327" 2017 42 20.56488
"328" 2017 14 7.13265
"329" 2017 5 2.6388
"330" 2017 2 1.08892
"331" 2017 3 1.678755
"332" 2017 0 0
"333" 2017 1 1
"334" 2018 50588 92.57604
"335" 2018 53542 6.15733
"336" 2018 56167 4.774195
"337" 2018 58598 4.68784
"338" 2018 59615 8.048025
"339" 2018 61137 8.864865
"340" 2018 61644 4.6233
"341" 2018 62914 3.1457
"342" 2018 62525 4.064125
"343" 2018 61844 6.49362
"344" 2018 61192 6.1192
"345" 2018 61417 4.606275
"346" 2018 60058 3.90377
"347" 2018 60180 6.6198
"348" 2018 59003 12.095615
"349" 2018 57980 9.2768
"350" 2018 58504 6.72796
"351" 2018 59353 15.43178
"352" 2018 60635 26.376225
"353" 2018 59583 30.38733
"354" 2018 61663 28.98161
"355" 2018 63354 29.45961
"356" 2018 65939 33.299195
"357" 2018 68253 36.515355
"358" 2018 68543 43.524805
"359" 2018 71222 41.66487
"360" 2018 70675 40.638125
"361" 2018 71691 39.071595
"362" 2018 70202 40.01514
"363" 2018 70535 44.789725
"364" 2018 67315 42.745025
"365" 2018 68282 46.09035
"366" 2018 70431 45.78015
"367" 2018 72402 52.12944
"368" 2018 73839 55.37925
"369" 2018 73065 55.5294
"370" 2018 70040 54.6312
"371" 2018 69501 66.02595
"372" 2018 68857 76.086985
"373" 2018 69035 66.2736
"374" 2018 69661 71.402525
"375" 2018 69965 86.7566
"376" 2018 68429 88.27341
"377" 2018 65261 88.75496
"378" 2018 59498 97.57672
"379" 2018 61433 117.029865
"380" 2018 63308 119.65212
"381" 2018 65305 117.549
"382" 2018 66580 145.4773
"383" 2018 71263 202.030605
"384" 2018 72886 222.3023
"385" 2018 73253 239.903575
"386" 2018 73454 245.33636
"387" 2018 74757 260.90193
"388" 2018 75406 300.49291
"389" 2018 74448 326.45448
"390" 2018 73940 344.5604
"391" 2018 73343 365.24814
"392" 2018 72808 405.9046
"393" 2018 70259 445.090765
"394" 2018 73065 507.436425
"395" 2018 74666 559.62167
"396" 2018 73766 615.9461
"397" 2018 73522 697.72378
"398" 2018 72213 774.484425
"399" 2018 74283 830.855355
"400" 2018 71273 824.62861
"401" 2018 73404 905.07132
"402" 2018 75153 996.904545
"403" 2018 75888 1118.58912
"404" 2018 74819 1240.873115
"405" 2018 72028 1307.66834
"406" 2018 63500 1270.635
"407" 2018 50120 1117.9266
"408" 2018 47050 1119.08425
"409" 2018 37069 971.393145
"410" 2018 52957 1533.899505
"411" 2018 36694 1176.22617
"412" 2018 41541 1551.764055
"413" 2018 38802 1623.66969
"414" 2018 35073 1588.10544
"415" 2018 31788 1621.50588
"416" 2018 30336 1812.576
"417" 2018 27318 1902.15234
"418" 2018 24057 1866.702915
"419" 2018 23317 2029.628265
"420" 2018 21746 2179.05793
"421" 2018 20018 2333.99871
"422" 2018 17068 2255.62154
"423" 2018 14643 2134.144035
"424" 2018 11724 1868.27802
"425" 2018 9619 1694.531135
"426" 2018 7983 1560.83616
"427" 2018 6064 1340.93232
"428" 2018 4605 1141.2111
"429" 2018 3288 886.97088
"430" 2018 2246 661.91866
"431" 2018 1569 502.433025
"432" 2018 797 275.76997
"433" 2018 603 224.168265
"434" 2018 365 144.957925
"435" 2018 221 93.234375
"436" 2018 128 57.04704
"437" 2018 64 29.97312
"438" 2018 35 17.1374
"439" 2018 23 11.717925
"440" 2018 7 3.69432
"441" 2018 2 1.08892
"442" 2018 2 1.11917
"443" 2018 2 1.56676
"444" 2018 0 0
"445" 2019 47663 87.22329
"446" 2019 50934 5.85741
"447" 2019 53817 4.574445
"448" 2019 56444 4.51552
"449" 2019 58828 7.94178
"450" 2019 59868 8.68086
"451" 2019 61378 4.60335
"452" 2019 61893 3.09465
"453" 2019 63132 4.10358
"454" 2019 62739 6.587595
"455" 2019 62026 6.2026
"456" 2019 61379 4.603425
"457" 2019 61590 4.00335
"458" 2019 60193 6.62123
"459" 2019 60350 12.37175
"460" 2019 59122 9.45952
"461" 2019 58107 6.682305
"462" 2019 58628 15.24328
"463" 2019 59600 25.926
"464" 2019 60710 30.9621
"465" 2019 59640 28.0308
"466" 2019 61894 28.78071
"467" 2019 63720 32.1786
"468" 2019 66388 35.51758
"469" 2019 68734 43.64609
"470" 2019 69063 40.401855
"471" 2019 71766 41.26545
"472" 2019 71153 38.778385
"473" 2019 72182 41.14374
"474" 2019 70708 44.89958
"475" 2019 70898 45.02023
"476" 2019 67638 45.65565
"477" 2019 68548 44.5562
"478" 2019 70664 50.87808
"479" 2019 72648 54.486
"480" 2019 73972 56.21872
"481" 2019 73161 57.06558
"482" 2019 70145 66.63775
"483" 2019 69593 76.900265
"484" 2019 68880 66.1248
"485" 2019 69052 70.7783
"486" 2019 69678 86.40072
"487" 2019 69956 90.24324
"488" 2019 68421 93.05256
"489" 2019 65258 107.02312
"490" 2019 59442 113.23701
"491" 2019 61378 116.00442
"492" 2019 63178 113.7204
"493" 2019 65147 142.346195
"494" 2019 66433 188.337555
"495" 2019 71078 216.7879
"496" 2019 72753 238.266075
"497" 2019 73031 243.92354
"498" 2019 73207 255.49243
"499" 2019 74480 296.8028
"500" 2019 75114 329.37489
"501" 2019 74138 345.48308
"502" 2019 73574 366.39852
"503" 2019 72991 406.924825
"504" 2019 72416 458.75536
"505" 2019 69831 484.976295
"506" 2019 72549 543.754755
"507" 2019 74158 619.2193
"508" 2019 73129 693.99421
"509" 2019 72894 781.78815
"510" 2019 71459 799.268915
"511" 2019 73497 850.36029
"512" 2019 70572 870.15276
"513" 2019 72530 962.11045
"514" 2019 74150 1092.971
"515" 2019 74793 1240.441905
"516" 2019 73683 1337.714865
"517" 2019 70796 1416.62796
"518" 2019 62308 1389.77994
"519" 2019 49080 1167.3678
"520" 2019 45971 1204.670055
"521" 2019 36179 1047.924735
"522" 2019 51476 1650.06318
"523" 2019 35499 1326.065145
"524" 2019 40134 1679.40723
"525" 2019 37256 1686.95168
"526" 2019 33476 1707.61076
"527" 2019 30151 1801.52225
"528" 2019 28614 1992.39282
"529" 2019 25592 1985.81124
"530" 2019 22219 1934.052855
"531" 2019 21307 2135.067935
"532" 2019 19594 2284.56243
"533" 2019 17843 2358.041665
"534" 2019 15088 2199.00056
"535" 2019 12608 2009.14784
"536" 2019 9918 1747.20447
"537" 2019 7943 1553.01536
"538" 2019 6427 1421.20251
"539" 2019 4737 1173.92334
"540" 2019 3487 940.65312
"541" 2019 2361 695.81031
"542" 2019 1569 502.433025
"543" 2019 1078 372.99878
"544" 2019 533 198.145415
"545" 2019 389 154.489405
"546" 2019 214 90.28125
"547" 2019 137 61.05816
"548" 2019 74 34.65642
"549" 2019 37 18.11668
"550" 2019 19 9.680025
"551" 2019 12 6.33312
"552" 2019 6 3.26676
"553" 2019 1 0.559585
"554" 2019 1 0.78338
"555" 2019 0 0
"556" 2020 45746 83.71518
"557" 2020 48090 5.53035
"558" 2020 51271 4.358035
"559" 2020 54114 4.32912
"560" 2020 56703 7.654905
"561" 2020 59068 8.56486
"562" 2020 60087 4.506525
"563" 2020 61642 3.0821
"564" 2020 62121 4.037865
"565" 2020 63369 6.653745
"566" 2020 62943 6.2943
"567" 2020 62215 4.666125
"568" 2020 61565 4.001725
"569" 2020 61770 6.7947
"570" 2020 60332 12.36806
"571" 2020 60472 9.67552
"572" 2020 59310 6.82065
"573" 2020 58239 15.14214
"574" 2020 58939 25.638465
"575" 2020 59711 30.45261
"576" 2020 60796 28.57412
"577" 2020 59796 27.80514
"578" 2020 62211 31.416555
"579" 2020 64230 34.36305
"580" 2020 66911 42.488485
"581" 2020 69316 40.54986
"582" 2020 69568 40.0016
"583" 2020 72329 39.419305
"584" 2020 71682 40.85874
"585" 2020 72790 46.22165
"586" 2020 71313 45.283755
"587" 2020 71434 48.21795
"588" 2020 68069 44.24485
"589" 2020 68967 49.65624
"590" 2020 70985 53.23875
"591" 2020 72961 55.45036
"592" 2020 74223 57.89394
"593" 2020 73437 69.76515
"594" 2020 70361 77.748905
"595" 2020 69800 67.008
"596" 2020 69056 70.7824
"597" 2020 69134 85.72616
"598" 2020 69773 90.00717
"599" 2020 69996 95.19456
"600" 2020 68516 112.36624
"601" 2020 65276 124.35078
"602" 2020 59488 112.43232
"603" 2020 61407 110.5326
"604" 2020 63138 137.95653
"605" 2020 65064 184.45644
"606" 2020 66339 202.33395
"607" 2020 70970 232.42675
"608" 2020 72571 242.38714
"609" 2020 72862 254.28838
"610" 2020 73052 291.11222
"611" 2020 74260 325.6301
"612" 2020 74821 348.66586
"613" 2020 73880 367.9224
"614" 2020 73260 408.4245
"615" 2020 72650 460.23775
"616" 2020 72007 500.088615
"617" 2020 69453 520.550235
"618" 2020 72098 602.0183
"619" 2020 73585 698.32165
"620" 2020 72476 777.3051
"621" 2020 72173 807.255005
"622" 2020 70726 818.29982
"623" 2020 72730 896.7609
"624" 2020 69771 925.512315
"625" 2020 71560 1054.7944
"626" 2020 73079 1212.015215
"627" 2020 73689 1337.823795
"628" 2020 72408 1448.88408
"629" 2020 69492 1550.01906
"630" 2020 61063 1452.383455
"631" 2020 47990 1257.57795
"632" 2020 44814 1298.03751
"633" 2020 35182 1127.75901
"634" 2020 49918 1864.68689
"635" 2020 34273 1434.153685
"636" 2020 38583 1747.03824
"637" 2020 35637 1817.84337
"638" 2020 31858 1903.5155
"639" 2020 28475 1982.71425
"640" 2020 26843 2082.882585
"641" 2020 23816 2073.06372
"642" 2020 20450 2049.19225
"643" 2020 19346 2255.64687
"644" 2020 17515 2314.694825
"645" 2020 15739 2293.880555
"646" 2020 13054 2080.22017
"647" 2020 10692 1883.55618
"648" 2020 8208 1604.82816
"649" 2020 6394 1413.90522
"650" 2020 5083 1259.66906
"651" 2020 3633 980.03808
"652" 2020 2613 770.07723
"653" 2020 1703 545.343175
"654" 2020 1113 385.10913
"655" 2020 725 269.522375
"656" 2020 346 137.41217
"657" 2020 260 109.6875
"658" 2020 131 58.38408
"659" 2020 87 40.74471
"660" 2020 44 21.54416
"661" 2020 19 9.680025
"662" 2020 7 3.69432
"663" 2020 9 4.90014
"664" 2020 4 2.23834
"665" 2020 0 0
"666" 2020 1 1
"667" 2021 46524 85.13892
"668" 2021 46120 5.3038
"669" 2021 48387 4.112895
"670" 2021 51555 4.1244
"671" 2021 54406 7.34481
"672" 2021 56983 8.262535
"673" 2021 59376 4.4532
"674" 2021 60335 3.01675
"675" 2021 61874 4.02181
"676" 2021 62382 6.55011
"677" 2021 63599 6.3599
"678" 2021 63170 4.73775
"679" 2021 62420 4.0573
"680" 2021 61773 6.79503
"681" 2021 61957 12.701185
"682" 2021 60495 9.6792
"683" 2021 60658 6.97567
"684" 2021 59512 15.47312
"685" 2021 58532 25.46142
"686" 2021 59035 30.10785
"687" 2021 59870 28.1389
"688" 2021 60955 28.344075
"689" 2021 60148 30.37474
"690" 2021 62734 33.56269
"691" 2021 64703 41.086405
"692" 2021 67442 39.45357
"693" 2021 69911 40.198825
"694" 2021 70199 38.258455
"695" 2021 73077 41.65389
"696" 2021 72361 45.949235
"697" 2021 73362 46.58487
"698" 2021 71860 48.5055
"699" 2021 71989 46.79285
"700" 2021 68479 49.30488
"701" 2021 69377 52.03275
"702" 2021 71361 54.23436
"703" 2021 73359 57.22002
"704" 2021 74548 70.8206
"705" 2021 73785 81.532425
"706" 2021 70641 67.81536
"707" 2021 70010 71.76025
"708" 2021 69270 85.8948
"709" 2021 69281 89.37249
"710" 2021 69856 95.00416
"711" 2021 70114 114.98696
"712" 2021 68580 130.6449
"713" 2021 65326 123.46614
"714" 2021 59488 107.0784
"715" 2021 61412 134.18522
"716" 2021 63084 178.84314
"717" 2021 65013 198.28965
"718" 2021 66251 216.972025
"719" 2021 70831 236.57554
"720" 2021 72384 252.62016
"721" 2021 72667 289.577995
"722" 2021 72812 319.28062
"723" 2021 73963 344.66758
"724" 2021 74540 371.2092
"725" 2021 73554 410.06355
"726" 2021 72914 461.91019
"727" 2021 72238 501.69291
"728" 2021 71547 536.244765
"729" 2021 69001 576.15835
"730" 2021 71541 678.92409
"731" 2021 72924 782.1099
"732" 2021 71821 803.317885
"733" 2021 71507 827.33599
"734" 2021 69947 862.44651
"735" 2021 71835 952.891275
"736" 2021 68865 1015.0701
"737" 2021 70584 1170.63564
"738" 2021 71944 1306.14332
"739" 2021 72502 1450.76502
"740" 2021 71071 1585.238655
"741" 2021 68027 1618.022195
"742" 2021 59702 1564.49091
"743" 2021 46773 1354.779945
"744" 2021 43553 1396.091415
"745" 2021 34142 1275.37441
"746" 2021 48256 2019.27232
"747" 2021 32930 1491.0704
"748" 2021 36928 1883.69728
"749" 2021 33805 2019.84875
"750" 2021 30078 2094.33114
"751" 2021 26718 2073.18321
"752" 2021 24842 2162.37189
"753" 2021 21914 2195.89237
"754" 2021 18592 2167.73424
"755" 2021 17304 2286.81012
"756" 2021 15451 2251.905995
"757" 2021 13676 2179.33898
"758" 2021 11109 1957.016985
"759" 2021 8920 1744.0384
"760" 2021 6690 1479.3597
"761" 2021 5017 1243.31294
"762" 2021 3909 1054.49184
"763" 2021 2667 785.99157
"764" 2021 1873 599.781425
"765" 2021 1182 408.98382
"766" 2021 752 279.55976
"767" 2021 471 187.055295
"768" 2021 229 96.609375
"769" 2021 163 72.64584
"770" 2021 86 40.27638
"771" 2021 42 20.56488
"772" 2021 26 13.24635
"773" 2021 9 4.74984
"774" 2021 5 2.7223
"775" 2021 5 2.797925
"776" 2021 1 0.78338
"777" 2021 0 0
