"year" "population" "expected"
"1" 2015 57670 110.7264
"2" 2015 58804 9.40864
"3" 2015 60419 6.64609
"4" 2015 60983 4.87864
"5" 2015 62260 4.9808
"6" 2015 61875 4.640625
"7" 2015 61272 3.36996
"8" 2015 60621 3.03105
"9" 2015 60891 3.349005
"10" 2015 59514 3.57084
"11" 2015 59692 4.4769
"12" 2015 58560 4.6848
"13" 2015 57497 4.59976
"14" 2015 57921 6.95052
"15" 2015 58629 9.96693
"16" 2015 59307 12.45447
"17" 2015 58659 14.66475
"18" 2015 60918 21.3213
"19" 2015 62655 29.761125
"20" 2015 65043 33.497145
"21" 2015 67100 35.563
"22" 2015 66958 37.49648
"23" 2015 69451 36.461775
"24" 2015 68819 36.47407
"25" 2015 69758 40.80843
"26" 2015 68373 39.314475
"27" 2015 68998 39.67385
"28" 2015 65946 36.60003
"29" 2015 67013 38.532475
"30" 2015 69235 44.656575
"31" 2015 71482 48.25035
"32" 2015 73130 49.7284
"33" 2015 72412 47.79192
"34" 2015 69462 47.92878
"35" 2015 68901 49.60872
"36" 2015 68481 53.072775
"37" 2015 68702 58.05319
"38" 2015 69352 62.76356
"39" 2015 69641 67.55177
"40" 2015 68253 67.57047
"41" 2015 65153 68.41065
"42" 2015 59381 68.28815
"43" 2015 61375 77.639375
"44" 2015 63362 89.65723
"45" 2015 65408 101.05536
"46" 2015 66773 110.17545
"47" 2015 71449 125.03575
"48" 2015 73309 140.386735
"49" 2015 73789 163.442635
"50" 2015 73997 187.95238
"51" 2015 75413 206.254555
"52" 2015 76087 229.02187
"53" 2015 75156 242.3781
"54" 2015 74706 256.98864
"55" 2015 74223 282.418515
"56" 2015 73784 313.21308
"57" 2015 71329 330.25327
"58" 2015 74333 365.71836
"59" 2015 76138 421.42383
"60" 2015 75313 463.551515
"61" 2015 75229 510.05262
"62" 2015 74106 550.97811
"63" 2015 76436 621.42468
"64" 2015 73498 663.31945
"65" 2015 75961 758.85039
"66" 2015 77868 840.9744
"67" 2015 78810 894.09945
"68" 2015 77925 954.970875
"69" 2015 75358 1012.81152
"70" 2015 66653 979.7991
"71" 2015 52905 853.093125
"72" 2015 49926 874.70352
"73" 2015 39539 759.741885
"74" 2015 56795 1196.954625
"75" 2015 39708 921.42414
"76" 2015 45259 1166.550725
"77" 2015 42862 1224.78165
"78" 2015 39244 1246.19322
"79" 2015 36089 1300.106225
"80" 2015 34970 1431.6718
"81" 2015 31938 1443.91698
"82" 2015 28873 1466.7484
"83" 2015 28790 1663.91805
"84" 2015 27596 1822.0259
"85" 2015 26271 1978.99443
"86" 2015 23524 2031.06216
"87" 2015 21068 2068.66692
"88" 2015 17765 1949.264625
"89" 2015 15349 1898.441065
"90" 2015 13419 1882.95408
"91" 2015 10671 1676.09397
"92" 2015 8897 1553.549655
"93" 2015 6743 1315.593015
"94" 2015 5313 1148.803425
"95" 2015 3910 931.45975
"96" 2015 2276 595.99336
"97" 2015 1866 534.18915
"98" 2015 1239 385.75026
"99" 2015 814 274.13485
"100" 2015 527 190.92156
"101" 2015 322 124.79271
"102" 2015 204 84.1092
"103" 2015 117 51.039495
"104" 2015 48 22.03824
"105" 2015 24 11.53884
"106" 2015 16 8.01672
"107" 2015 8 4.15852
"108" 2015 1 0.537045
"109" 2015 1 0.55272
"110" 2015 0 0
"111" 2015 1 1
"112" 2016 55560 106.6752
"113" 2016 58008 9.28128
"114" 2016 59050 6.4955
"115" 2016 60615 4.8492
"116" 2016 61145 4.8916
"117" 2016 62436 4.6827
"118" 2016 62095 3.415225
"119" 2016 61437 3.07185
"120" 2016 60772 3.34246
"121" 2016 60978 3.65868
"122" 2016 59678 4.47585
"123" 2016 59845 4.7876
"124" 2016 58703 4.69624
"125" 2016 57656 6.91872
"126" 2016 58045 9.86765
"127" 2016 58777 12.34317
"128" 2016 59444 14.861
"129" 2016 58816 20.5856
"130" 2016 61306 29.12035
"131" 2016 62828 32.35642
"132" 2016 65197 34.55441
"133" 2016 67329 37.70424
"134" 2016 67315 35.340375
"135" 2016 69996 37.09788
"136" 2016 69379 40.586715
"137" 2016 70355 40.454125
"138" 2016 68937 39.638775
"139" 2016 69477 38.559735
"140" 2016 66322 38.13515
"141" 2016 67437 43.496865
"142" 2016 69575 46.963125
"143" 2016 71730 48.7764
"144" 2016 73330 48.3978
"145" 2016 72673 50.14437
"146" 2016 69624 50.12928
"147" 2016 69112 53.5618
"148" 2016 68591 57.959395
"149" 2016 68835 62.295675
"150" 2016 69454 67.37038
"151" 2016 69824 69.12576
"152" 2016 68370 71.7885
"153" 2016 65230 75.0145
"154" 2016 59454 75.20931
"155" 2016 61463 86.970145
"156" 2016 63362 97.89429
"157" 2016 65398 107.9067
"158" 2016 66708 116.739
"159" 2016 71400 136.731
"160" 2016 73195 162.126925
"161" 2016 73668 187.11672
"162" 2016 73874 202.04539
"163" 2016 75258 226.52658
"164" 2016 75911 244.812975
"165" 2016 74940 257.7936
"166" 2016 74518 283.54099
"167" 2016 73985 314.066325
"168" 2016 73461 340.12443
"169" 2016 71006 349.34952
"170" 2016 73945 409.285575
"171" 2016 75713 466.013515
"172" 2016 74867 507.59826
"173" 2016 74719 555.535765
"174" 2016 73535 597.83955
"175" 2016 75774 683.86035
"176" 2016 72765 726.92235
"177" 2016 75174 811.8792
"178" 2016 76975 873.281375
"179" 2016 77913 954.823815
"180" 2016 76912 1033.69728
"181" 2016 74289 1092.0483
"182" 2016 65680 1059.09
"183" 2016 52042 911.77584
"184" 2016 49052 942.53418
"185" 2016 38787 817.436025
"186" 2016 55604 1290.29082
"187" 2016 38771 999.322525
"188" 2016 44103 1260.243225
"189" 2016 41592 1320.75396
"190" 2016 37987 1368.481675
"191" 2016 34741 1422.29654
"192" 2016 33547 1516.65987
"193" 2016 30519 1550.3652
"194" 2016 27376 1582.19592
"195" 2016 27078 1787.82495
"196" 2016 25715 1937.11095
"197" 2016 24237 2092.62258
"198" 2016 21381 2099.40039
"199" 2016 18909 2074.790025
"200" 2016 15770 1950.51245
"201" 2016 13409 1881.55088
"202" 2016 11494 1805.36258
"203" 2016 8989 1569.614235
"204" 2016 7365 1436.948325
"205" 2016 5401 1167.831225
"206" 2016 4136 985.2986
"207" 2016 2925 765.9405
"208" 2016 1684 482.0871
"209" 2016 1345 418.7523
"210" 2016 863 290.636825
"211" 2016 545 197.4426
"212" 2016 332 128.66826
"213" 2016 185 76.2755
"214" 2016 120 52.3482
"215" 2016 68 31.22084
"216" 2016 28 13.46198
"217" 2016 11 5.511495
"218" 2016 6 3.11889
"219" 2016 5 2.685225
"220" 2016 0 0
"221" 2016 1 0.780085
"222" 2016 0 0
"223" 2017 53155 102.0576
"224" 2017 55856 8.93696
"225" 2017 58331 6.41641
"226" 2017 59315 4.7452
"227" 2017 60880 4.8704
"228" 2017 61373 4.602975
"229" 2017 62645 3.445475
"230" 2017 62280 3.114
"231" 2017 61616 3.38888
"232" 2017 60983 3.65898
"233" 2017 61176 4.5882
"234" 2017 59882 4.79056
"235" 2017 59999 4.79992
"236" 2017 58865 7.0638
"237" 2017 57822 9.82974
"238" 2017 58325 12.24825
"239" 2017 59168 14.792
"240" 2017 60234 21.0819
"241" 2017 59423 28.225925
"242" 2017 61514 31.67971
"243" 2017 63075 33.42975
"244" 2017 65484 36.67104
"245" 2017 67783 35.586075
"246" 2017 67980 36.0294
"247" 2017 70718 41.37003
"248" 2017 70095 40.304625
"249" 2017 71057 40.857775
"250" 2017 69658 38.66019
"251" 2017 70100 40.3075
"252" 2017 66929 43.169205
"253" 2017 67901 45.833175
"254" 2017 70023 47.61564
"255" 2017 72118 47.59788
"256" 2017 73581 50.77089
"257" 2017 72940 52.5168
"258" 2017 69884 54.1601
"259" 2017 69363 58.611735
"260" 2017 68789 62.254045
"261" 2017 68942 66.87374
"262" 2017 69626 68.92974
"263" 2017 69963 73.46115
"264" 2017 68459 78.72785
"265" 2017 65306 82.61209
"266" 2017 59516 84.21514
"267" 2017 61502 95.02059
"268" 2017 63347 104.52255
"269" 2017 65334 114.3345
"270" 2017 66652 127.63858
"271" 2017 71385 158.117775
"272" 2017 73100 185.674
"273" 2017 73504 201.03344
"274" 2017 73703 221.84603
"275" 2017 75078 242.12655
"276" 2017 75703 260.41832
"277" 2017 74747 284.412335
"278" 2017 74263 315.246435
"279" 2017 73717 341.30971
"280" 2017 73192 360.10464
"281" 2017 70705 391.352175
"282" 2017 73547 452.681785
"283" 2017 75236 510.10008
"284" 2017 74367 552.918645
"285" 2017 74143 602.78259
"286" 2017 72935 658.238375
"287" 2017 75030 749.5497
"288" 2017 72007 777.6756
"289" 2017 74298 842.91081
"290" 2017 76083 932.397165
"291" 2017 76947 1034.16768
"292" 2017 75884 1115.4948
"293" 2017 73221 1180.688625
"294" 2017 64609 1131.94968
"295" 2017 51109 982.059435
"296" 2017 48055 1012.759125
"297" 2017 37921 879.956805
"298" 2017 54296 1399.4794
"299" 2017 37746 1078.59195
"300" 2017 42885 1361.813175
"301" 2017 40242 1449.71805
"302" 2017 36573 1497.29862
"303" 2017 33335 1507.07535
"304" 2017 31961 1623.6188
"305" 2017 29001 1676.112795
"306" 2017 25740 1699.4835
"307" 2017 25185 1897.18605
"308" 2017 23755 2051.0067
"309" 2017 22155 2175.39945
"310" 2017 19195 2106.171375
"311" 2017 16727 2068.878995
"312" 2017 13652 1915.64864
"313" 2017 11442 1797.19494
"314" 2017 9687 1691.495505
"315" 2017 7446 1452.75183
"316" 2017 5895 1274.646375
"317" 2017 4235 1008.882875
"318" 2017 3084 807.57624
"319" 2017 2158 617.78145
"320" 2017 1157 360.22038
"321" 2017 907 305.454925
"322" 2017 570 206.4996
"323" 2017 361 139.907355
"324" 2017 209 86.1707
"325" 2017 104 45.36844
"326" 2017 70 32.1391
"327" 2017 42 20.19297
"328" 2017 14 7.01463
"329" 2017 5 2.599075
"330" 2017 2 1.07409
"331" 2017 3 1.65816
"332" 2017 0 0
"333" 2017 1 1
"334" 2018 50588 97.12896
"335" 2018 53542 8.56672
"336" 2018 56167 6.17837
"337" 2018 58598 4.68784
"338" 2018 59615 4.7692
"339" 2018 61137 4.585275
"340" 2018 61644 3.39042
"341" 2018 62914 3.1457
"342" 2018 62525 3.438875
"343" 2018 61844 3.71064
"344" 2018 61192 4.5894
"345" 2018 61417 4.91336
"346" 2018 60058 4.80464
"347" 2018 60180 7.2216
"348" 2018 59003 10.03051
"349" 2018 57980 12.1758
"350" 2018 58504 14.626
"351" 2018 59353 20.77355
"352" 2018 60635 28.801625
"353" 2018 59583 30.685245
"354" 2018 61663 32.68139
"355" 2018 63354 35.47824
"356" 2018 65939 34.617975
"357" 2018 68253 36.17409
"358" 2018 68543 40.097655
"359" 2018 71222 40.95265
"360" 2018 70675 40.638125
"361" 2018 71691 39.788505
"362" 2018 70202 40.36615
"363" 2018 70535 45.495075
"364" 2018 67315 45.437625
"365" 2018 68282 46.43176
"366" 2018 70431 46.48446
"367" 2018 72402 49.95738
"368" 2018 73839 53.16408
"369" 2018 73065 56.625375
"370" 2018 70040 59.1838
"371" 2018 69501 62.898405
"372" 2018 68857 66.79129
"373" 2018 69035 68.34465
"374" 2018 69661 73.14405
"375" 2018 69965 80.45975
"376" 2018 68429 86.562685
"377" 2018 65261 92.344315
"378" 2018 59498 91.92441
"379" 2018 61433 101.36445
"380" 2018 63308 110.789
"381" 2018 65305 125.059075
"382" 2018 66580 147.4747
"383" 2018 71263 181.00802
"384" 2018 72886 199.34321
"385" 2018 73253 220.49153
"386" 2018 73454 236.88915
"387" 2018 74757 257.16408
"388" 2018 75406 286.91983
"389" 2018 74448 316.03176
"390" 2018 73940 342.3422
"391" 2018 73343 360.84756
"392" 2018 72808 402.99228
"393" 2018 70259 432.444145
"394" 2018 73065 495.3807
"395" 2018 74666 555.14171
"396" 2018 73766 599.71758
"397" 2018 73522 663.53605
"398" 2018 72213 721.40787
"399" 2018 74283 802.2564
"400" 2018 71273 808.592185
"401" 2018 73404 899.56602
"402" 2018 75153 1010.05632
"403" 2018 75888 1115.5536
"404" 2018 74819 1206.456375
"405" 2018 72028 1261.93056
"406" 2018 63500 1220.1525
"407" 2018 50120 1056.279
"408" 2018 47050 1091.79525
"409" 2018 37069 955.453475
"410" 2018 52957 1513.246275
"411" 2018 36694 1165.21797
"412" 2018 41541 1496.514525
"413" 2018 38802 1588.55388
"414" 2018 35073 1585.65033
"415" 2018 31788 1614.8304
"416" 2018 30336 1753.26912
"417" 2018 27318 1803.67095
"418" 2018 24057 1812.21381
"419" 2018 23317 2013.18978
"420" 2018 21746 2135.23974
"421" 2018 20018 2196.47505
"422" 2018 17068 2111.05558
"423" 2018 14643 2054.70576
"424" 2018 11724 1841.48868
"425" 2018 9619 1679.621685
"426" 2018 7983 1557.523215
"427" 2018 6064 1311.1884
"428" 2018 4605 1097.026125
"429" 2018 3288 860.99568
"430" 2018 2246 642.97365
"431" 2018 1569 488.49246
"432" 2018 797 268.409675
"433" 2018 603 218.45484
"434" 2018 365 141.457575
"435" 2018 221 91.1183
"436" 2018 128 55.83808
"437" 2018 64 29.38432
"438" 2018 35 16.827475
"439" 2018 23 11.524035
"440" 2018 7 3.638705
"441" 2018 2 1.07409
"442" 2018 2 1.10544
"443" 2018 2 1.56017
"444" 2018 0 0
"445" 2019 47663 91.51296
"446" 2019 50934 8.14944
"447" 2019 53817 5.91987
"448" 2019 56444 4.51552
"449" 2019 58828 4.70624
"450" 2019 59868 4.4901
"451" 2019 61378 3.37579
"452" 2019 61893 3.09465
"453" 2019 63132 3.47226
"454" 2019 62739 3.76434
"455" 2019 62026 4.65195
"456" 2019 61379 4.91032
"457" 2019 61590 4.9272
"458" 2019 60193 7.22316
"459" 2019 60350 10.2595
"460" 2019 59122 12.41562
"461" 2019 58107 14.52675
"462" 2019 58628 20.5198
"463" 2019 59600 28.31
"464" 2019 60710 31.26565
"465" 2019 59640 31.6092
"466" 2019 61894 34.66064
"467" 2019 63720 33.453
"468" 2019 66388 35.18564
"469" 2019 68734 40.20939
"470" 2019 69063 39.711225
"471" 2019 71766 41.26545
"472" 2019 71153 39.489915
"473" 2019 72182 41.50465
"474" 2019 70708 45.60666
"475" 2019 70898 47.85615
"476" 2019 67638 45.99384
"477" 2019 68548 45.24168
"478" 2019 70664 48.75816
"479" 2019 72648 52.30656
"480" 2019 73972 57.3283
"481" 2019 73161 61.821045
"482" 2019 70145 63.481225
"483" 2019 69593 67.50521
"484" 2019 68880 68.1912
"485" 2019 69052 72.5046
"486" 2019 69678 80.1297
"487" 2019 69956 88.49434
"488" 2019 68421 96.815715
"489" 2019 65258 100.82361
"490" 2019 59442 98.0793
"491" 2019 61378 107.4115
"492" 2019 63178 120.98587
"493" 2019 65147 144.300605
"494" 2019 66433 168.73982
"495" 2019 71078 194.39833
"496" 2019 72753 218.98653
"497" 2019 73031 235.524975
"498" 2019 73207 251.83208
"499" 2019 74480 283.3964
"500" 2019 75114 318.85893
"501" 2019 74138 343.25894
"502" 2019 73574 361.98408
"503" 2019 72991 404.005185
"504" 2019 72416 445.72048
"505" 2019 69831 473.45418
"506" 2019 72549 539.401815
"507" 2019 74158 602.90454
"508" 2019 73129 659.989225
"509" 2019 72894 728.21106
"510" 2019 71459 771.7572
"511" 2019 73497 833.823465
"512" 2019 70572 864.85986
"513" 2019 72530 974.8032
"514" 2019 74150 1090.005
"515" 2019 74793 1206.037125
"516" 2019 73683 1290.92616
"517" 2019 70796 1360.34514
"518" 2019 62308 1313.1411
"519" 2019 49080 1138.9014
"520" 2019 45971 1184.902525
"521" 2019 36179 1033.814925
"522" 2019 51476 1634.62038
"523" 2019 35499 1278.851475
"524" 2019 40134 1643.08596
"525" 2019 37256 1684.34376
"526" 2019 33476 1700.5808
"527" 2019 30151 1742.577045
"528" 2019 28614 1889.23935
"529" 2019 25592 1927.84536
"530" 2019 22219 1918.38846
"531" 2019 21307 2092.13433
"532" 2019 19594 2149.95165
"533" 2019 17843 2206.911455
"534" 2019 15088 2117.14816
"535" 2019 12608 1980.33856
"536" 2019 9918 1731.83157
"537" 2019 7943 1549.719015
"538" 2019 6427 1389.678075
"539" 2019 4737 1128.471825
"540" 2019 3487 913.10582
"541" 2019 2361 675.895275
"542" 2019 1569 488.49246
"543" 2019 1078 363.04345
"544" 2019 533 193.09524
"545" 2019 389 150.758895
"546" 2019 214 88.2322
"547" 2019 137 59.764195
"548" 2019 74 33.97562
"549" 2019 37 17.789045
"550" 2019 19 9.519855
"551" 2019 12 6.23778
"552" 2019 6 3.22227
"553" 2019 1 0.55272
"554" 2019 1 0.780085
"555" 2019 0 0
"556" 2020 45746 87.83232
"557" 2020 48090 7.6944
"558" 2020 51271 5.63981
"559" 2020 54114 4.32912
"560" 2020 56703 4.53624
"561" 2020 59068 4.4301
"562" 2020 60087 3.304785
"563" 2020 61642 3.0821
"564" 2020 62121 3.416655
"565" 2020 63369 3.80214
"566" 2020 62943 4.720725
"567" 2020 62215 4.9772
"568" 2020 61565 4.9252
"569" 2020 61770 7.4124
"570" 2020 60332 10.25644
"571" 2020 60472 12.69912
"572" 2020 59310 14.8275
"573" 2020 58239 20.38365
"574" 2020 58939 27.996025
"575" 2020 59711 30.751165
"576" 2020 60796 32.22188
"577" 2020 59796 33.48576
"578" 2020 62211 32.660775
"579" 2020 64230 34.0419
"580" 2020 66911 39.142935
"581" 2020 69316 39.8567
"582" 2020 69568 40.0016
"583" 2020 72329 40.142595
"584" 2020 71682 41.21715
"585" 2020 72790 46.94955
"586" 2020 71313 48.136275
"587" 2020 71434 48.57512
"588" 2020 68069 44.92554
"589" 2020 68967 47.58723
"590" 2020 70985 51.1092
"591" 2020 72961 56.544775
"592" 2020 74223 62.718435
"593" 2020 73437 66.460485
"594" 2020 70361 68.25017
"595" 2020 69800 69.102
"596" 2020 69056 72.5088
"597" 2020 69134 79.5041
"598" 2020 69773 88.262845
"599" 2020 69996 99.04434
"600" 2020 68516 105.85722
"601" 2020 65276 107.7054
"602" 2020 59488 104.104
"603" 2020 61407 117.594405
"604" 2020 63138 139.85067
"605" 2020 65064 165.26256
"606" 2020 66339 181.437165
"607" 2020 70970 213.6197
"608" 2020 72571 234.041475
"609" 2020 72862 250.64528
"610" 2020 73052 277.96286
"611" 2020 74260 315.2337
"612" 2020 74821 346.42123
"613" 2020 73880 363.4896
"614" 2020 73260 405.4941
"615" 2020 72650 447.16075
"616" 2020 72007 488.20746
"617" 2020 69453 516.383055
"618" 2020 72098 586.15674
"619" 2020 73585 664.104625
"620" 2020 72476 724.03524
"621" 2020 72173 779.4684
"622" 2020 70726 802.38647
"623" 2020 72730 891.30615
"624" 2020 69771 937.72224
"625" 2020 71560 1051.932
"626" 2020 73079 1178.398875
"627" 2020 73689 1291.03128
"628" 2020 72408 1391.31972
"629" 2020 69492 1464.5439
"630" 2020 61063 1416.966915
"631" 2020 47990 1236.94225
"632" 2020 44814 1280.56005
"633" 2020 35182 1117.20441
"634" 2020 49918 1798.29595
"635" 2020 34273 1403.13662
"636" 2020 38583 1744.33743
"637" 2020 35637 1810.3596
"638" 2020 31858 1841.23311
"639" 2020 28475 1880.061875
"640" 2020 26843 2022.08319
"641" 2020 23816 2056.27344
"642" 2020 20450 2007.9855
"643" 2020 19346 2122.73985
"644" 2020 17515 2166.342775
"645" 2020 15739 2208.49648
"646" 2020 13054 2050.39178
"647" 2020 10692 1866.98358
"648" 2020 8208 1601.42184
"649" 2020 6394 1382.54265
"650" 2020 5083 1210.897675
"651" 2020 3633 951.33738
"652" 2020 2613 748.036575
"653" 2020 1703 530.21202
"654" 2020 1113 374.830575
"655" 2020 725 262.653
"656" 2020 346 134.09403
"657" 2020 260 107.198
"658" 2020 131 57.146785
"659" 2020 87 39.94431
"660" 2020 44 21.15454
"661" 2020 19 9.519855
"662" 2020 7 3.638705
"663" 2020 9 4.833405
"664" 2020 4 2.21088
"665" 2020 0 0
"666" 2020 1 1
"667" 2021 46524 89.32608
"668" 2021 46120 7.3792
"669" 2021 48387 5.32257
"670" 2021 51555 4.1244
"671" 2021 54406 4.35248
"672" 2021 56983 4.273725
"673" 2021 59376 3.26568
"674" 2021 60335 3.01675
"675" 2021 61874 3.40307
"676" 2021 62382 3.74292
"677" 2021 63599 4.769925
"678" 2021 63170 5.0536
"679" 2021 62420 4.9936
"680" 2021 61773 7.41276
"681" 2021 61957 10.53269
"682" 2021 60495 12.70395
"683" 2021 60658 15.1645
"684" 2021 59512 20.8292
"685" 2021 58532 27.8027
"686" 2021 59035 30.403025
"687" 2021 59870 31.7311
"688" 2021 60955 34.1348
"689" 2021 60148 31.5777
"690" 2021 62734 33.24902
"691" 2021 64703 37.851255
"692" 2021 67442 38.77915
"693" 2021 69911 40.198825
"694" 2021 70199 38.960445
"695" 2021 73077 42.019275
"696" 2021 72361 46.672845
"697" 2021 73362 49.51935
"698" 2021 71860 48.8648
"699" 2021 71989 47.51274
"700" 2021 68479 47.25051
"701" 2021 69377 49.95144
"702" 2021 71361 55.304775
"703" 2021 73359 61.988355
"704" 2021 74548 67.46594
"705" 2021 73785 71.57145
"706" 2021 70641 69.93459
"707" 2021 70010 73.5105
"708" 2021 69270 79.6605
"709" 2021 69281 87.640465
"710" 2021 69856 98.84624
"711" 2021 70114 108.32613
"712" 2021 68580 113.157
"713" 2021 65326 114.3205
"714" 2021 59488 113.91952
"715" 2021 61412 136.02758
"716" 2021 63084 160.23336
"717" 2021 65013 177.810555
"718" 2021 66251 199.41551
"719" 2021 70831 228.429975
"720" 2021 72384 249.00096
"721" 2021 72667 276.497935
"722" 2021 72812 309.08694
"723" 2021 73963 342.44869
"724" 2021 74540 366.7368
"725" 2021 73554 407.12139
"726" 2021 72914 448.78567
"727" 2021 72238 489.77364
"728" 2021 71547 531.951945
"729" 2021 69001 560.97813
"730" 2021 71541 645.657525
"731" 2021 72924 728.51076
"732" 2021 71821 775.6668
"733" 2021 71507 811.246915
"734" 2021 69947 857.200485
"735" 2021 71835 965.4624
"736" 2021 68865 1012.3155
"737" 2021 70584 1138.167
"738" 2021 71944 1260.45888
"739" 2021 72502 1393.12593
"740" 2021 71071 1497.821325
"741" 2021 68027 1578.566535
"742" 2021 59702 1538.81905
"743" 2021 46773 1336.538475
"744" 2021 43553 1383.025515
"745" 2021 34142 1229.96555
"746" 2021 48256 1975.60064
"747" 2021 32930 1488.7653
"748" 2021 36928 1875.9424
"749" 2021 33805 1953.759975
"750" 2021 30078 1985.89995
"751" 2021 26718 2012.66694
"752" 2021 24842 2144.85828
"753" 2021 21914 2151.73566
"754" 2021 18592 2040.0072
"755" 2021 17304 2140.24524
"756" 2021 15451 2168.08432
"757" 2021 13676 2148.08932
"758" 2021 11109 1939.798035
"759" 2021 8920 1740.3366
"760" 2021 6690 1446.54525
"761" 2021 5017 1195.174825
"762" 2021 3909 1023.61074
"763" 2021 2667 763.495425
"764" 2021 1873 583.13982
"765" 2021 1182 398.06805
"766" 2021 752 272.43456
"767" 2021 471 182.538405
"768" 2021 229 94.4167
"769" 2021 163 71.106305
"770" 2021 86 39.48518
"771" 2021 42 20.19297
"772" 2021 26 13.02717
"773" 2021 9 4.678335
"774" 2021 5 2.685225
"775" 2021 5 2.7636
"776" 2021 1 0.780085
"777" 2021 0 0
