"year" "population" "expected"
"1" 2015 92855 341.7064
"2" 2015 89676 24.21252
"3" 2015 90971 16.37478
"4" 2015 88268 12.35752
"5" 2015 90395 9.94345
"6" 2015 97131 8.74179
"7" 2015 99801 9.481095
"8" 2015 97877 9.7877
"9" 2015 101533 11.676295
"10" 2015 98209 11.294035
"11" 2015 94683 8.52147
"12" 2015 94252 8.95394
"13" 2015 96675 11.601
"14" 2015 96979 14.061955
"15" 2015 97881 15.66096
"16" 2015 94845 17.546325
"17" 2015 97758 22.97313
"18" 2015 101848 31.06364
"19" 2015 110440 41.415
"20" 2015 117206 46.8824
"21" 2015 120332 46.92948
"22" 2015 121947 46.949595
"23" 2015 125459 48.92901
"24" 2015 129707 53.17987
"25" 2015 127566 56.12904
"26" 2015 123620 55.0109
"27" 2015 122201 55.601455
"28" 2015 121602 63.23304
"29" 2015 122503 68.60168
"30" 2015 123416 69.11296
"31" 2015 118456 72.25816
"32" 2015 120133 82.89177
"33" 2015 126783 93.81942
"34" 2015 135612 105.77736
"35" 2015 142113 125.05944
"36" 2015 152234 146.14464
"37" 2015 159125 159.920625
"38" 2015 167141 183.8551
"39" 2015 174252 206.48862
"40" 2015 181934 230.14651
"41" 2015 173840 252.068
"42" 2015 146895 242.37675
"43" 2015 144774 267.8319
"44" 2015 142427 294.111755
"45" 2015 144338 340.63768
"46" 2015 144893 402.80254
"47" 2015 144912 467.3412
"48" 2015 138280 519.2414
"49" 2015 125791 539.64339
"50" 2015 120846 596.97924
"51" 2015 118949 668.49338
"52" 2015 117182 735.90296
"53" 2015 113423 807.004645
"54" 2015 120016 956.52752
"55" 2015 124828 1112.84162
"56" 2015 124815 1235.6685
"57" 2015 129688 1418.13828
"58" 2015 133007 1597.41407
"59" 2015 149124 1932.64704
"60" 2015 159322 2231.30461
"61" 2015 164139 2486.70585
"62" 2015 148599 2414.73375
"63" 2015 131944 2317.59636
"64" 2015 131871 2524.670295
"65" 2015 132017 2700.407735
"66" 2015 124690 2645.9218
"67" 2015 120528 2700.42984
"68" 2015 114065 2735.849025
"69" 2015 98610 2495.8191
"70" 2015 94025 2515.638875
"71" 2015 104634 2986.77753
"72" 2015 94137 2887.652475
"73" 2015 93925 3092.480625
"74" 2015 84892 3012.39262
"75" 2015 83562 3232.59597
"76" 2015 75070 3181.09125
"77" 2015 71477 3330.11343
"78" 2015 66192 3418.8168
"79" 2015 61498 3512.76576
"80" 2015 58632 3724.30464
"81" 2015 54892 3919.2888
"82" 2015 52007 4103.612335
"83" 2015 47943 4200.525945
"84" 2015 42761 4148.458415
"85" 2015 42179.43 4510.45734705
"86" 2015 35448.56 4166.8009852
"87" 2015 30204.54 3893.6672514
"88" 2015 24871.43 3514.8304876
"89" 2015 21395.59 3301.7674488
"90" 2015 17732.86 3019.7287294
"91" 2015 13028.91 2437.3181937
"92" 2015 11026.31 2265.0246002
"93" 2015 8875.57 2001.1747679
"94" 2015 6347.12 1541.715448
"95" 2015 4389.85 1142.87549825
"96" 2015 2850.43 798.64772955
"97" 2015 1079.14 324.2761743
"98" 2015 687.51 220.7732112
"99" 2015 520.87 178.085453
"100" 2015 415.84 150.814772
"101" 2015 354.8 135.987744
"102" 2015 210.24 84.8444544
"103" 2015 130.85 55.39600175
"104" 2015 58.96 26.0915688
"105" 2015 36 16.5951
"106" 2015 10 4.7858
"107" 2015 10 4.9527
"108" 2015 5 2.554975
"109" 2015 2 1.05142
"110" 2015 1 0.766405
"111" 2015 0 0
"112" 2016 91741 337.60688
"113" 2016 93268 25.18236
"114" 2016 89987 16.19766
"115" 2016 91335 12.7869
"116" 2016 88537 9.73907
"117" 2016 90632 8.15688
"118" 2016 97323 9.245685
"119" 2016 100057 10.0057
"120" 2016 98131 11.285065
"121" 2016 101758 11.70217
"122" 2016 98356 8.85204
"123" 2016 94893 9.014835
"124" 2016 94428 11.33136
"125" 2016 96823 14.039335
"126" 2016 97179 15.54864
"127" 2016 98170 18.16145
"128" 2016 95116 22.35226
"129" 2016 98171 29.942155
"130" 2016 102508 38.4405
"131" 2016 111228 44.4912
"132" 2016 117807 45.94473
"133" 2016 120732 46.48182
"134" 2016 121913 47.54607
"135" 2016 125219 51.33979
"136" 2016 129266 56.87704
"137" 2016 127237 56.620465
"138" 2016 123271 56.088305
"139" 2016 121996 63.43792
"140" 2016 121394 67.98064
"141" 2016 122326 68.50256
"142" 2016 123386 75.26546
"143" 2016 118493 81.76017
"144" 2016 120301 89.02274
"145" 2016 126918 98.99604
"146" 2016 135603 119.33064
"147" 2016 142236 136.54656
"148" 2016 152335 153.096675
"149" 2016 159221 175.1431
"150" 2016 167108 198.02298
"151" 2016 174263 220.442695
"152" 2016 181867 263.70715
"153" 2016 173761 286.70565
"154" 2016 146941 271.84085
"155" 2016 144759 298.927335
"156" 2016 142451 336.18436
"157" 2016 144225 400.9455
"158" 2016 144680 466.593
"159" 2016 144551 542.789005
"160" 2016 137955 591.82695
"161" 2016 125305 619.0067
"162" 2016 120286 676.00732
"163" 2016 118327 743.09356
"164" 2016 116475 828.719625
"165" 2016 112729 898.45013
"166" 2016 119134 1062.07961
"167" 2016 123856 1226.1744
"168" 2016 123689 1352.539215
"169" 2016 128327 1541.20727
"170" 2016 131563 1705.05648
"171" 2016 147254 2062.29227
"172" 2016 157262 2382.5193
"173" 2016 161717 2627.90125
"174" 2016 146463 2572.622595
"175" 2016 129994 2488.73513
"176" 2016 129669 2652.379395
"177" 2016 129583 2749.75126
"178" 2016 122266 2739.36973
"179" 2016 117976 2829.65436
"180" 2016 111551 2823.35581
"181" 2016 96268 2575.65034
"182" 2016 91613 2615.093085
"183" 2016 101633 3117.592275
"184" 2016 91266 3004.93305
"185" 2016 90850 3223.81225
"186" 2016 81838 3165.90303
"187" 2016 80283 3401.992125
"188" 2016 71776 3344.04384
"189" 2016 68086 3516.6419
"190" 2016 62686 3580.62432
"191" 2016 57973 3682.44496
"192" 2016 54740 3908.436
"193" 2016 50790 4007.58495
"194" 2016 47870 4194.13005
"195" 2016 43634 4233.15251
"196" 2016 38397 4105.983195
"197" 2016 37682.95 4429.44235775
"198" 2016 31201.1 4022.133801
"199" 2016 26104.13 3689.0356516
"200" 2016 21225.07 3275.4528024
"201" 2016 17922.28 3051.9850612
"202" 2016 14495.57 2711.6862799
"203" 2016 10342.67 2124.5912714
"204" 2016 8653.11 1951.0167117
"205" 2016 6771.39 1644.770631
"206" 2016 4643.99 1209.03957655
"207" 2016 3153.75 883.63344375
"208" 2016 1982.36 595.6892682
"209" 2016 728.11 233.8106832
"210" 2016 445.49 152.313031
"211" 2016 317.86 115.2798755
"212" 2016 271.83 104.1870024
"213" 2016 222.8 89.913168
"214" 2016 124.23 52.59339165
"215" 2016 84.84 37.5442452
"216" 2016 29.96 13.810811
"217" 2016 21 10.05018
"218" 2016 5 2.47635
"219" 2016 5 2.554975
"220" 2016 3 1.57713
"221" 2016 1 0.766405
"222" 2016 1 1
"223" 2017 94858 349.07744
"224" 2017 91999 24.83973
"225" 2017 93369 16.80642
"226" 2017 90119 12.61666
"227" 2017 91394 10.05334
"228" 2017 88553 7.96977
"229" 2017 90705 8.616975
"230" 2017 97300 9.73
"231" 2017 100067 11.507705
"232" 2017 98077 11.278855
"233" 2017 101757 9.15813
"234" 2017 98443 9.352085
"235" 2017 94939 11.39268
"236" 2017 94447 13.694815
"237" 2017 96838 15.49408
"238" 2017 97354 18.01049
"239" 2017 98318 23.10473
"240" 2017 95350 29.08175
"241" 2017 98785 37.044375
"242" 2017 103262 41.3048
"243" 2017 111759 43.58601
"244" 2017 117880 45.3838
"245" 2017 120596 47.03244
"246" 2017 121571 49.84411
"247" 2017 124854 54.93576
"248" 2017 128617 57.234565
"249" 2017 126630 57.61665
"250" 2017 122681 63.79412
"251" 2017 121556 68.07136
"252" 2017 121079 67.80424
"253" 2017 122065 74.45965
"254" 2017 123089 84.93141
"255" 2017 118253 87.50722
"256" 2017 120175 93.7365
"257" 2017 126727 111.51976
"258" 2017 135440 130.0224
"259" 2017 142023 142.733115
"260" 2017 152007 167.2077
"261" 2017 158899 188.295315
"262" 2017 166770 210.96405
"263" 2017 173851 252.08395
"264" 2017 181329 299.19285
"265" 2017 173293 320.59205
"266" 2017 146552 302.62988
"267" 2017 144283 340.50788
"268" 2017 142000 394.76
"269" 2017 143673 463.345425
"270" 2017 144083 541.031665
"271" 2017 143849 617.11221
"272" 2017 137234 677.93596
"273" 2017 124636 700.45432
"274" 2017 119564 750.86192
"275" 2017 117488 835.92712
"276" 2017 115624 921.52328
"277" 2017 111831 996.973365
"278" 2017 118230 1170.477
"279" 2017 122687 1341.582345
"280" 2017 122414 1470.19214
"281" 2017 126797 1643.28912
"282" 2017 129938 1819.78169
"283" 2017 145292 2201.1738
"284" 2017 155007 2518.86375
"285" 2017 159321 2798.473365
"286" 2017 144099 2758.775355
"287" 2017 127655 2611.183025
"288" 2017 127203 2699.24766
"289" 2017 126932 2843.91146
"290" 2017 119561 2867.670585
"291" 2017 115385 2920.39435
"292" 2017 108787 2910.596185
"293" 2017 93725 2675.380125
"294" 2017 89007 2730.289725
"295" 2017 98594 3246.20745
"296" 2017 88184 3129.20924
"297" 2017 87663 3391.243155
"298" 2017 78724 3335.9295
"299" 2017 76961 3585.61299
"300" 2017 68477 3536.83705
"301" 2017 64659 3693.32208
"302" 2017 59079 3752.69808
"303" 2017 54281 3875.6634
"304" 2017 50857 4012.871585
"305" 2017 46745 4095.563175
"306" 2017 43772 4246.54058
"307" 2017 39465 4220.189775
"308" 2017 34385 4041.784825
"309" 2017 33558.69 4326.0507279
"310" 2017 27322.87 3861.2679884
"311" 2017 22601.93 3487.9298376
"312" 2017 17957.89 3058.0490881
"313" 2017 14959.14 2798.4063198
"314" 2017 11830.45 2430.211039
"315" 2017 8208.57 1850.7862779
"316" 2017 6709.02 1629.620958
"317" 2017 5059.32 1317.1686654
"318" 2017 3391.93 950.36790705
"319" 2017 2246.72 675.1281264
"320" 2017 1396.33 448.3894896
"321" 2017 499.1 170.64229
"322" 2017 290.48 105.349834
"323" 2017 212.85 81.581148
"324" 2017 180.83 72.9757548
"325" 2017 146.79 62.14428045
"326" 2017 68.23 30.1938219
"327" 2017 47.84 22.053044
"328" 2017 14.96 7.1595568
"329" 2017 12 5.94324
"330" 2017 2 1.02199
"331" 2017 3 1.57713
"332" 2017 2 1.53281
"333" 2017 1 1
"334" 2018 94086 346.23648
"335" 2018 95162 25.69374
"336" 2018 92247 16.60446
"337" 2018 93566 13.09924
"338" 2018 90295 9.93245
"339" 2018 91568 8.24112
"340" 2018 88672 8.42384
"341" 2018 90758 9.0758
"342" 2018 97343 11.194445
"343" 2018 100131 11.515065
"344" 2018 98154 8.83386
"345" 2018 101837 9.674515
"346" 2018 98526 11.82312
"347" 2018 95015 13.777175
"348" 2018 94556 15.12896
"349" 2018 97015 17.947775
"350" 2018 97536 22.92096
"351" 2018 98646 30.08703
"352" 2018 96216 36.081
"353" 2018 99927 39.9708
"354" 2018 104393 40.71327
"355" 2018 112618 43.35793
"356" 2018 118579 46.24581
"357" 2018 121164 49.67724
"358" 2018 121928 53.64832
"359" 2018 125135 55.685075
"360" 2018 128804 58.60582
"361" 2018 126927 66.00204
"362" 2018 122846 68.79376
"363" 2018 121825 68.222
"364" 2018 121457 74.08877
"365" 2018 122510 84.5319
"366" 2018 123564 91.43736
"367" 2018 118617 92.52126
"368" 2018 120663 106.18344
"369" 2018 127274 122.18304
"370" 2018 135806 136.48503
"371" 2018 142353 156.5883
"372" 2018 152209 180.367665
"373" 2018 159053 201.202045
"374" 2018 166875 241.96875
"375" 2018 174015 287.12475
"376" 2018 181301 335.40685
"377" 2018 173202 357.66213
"378" 2018 146449 345.61964
"379" 2018 144162 400.77036
"380" 2018 141786 457.25985
"381" 2018 143432 538.58716
"382" 2018 143738 616.63602
"383" 2018 143301 707.90694
"384" 2018 136684 768.16408
"385" 2018 124099 779.34172
"386" 2018 118988 846.59962
"387" 2018 116779 930.72863
"388" 2018 114828 1023.69162
"389" 2018 110943 1098.3357
"390" 2018 117162 1281.16647
"391" 2018 121475 1458.91475
"392" 2018 121112 1569.61152
"393" 2018 125192 1753.31396
"394" 2018 128162 1941.6543
"395" 2018 143207 2327.11375
"396" 2018 152568 2679.85692
"397" 2018 156629 2998.662205
"398" 2018 141336 2891.02788
"399" 2018 125040 2653.3488
"400" 2018 124548 2790.49794
"401" 2018 124020 2974.6197
"402" 2018 116644 2952.25964
"403" 2018 112326 3005.28213
"404" 2018 105738 3018.29121
"405" 2018 91006 2791.60905
"406" 2018 86105 2835.007125
"407" 2018 95249 3379.910765
"408" 2018 84975 3287.257875
"409" 2018 84192 3567.636
"410" 2018 75158 3501.61122
"411" 2018 73341 3788.06265
"412" 2018 64761 3699.14832
"413" 2018 60931 3870.33712
"414" 2018 55215 3942.351
"415" 2018 50394 3976.33857
"416" 2018 46775 4098.191625
"417" 2018 42431 4116.443465
"418" 2018 39481 4221.900735
"419" 2018 35107 4126.652315
"420" 2018 30196 3892.56636
"421" 2018 29319.35 4143.410542
"422" 2018 23499.56 3626.4520992
"423" 2018 19037.66 3241.9231214
"424" 2018 14784.64 2765.7626048
"425" 2018 12049.91 2475.2925122
"426" 2018 9373.26 2113.3889322
"427" 2018 6311.42 1533.043918
"428" 2018 5107.9 1329.8162255
"429" 2018 3743.23 1048.79689755
"430" 2018 2421.86 727.7568207
"431" 2018 1541.67 495.0610704
"432" 2018 955.3 326.61707
"433" 2018 316.09 114.63794075
"434" 2018 180.48 69.1743744
"435" 2018 134.85 54.420066
"436" 2018 106.82 45.2227811
"437" 2018 82.79 36.6370587
"438" 2018 40.23 18.54502425
"439" 2018 28.84 13.8022472
"440" 2018 5.96 2.9518092
"441" 2018 3 1.532985
"442" 2018 1 0.52571
"443" 2018 2 1.53281
"444" 2018 2 2
"445" 2019 92771 341.39728
"446" 2019 94188 25.43076
"447" 2019 95429 17.17722
"448" 2019 92482 12.94748
"449" 2019 93735 10.31085
"450" 2019 90474 8.14266
"451" 2019 91701 8.711595
"452" 2019 88833 8.8833
"453" 2019 90794 10.44131
"454" 2019 97377 11.198355
"455" 2019 100165 9.01485
"456" 2019 98223 9.331185
"457" 2019 101905 12.2286
"458" 2019 98596 14.29642
"459" 2019 95066 15.21056
"460" 2019 94780 17.5343
"461" 2019 97178 22.83683
"462" 2019 97755 29.815275
"463" 2019 99628 37.3605
"464" 2019 97713 39.0852
"465" 2019 101415 39.55185
"466" 2019 105368 40.56668
"467" 2019 113489 44.26071
"468" 2019 119554 49.01714
"469" 2019 121977 53.66988
"470" 2019 122863 54.674035
"471" 2019 125924 57.29542
"472" 2019 129464 67.32128
"473" 2019 127654 71.48624
"474" 2019 123449 69.13144
"475" 2019 122379 74.65119
"476" 2019 122289 84.37941
"477" 2019 123272 91.22128
"478" 2019 124441 97.06398
"479" 2019 119336 105.01568
"480" 2019 121400 116.544
"481" 2019 128044 128.68422
"482" 2019 136532 150.1852
"483" 2019 143036 169.49766
"484" 2019 152805 193.298325
"485" 2019 159616 231.4432
"486" 2019 167350 276.1275
"487" 2019 174427 322.68995
"488" 2019 181603 375.010195
"489" 2019 173454 409.35144
"490" 2019 146606 407.56468
"491" 2019 144301 465.370725
"492" 2019 141746 532.25623
"493" 2019 143429 615.31041
"494" 2019 143639 709.57666
"495" 2019 143002 803.67124
"496" 2019 136349 856.27172
"497" 2019 123648 879.75552
"498" 2019 118602 945.25794
"499" 2019 116129 1035.290035
"500" 2019 114178 1130.3622
"501" 2019 110121 1204.173135
"502" 2019 116170 1395.2017
"503" 2019 120342 1559.63232
"504" 2019 119730 1676.81865
"505" 2019 123688 1873.8732
"506" 2019 126312 2052.57
"507" 2019 141040 2477.3676
"508" 2019 150003 2871.807435
"509" 2019 153828 3146.55174
"510" 2019 138476 2938.46072
"511" 2019 122452 2743.53706
"512" 2019 121801 2921.396985
"513" 2019 121008 3062.71248
"514" 2019 113600 3039.368
"515" 2019 109364 3121.79538
"516" 2019 102737 3151.457475
"517" 2019 88201 2904.017925
"518" 2019 83161 2950.968085
"519" 2019 91720 3548.1882
"520" 2019 81713 3462.588375
"521" 2019 80578 3754.12902
"522" 2019 71566 3696.3839
"523" 2019 69537 3971.95344
"524" 2019 61012 3875.48224
"525" 2019 57039 4072.5846
"526" 2019 51344 4051.29832
"527" 2019 46482 4072.52043
"528" 2019 42626 4135.36139
"529" 2019 38344 4100.31564
"530" 2019 35192 4136.64364
"531" 2019 30947 3989.37777
"532" 2019 26284 3714.45488
"533" 2019 25356.15 3912.961068
"534" 2019 19890.39 3387.1345131
"535" 2019 15843.5 2963.843545
"536" 2019 12111.52 2487.9484384
"537" 2019 9618.8 2168.750836
"538" 2019 7242.17 1759.123093
"539" 2019 4821.36 1255.2169692
"540" 2019 3790.86 1062.1421091
"541" 2019 2629.18 790.0554441
"542" 2019 1683.83 540.7114896
"543" 2019 1102.65 376.996035
"544" 2019 621.28 225.322724
"545" 2019 205.09 78.6068952
"546" 2019 117.48 47.4102288
"547" 2019 78.85 33.38154175
"548" 2019 57.82 25.5870846
"549" 2019 47.79 22.02999525
"550" 2019 22.23 10.6388334
"551" 2019 11.84 5.8639968
"552" 2019 1.96 1.0015502
"553" 2019 2 1.05142
"554" 2019 1 0.766405
"555" 2019 0 0
"556" 2020 92521 340.47728
"557" 2020 92924 25.08948
"558" 2020 94481 17.00658
"559" 2020 95655 13.3917
"560" 2020 92656 10.19216
"561" 2020 93909 8.45181
"562" 2020 90576 8.60472
"563" 2020 91821 9.1821
"564" 2020 88971 10.231665
"565" 2020 90885 10.451775
"566" 2020 97519 8.77671
"567" 2020 100337 9.532015
"568" 2020 98327 11.79924
"569" 2020 102013 14.791885
"570" 2020 98741 15.79856
"571" 2020 95319 17.634015
"572" 2020 94951 22.313485
"573" 2020 97442 29.71981
"574" 2020 98807 37.052625
"575" 2020 101145 40.458
"576" 2020 98892 38.56788
"577" 2020 102023 39.278855
"578" 2020 105939 41.31621
"579" 2020 114161 46.80601
"580" 2020 120127 52.85588
"581" 2020 122605 54.559225
"582" 2020 123447 56.168385
"583" 2020 126494 65.77688
"584" 2020 130090 72.8504
"585" 2020 128255 71.8228
"586" 2020 124137 75.72357
"587" 2020 123207 85.01283
"588" 2020 123095 91.0903
"589" 2020 124112 96.80736
"590" 2020 125383 110.33704
"591" 2020 120231 115.42176
"592" 2020 122205 122.816025
"593" 2020 128729 141.6019
"594" 2020 137144 162.51564
"595" 2020 143683 181.758995
"596" 2020 153423 222.46335
"597" 2020 160094 264.1551
"598" 2020 167704 310.2524
"599" 2020 174769 360.897985
"600" 2020 181903 429.29108
"601" 2020 173672 482.80816
"602" 2020 146793 473.407425
"603" 2020 144383 542.158165
"604" 2020 141776 608.21904
"605" 2020 143231 707.56114
"606" 2020 143323 805.47526
"607" 2020 142728 896.33184
"608" 2020 135945 967.248675
"609" 2020 123100 981.107
"610" 2020 118006 1052.02349
"611" 2020 115406 1142.5194
"612" 2020 113321 1239.165135
"613" 2020 109184 1311.29984
"614" 2020 115171 1492.61616
"615" 2020 119022 1666.90311
"616" 2020 118363 1793.19945
"617" 2020 122171 1985.27875
"618" 2020 124520 2187.1938
"619" 2020 138879 2658.838455
"620" 2020 147446 3016.00793
"621" 2020 150899 3202.07678
"622" 2020 135813 3042.890265
"623" 2020 119862 2874.89007
"624" 2020 119022 3012.44682
"625" 2020 118083 3159.310665
"626" 2020 110629 3157.904805
"627" 2020 106315 3261.212625
"628" 2020 99729 3283.577325
"629" 2020 85455 3032.370675
"630" 2020 80359 3108.687915
"631" 2020 88245 3739.381875
"632" 2020 78333 3649.53447
"633" 2020 77071 3980.71715
"634" 2020 67946 3881.07552
"635" 2020 65683 4172.18416
"636" 2020 57339 4094.0046
"637" 2020 53097 4189.618785
"638" 2020 47419 4154.615685
"639" 2020 42678 4140.40617
"640" 2020 38661 4134.214035
"641" 2020 34211 4021.331995
"642" 2020 30956 3990.53796
"643" 2020 26908 3802.63856
"644" 2020 22540 3478.3728
"645" 2020 21697.75 3694.9098475
"646" 2020 16703.03 3124.6358221
"647" 2020 13118.22 2694.7447524
"648" 2020 9840.29 2218.6901863
"649" 2020 7633.6 1854.20144
"650" 2020 5569.01 1449.86390845
"651" 2020 3555.23 996.12211755
"652" 2020 2710.75 814.56682125
"653" 2020 1883.11 604.7042832
"654" 2020 1140.78 390.032682
"655" 2020 719.61 260.98455675
"656" 2020 398.26 152.6450928
"657" 2020 135.09 54.5169204
"658" 2020 74.47 31.52724685
"659" 2020 46.85 20.7325305
"660" 2020 30.81 14.20263975
"661" 2020 25.78 12.3377924
"662" 2020 14.22 7.0427394
"663" 2020 5.83 2.97910085
"664" 2020 1.96 1.0303916
"665" 2020 1 0.766405
"666" 2020 1 1
"667" 2021 93324 343.43232
"668" 2021 92882 25.07814
"669" 2021 93195 16.7751
"670" 2021 94699 13.25786
"671" 2021 95803 10.53833
"672" 2021 92694 8.34246
"673" 2021 93914 8.92183
"674" 2021 90594 9.0594
"675" 2021 91853 10.563095
"676" 2021 88954 10.22971
"677" 2021 90906 8.18154
"678" 2021 97572 9.26934
"679" 2021 100389 12.04668
"680" 2021 98377 14.264665
"681" 2021 102077 16.33232
"682" 2021 98892 18.29502
"683" 2021 95407 22.420645
"684" 2021 95153 29.021665
"685" 2021 98299 36.862125
"686" 2021 99999 39.9996
"687" 2021 101809 39.70551
"688" 2021 98944 38.09344
"689" 2021 101907 39.74373
"690" 2021 105953 43.44073
"691" 2021 113936 50.13184
"692" 2021 120037 53.416465
"693" 2021 122274 55.63467
"694" 2021 123206 64.06712
"695" 2021 126287 70.72072
"696" 2021 129936 72.76416
"697" 2021 127966 78.05926
"698" 2021 124010 85.5669
"699" 2021 123132 91.11768
"700" 2021 122939 95.89242
"701" 2021 124058 109.17104
"702" 2021 125454 120.43584
"703" 2021 120205 120.806025
"704" 2021 122063 134.2693
"705" 2021 128647 152.446695
"706" 2021 137031 173.344215
"707" 2021 143601 208.22145
"708" 2021 153296 252.9384
"709" 2021 159822 295.6707
"710" 2021 167472 345.82968
"711" 2021 174579 412.00644
"712" 2021 181551 504.71178
"713" 2021 173243 558.708675
"714" 2021 146285 549.300175
"715" 2021 143947 617.53263
"716" 2021 141306 698.05164
"717" 2021 142723 802.10326
"718" 2021 142763 896.55164
"719" 2021 141970 1010.11655
"720" 2021 135179 1077.37663
"721" 2021 122306 1090.35799
"722" 2021 117174 1160.0226
"723" 2021 114471 1251.740385
"724" 2021 112314 1348.89114
"725" 2021 108062 1400.48352
"726" 2021 113880 1594.8894
"727" 2021 117495 1780.04925
"728" 2021 116800 1898
"729" 2021 120271 2112.560115
"730" 2021 122511 2345.473095
"731" 2021 136308 2788.18014
"732" 2021 144495 3066.1839
"733" 2021 147598 3306.93319
"734" 2021 132583 3180.003255
"735" 2021 116843 2957.29633
"736" 2021 115865 3099.968075
"737" 2021 114757 3275.738565
"738" 2021 107231 3289.310925
"739" 2021 102649 3379.718325
"740" 2021 96088 3409.68268
"741" 2021 82185 3179.326725
"742" 2021 76976 3261.858
"743" 2021 84033 3915.09747
"744" 2021 74410 3843.2765
"745" 2021 72910 4164.6192
"746" 2021 63786 4051.68672
"747" 2021 61229 4371.7506
"748" 2021 53028 4184.17434
"749" 2021 48835 4278.678525
"750" 2021 42977 4169.413655
"751" 2021 38320 4097.7492
"752" 2021 34132 4012.04594
"753" 2021 29671 3824.88861
"754" 2021 26581 3756.42692
"755" 2021 22830 3523.1256
"756" 2021 18734 3190.21286
"757" 2021 18196.4 3404.000548
"758" 2021 13803.75 2835.566325
"759" 2021 10543.98 2377.3511706
"760" 2021 7760.1 1884.92829
"761" 2021 5836.43 1519.48536835
"762" 2021 4181.89 1171.70284965
"763" 2021 2618.15 786.74098425
"764" 2021 1925.68 618.3743616
"765" 2021 1331.07 455.092833
"766" 2021 781.76 283.524808
"767" 2021 473.59 181.5175752
"768" 2021 265.26 107.0483256
"769" 2021 86.08 36.4423984
"770" 2021 45.46 20.1174138
"771" 2021 26.84 12.372569
"772" 2021 20.81 9.9592498
"773" 2021 11.78 5.8342806
"774" 2021 4.22 2.1563989
"775" 2021 3.83 2.0134693
"776" 2021 1.96 1.5021538
"777" 2021 1 1
