"year" "population" "expected"
"1" 2015 92855 337.06365
"2" 2015 89676 18.83196
"3" 2015 90971 16.37478
"4" 2015 88268 14.12288
"5" 2015 90395 14.011225
"6" 2015 97131 12.62703
"7" 2015 99801 12.475125
"8" 2015 97877 11.74524
"9" 2015 101533 12.18396
"10" 2015 98209 10.80299
"11" 2015 94683 8.52147
"12" 2015 94252 7.0689
"13" 2015 96675 13.5345
"14" 2015 96979 17.941115
"15" 2015 97881 13.213935
"16" 2015 94845 17.0721
"17" 2015 97758 22.48434
"18" 2015 101848 26.98972
"19" 2015 110440 38.1018
"20" 2015 117206 42.19416
"21" 2015 120332 48.1328
"22" 2015 121947 48.169065
"23" 2015 125459 42.65606
"24" 2015 129707 51.234265
"25" 2015 127566 61.86951
"26" 2015 123620 59.9557
"27" 2015 122201 55.601455
"28" 2015 121602 57.76095
"29" 2015 122503 60.638985
"30" 2015 123416 63.55924
"31" 2015 118456 61.59712
"32" 2015 120133 78.08645
"33" 2015 126783 95.721165
"34" 2015 135612 101.03094
"35" 2015 142113 122.927745
"36" 2015 152234 156.80102
"37" 2015 159125 165.49
"38" 2015 167141 174.662345
"39" 2015 174252 192.54846
"40" 2015 181934 216.50146
"41" 2015 173840 249.4604
"42" 2015 146895 243.111225
"43" 2015 144774 251.90676
"44" 2015 142427 278.444785
"45" 2015 144338 337.75092
"46" 2015 144893 373.82394
"47" 2015 144912 408.65184
"48" 2015 138280 459.0896
"49" 2015 125791 494.987585
"50" 2015 120846 546.22392
"51" 2015 118949 599.50296
"52" 2015 117182 666.76558
"53" 2015 113423 736.682385
"54" 2015 120016 877.91704
"55" 2015 124828 1044.81036
"56" 2015 124815 1164.52395
"57" 2015 129688 1340.32548
"58" 2015 133007 1539.556025
"59" 2015 149124 1876.72554
"60" 2015 159322 2152.44022
"61" 2015 164139 2363.6016
"62" 2015 148599 2344.149225
"63" 2015 131944 2272.7354
"64" 2015 131871 2497.63674
"65" 2015 132017 2689.846375
"66" 2015 124690 2652.77975
"67" 2015 120528 2723.9328
"68" 2015 114065 2711.32505
"69" 2015 98610 2499.27045
"70" 2015 94025 2550.89825
"71" 2015 104634 2978.40681
"72" 2015 94137 2812.81356
"73" 2015 93925 2986.345375
"74" 2015 84892 2933.44306
"75" 2015 83562 3220.06167
"76" 2015 75070 3163.82515
"77" 2015 71477 3236.835945
"78" 2015 66192 3324.16224
"79" 2015 61498 3411.29406
"80" 2015 58632 3621.9918
"81" 2015 54892 3804.0156
"82" 2015 52007 3961.37319
"83" 2015 47943 4011.630525
"84" 2015 42761 3999.86394
"85" 2015 42179.43 4547.15345115
"86" 2015 35448.56 4271.9059656
"87" 2015 30204.54 3944.2598559
"88" 2015 24871.43 3486.4770574
"89" 2015 21395.59 3153.81694395
"90" 2015 17732.86 2827.6818556
"91" 2015 13028.91 2252.4379608
"92" 2015 11026.31 2076.41956765
"93" 2015 8875.57 1859.3431593
"94" 2015 6347.12 1466.660754
"95" 2015 4389.85 1098.2965715
"96" 2015 2850.43 763.33090185
"97" 2015 1079.14 309.8804467
"98" 2015 687.51 210.996819
"99" 2015 520.87 170.26458995
"100" 2015 415.84 144.286084
"101" 2015 354.8 130.22047
"102" 2015 210.24 81.3376512
"103" 2015 130.85 53.17744
"104" 2015 58.96 25.0848268
"105" 2015 36 15.98112
"106" 2015 10 4.61685
"107" 2015 10 4.7867
"108" 2015 5 2.474025
"109" 2015 2 1.02006
"110" 2015 1 0.758705
"111" 2015 0 0
"112" 2016 91741 333.01983
"113" 2016 93268 19.58628
"114" 2016 89987 16.19766
"115" 2016 91335 14.6136
"116" 2016 88537 13.723235
"117" 2016 90632 11.78216
"118" 2016 97323 12.165375
"119" 2016 100057 12.00684
"120" 2016 98131 11.77572
"121" 2016 101758 11.19338
"122" 2016 98356 8.85204
"123" 2016 94893 7.116975
"124" 2016 94428 13.21992
"125" 2016 96823 17.912255
"126" 2016 97179 13.119165
"127" 2016 98170 17.6706
"128" 2016 95116 21.87668
"129" 2016 98171 26.015315
"130" 2016 102508 35.36526
"131" 2016 111228 40.04208
"132" 2016 117807 47.1228
"133" 2016 120732 47.68914
"134" 2016 121913 41.45042
"135" 2016 125219 49.461505
"136" 2016 129266 62.69401
"137" 2016 127237 61.709945
"138" 2016 123271 56.088305
"139" 2016 121996 57.9481
"140" 2016 121394 60.09003
"141" 2016 122326 62.99789
"142" 2016 123386 64.16072
"143" 2016 118493 77.02045
"144" 2016 120301 90.827255
"145" 2016 126918 94.55391
"146" 2016 135603 117.296595
"147" 2016 142236 146.50308
"148" 2016 152335 158.4284
"149" 2016 159221 166.385945
"150" 2016 167108 184.65434
"151" 2016 174263 207.37297
"152" 2016 181867 260.979145
"153" 2016 173761 287.574455
"154" 2016 146941 255.67734
"155" 2016 144759 283.003845
"156" 2016 142451 333.33534
"157" 2016 144225 372.1005
"158" 2016 144680 407.9976
"159" 2016 144551 479.90932
"160" 2016 137955 542.852925
"161" 2016 125305 566.3786
"162" 2016 120286 606.24144
"163" 2016 118327 673.28063
"164" 2016 116475 756.505125
"165" 2016 112729 824.612635
"166" 2016 119134 997.15158
"167" 2016 123856 1155.57648
"168" 2016 123689 1278.325815
"169" 2016 128327 1485.385025
"170" 2016 131563 1655.720355
"171" 2016 147254 1989.40154
"172" 2016 157262 2264.5728
"173" 2016 161717 2551.085675
"174" 2016 146463 2522.825175
"175" 2016 129994 2462.08636
"176" 2016 129669 2642.005875
"177" 2016 129583 2756.878325
"178" 2016 122266 2763.2116
"179" 2016 117976 2804.28952
"180" 2016 111551 2827.260095
"181" 2016 96268 2611.75084
"182" 2016 91613 2607.764045
"183" 2016 101633 3036.79404
"184" 2016 91266 2901.80247
"185" 2016 90850 3139.32175
"186" 2016 81838 3153.62733
"187" 2016 80283 3383.527035
"188" 2016 71776 3250.37616
"189" 2016 68086 3419.27892
"190" 2016 62686 3477.19242
"191" 2016 57973 3581.282075
"192" 2016 54740 3793.482
"193" 2016 50790 3868.6743
"194" 2016 47870 4005.52225
"195" 2016 43634 4081.52436
"196" 2016 38397 4139.388585
"197" 2016 37682.95 4541.1723045
"198" 2016 31201.1 4074.3956435
"199" 2016 26104.13 3659.2769434
"200" 2016 21225.07 3128.68144335
"201" 2016 17922.28 2857.8867688
"202" 2016 14495.57 2505.9941416
"203" 2016 10342.67 1947.67990105
"204" 2016 8653.11 1812.7400139
"205" 2016 6771.39 1564.69894425
"206" 2016 4643.99 1161.8798581
"207" 2016 3153.75 844.55848125
"208" 2016 1982.36 569.2445858
"209" 2016 728.11 223.456959
"210" 2016 445.49 145.62399865
"211" 2016 317.86 110.2894735
"212" 2016 271.83 99.76840575
"213" 2016 222.8 86.196864
"214" 2016 124.23 50.487072
"215" 2016 84.84 36.0956022
"216" 2016 29.96 13.2998432
"217" 2016 21 9.695385
"218" 2016 5 2.39335
"219" 2016 5 2.474025
"220" 2016 3 1.53009
"221" 2016 1 0.758705
"222" 2016 1 1
"223" 2017 94858 344.33454
"224" 2017 91999 19.31979
"225" 2017 93369 16.80642
"226" 2017 90119 14.41904
"227" 2017 91394 14.16607
"228" 2017 88553 11.51189
"229" 2017 90705 11.338125
"230" 2017 97300 11.676
"231" 2017 100067 12.00804
"232" 2017 98077 10.78847
"233" 2017 101757 9.15813
"234" 2017 98443 7.383225
"235" 2017 94939 13.29146
"236" 2017 94447 17.472695
"237" 2017 96838 13.07313
"238" 2017 97354 17.52372
"239" 2017 98318 22.61314
"240" 2017 95350 25.26775
"241" 2017 98785 34.080825
"242" 2017 103262 37.17432
"243" 2017 111759 44.7036
"244" 2017 117880 46.5626
"245" 2017 120596 41.00264
"246" 2017 121571 48.020545
"247" 2017 124854 60.55419
"248" 2017 128617 62.379245
"249" 2017 126630 57.61665
"250" 2017 122681 58.273475
"251" 2017 121556 60.17022
"252" 2017 121079 62.355685
"253" 2017 122065 63.4738
"254" 2017 123089 80.00785
"255" 2017 118253 89.281015
"256" 2017 120175 89.530375
"257" 2017 126727 109.618855
"258" 2017 135440 139.5032
"259" 2017 142023 147.70392
"260" 2017 152007 158.847315
"261" 2017 158899 175.583395
"262" 2017 166770 198.4563
"263" 2017 173851 249.476185
"264" 2017 181329 300.099495
"265" 2017 173293 301.52982
"266" 2017 146552 286.50916
"267" 2017 144283 337.62222
"268" 2017 142000 366.36
"269" 2017 143673 405.15786
"270" 2017 144083 478.35556
"271" 2017 143849 566.045815
"272" 2017 137234 620.29768
"273" 2017 124636 628.16544
"274" 2017 119564 680.31916
"275" 2017 117488 763.08456
"276" 2017 115624 845.78956
"277" 2017 111831 936.02547
"278" 2017 118230 1103.0859
"279" 2017 122687 1267.970145
"280" 2017 122414 1416.94205
"281" 2017 126797 1595.740245
"282" 2017 129938 1755.46238
"283" 2017 145292 2092.2048
"284" 2017 155007 2445.235425
"285" 2017 159321 2744.304225
"286" 2017 144099 2729.23506
"287" 2017 127655 2600.970625
"288" 2017 127203 2706.243825
"289" 2017 126932 2868.6632
"290" 2017 119561 2841.96497
"291" 2017 115385 2924.432825
"292" 2017 108787 2951.39131
"293" 2017 93725 2667.882125
"294" 2017 89007 2659.52916
"295" 2017 98594 3134.79623
"296" 2017 88184 3047.19812
"297" 2017 87663 3378.093705
"298" 2017 78724 3317.82298
"299" 2017 76961 3485.178885
"300" 2017 68477 3438.91494
"301" 2017 64659 3586.63473
"302" 2017 59079 3649.605225
"303" 2017 54281 3761.6733
"304" 2017 50857 3873.77769
"305" 2017 46745 3911.387875
"306" 2017 43772 4094.43288
"307" 2017 39465 4254.524325
"308" 2017 34385 4143.73635
"309" 2017 33558.69 4382.26153365
"310" 2017 27322.87 3830.1199166
"311" 2017 22601.93 3331.63749165
"312" 2017 17957.89 2863.5651394
"313" 2017 14959.14 2586.1361232
"314" 2017 11830.45 2227.85119175
"315" 2017 8208.57 1719.6133293
"316" 2017 6709.02 1550.2867965
"317" 2017 5059.32 1265.7912708
"318" 2017 3391.93 908.34189435
"319" 2017 2246.72 645.1568816
"320" 2017 1396.33 428.533677
"321" 2017 499.1 163.1483035
"322" 2017 290.48 100.789298
"323" 2017 212.85 78.12127125
"324" 2017 180.83 69.9595104
"325" 2017 146.79 59.655456
"326" 2017 68.23 29.02879465
"327" 2017 47.84 21.2371328
"328" 2017 14.96 6.9068076
"329" 2017 12 5.74404
"330" 2017 2 0.98961
"331" 2017 3 1.53009
"332" 2017 2 1.51741
"333" 2017 1 1
"334" 2018 94086 341.53218
"335" 2018 95162 19.98402
"336" 2018 92247 16.60446
"337" 2018 93566 14.97056
"338" 2018 90295 13.995725
"339" 2018 91568 11.90384
"340" 2018 88672 11.084
"341" 2018 90758 10.89096
"342" 2018 97343 11.68116
"343" 2018 100131 11.01441
"344" 2018 98154 8.83386
"345" 2018 101837 7.637775
"346" 2018 98526 13.79364
"347" 2018 95015 17.577775
"348" 2018 94556 12.76506
"349" 2018 97015 17.4627
"350" 2018 97536 22.43328
"351" 2018 98646 26.14119
"352" 2018 96216 33.19452
"353" 2018 99927 35.97372
"354" 2018 104393 41.7572
"355" 2018 112618 44.48411
"356" 2018 118579 40.31686
"357" 2018 121164 47.85978
"358" 2018 121928 59.13508
"359" 2018 125135 60.690475
"360" 2018 128804 58.60582
"361" 2018 126927 60.290325
"362" 2018 122846 60.80877
"363" 2018 121825 62.739875
"364" 2018 121457 63.15764
"365" 2018 122510 79.6315
"366" 2018 123564 93.29082
"367" 2018 118617 88.369665
"368" 2018 120663 104.373495
"369" 2018 127274 131.09222
"370" 2018 135806 141.23824
"371" 2018 142353 148.758885
"372" 2018 152209 168.190945
"373" 2018 159053 189.27307
"374" 2018 166875 239.465625
"375" 2018 174015 287.994825
"376" 2018 181301 315.46374
"377" 2018 173202 338.60991
"378" 2018 146449 342.69066
"379" 2018 144162 371.93796
"380" 2018 141786 399.83652
"381" 2018 143432 476.19424
"382" 2018 143738 565.60903
"383" 2018 143301 647.72052
"384" 2018 136684 688.88736
"385" 2018 124099 706.12331
"386" 2018 118988 772.82706
"387" 2018 116779 854.238385
"388" 2018 114828 961.11036
"389" 2018 110943 1035.09819
"390" 2018 117162 1210.86927
"391" 2018 121475 1406.073125
"392" 2018 121112 1524.19452
"393" 2018 125192 1691.34392
"394" 2018 128162 1845.5328
"395" 2018 143207 2259.090425
"396" 2018 152568 2627.9838
"397" 2018 156629 2966.55326
"398" 2018 141336 2879.721
"399" 2018 125040 2660.226
"400" 2018 124548 2814.7848
"401" 2018 124020 2947.9554
"402" 2018 116644 2956.34218
"403" 2018 112326 3047.40438
"404" 2018 105738 3009.83217
"405" 2018 91006 2719.25928
"406" 2018 86105 2737.708475
"407" 2018 95249 3291.329195
"408" 2018 84975 3274.511625
"409" 2018 84192 3548.27184
"410" 2018 75158 3403.53003
"411" 2018 73341 3683.18502
"412" 2018 64761 3592.29267
"413" 2018 60931 3764.012525
"414" 2018 55215 3826.3995
"415" 2018 50394 3838.51098
"416" 2018 46775 3913.898125
"417" 2018 42431 3968.99574
"418" 2018 39481 4256.249205
"419" 2018 35107 4230.74457
"420" 2018 30196 3943.14466
"421" 2018 29319.35 4109.986483
"422" 2018 23499.56 3463.9526418
"423" 2018 19037.66 3035.7452636
"424" 2018 14784.64 2555.9685632
"425" 2018 12049.91 2269.17880165
"426" 2018 9373.26 1963.6042374
"427" 2018 6311.42 1458.4113765
"428" 2018 5107.9 1277.945501
"429" 2018 3743.23 1002.41827785
"430" 2018 2421.86 695.4492083
"431" 2018 1541.67 473.138523
"432" 2018 955.3 312.2732405
"433" 2018 316.09 109.67532775
"434" 2018 180.48 66.240672
"435" 2018 134.85 52.170768
"436" 2018 106.82 43.411648
"437" 2018 82.79 35.22341945
"438" 2018 40.23 17.8589016
"439" 2018 28.84 13.3149954
"440" 2018 5.96 2.8528732
"441" 2018 3 1.484415
"442" 2018 1 0.51003
"443" 2018 2 1.51741
"444" 2018 2 2
"445" 2019 92771 336.75873
"446" 2019 94188 19.77948
"447" 2019 95429 17.17722
"448" 2019 92482 14.79712
"449" 2019 93735 14.528925
"450" 2019 90474 11.76162
"451" 2019 91701 11.462625
"452" 2019 88833 10.65996
"453" 2019 90794 10.89528
"454" 2019 97377 10.71147
"455" 2019 100165 9.01485
"456" 2019 98223 7.366725
"457" 2019 101905 14.2667
"458" 2019 98596 18.24026
"459" 2019 95066 12.83391
"460" 2019 94780 17.0604
"461" 2019 97178 22.35094
"462" 2019 97755 25.905075
"463" 2019 99628 34.37166
"464" 2019 97713 35.17668
"465" 2019 101415 40.566
"466" 2019 105368 41.62036
"467" 2019 113489 38.58626
"468" 2019 119554 47.22383
"469" 2019 121977 59.158845
"470" 2019 122863 59.588555
"471" 2019 125924 57.29542
"472" 2019 129464 61.4954
"473" 2019 127654 63.18873
"474" 2019 123449 63.576235
"475" 2019 122379 63.63708
"476" 2019 122289 79.48785
"477" 2019 123272 93.07036
"478" 2019 124441 92.708545
"479" 2019 119336 103.22564
"480" 2019 121400 125.042
"481" 2019 128044 133.16576
"482" 2019 136532 142.67594
"483" 2019 143036 158.05478
"484" 2019 152805 181.83795
"485" 2019 159616 229.04896
"486" 2019 167350 276.96425
"487" 2019 174427 303.50298
"488" 2019 181603 355.033865
"489" 2019 173454 405.88236
"490" 2019 146606 378.24348
"491" 2019 144301 406.92882
"492" 2019 141746 470.59672
"493" 2019 143429 564.393115
"494" 2019 143639 649.24828
"495" 2019 143002 720.73008
"496" 2019 136349 775.82581
"497" 2019 123648 803.09376
"498" 2019 118602 867.57363
"499" 2019 116129 971.99973
"500" 2019 114178 1065.28074
"501" 2019 110121 1138.100535
"502" 2019 116170 1344.66775
"503" 2019 120342 1514.50407
"504" 2019 119730 1617.5523
"505" 2019 123688 1781.1072
"506" 2019 126312 1992.5718
"507" 2019 141040 2429.414
"508" 2019 150003 2841.05682
"509" 2019 153828 3134.2455
"510" 2019 138476 2946.0769
"511" 2019 122452 2767.4152
"512" 2019 121801 2895.20977
"513" 2019 121008 3066.94776
"514" 2019 113600 3081.968
"515" 2019 109364 3113.04626
"516" 2019 102737 3069.78156
"517" 2019 88201 2804.350795
"518" 2019 83161 2873.628355
"519" 2019 91720 3534.4302
"520" 2019 81713 3443.794385
"521" 2019 80578 3648.97473
"522" 2019 71566 3594.04452
"523" 2019 69537 3857.21739
"524" 2019 61012 3769.0163
"525" 2019 57039 3952.8027
"526" 2019 51344 3910.87248
"527" 2019 46482 3889.38135
"528" 2019 42626 3987.23604
"529" 2019 38344 4133.67492
"530" 2019 35192 4240.98792
"531" 2019 30947 4041.213995
"532" 2019 26284 3684.49112
"533" 2019 25356.15 3737.62329075
"534" 2019 19890.39 3171.7215894
"535" 2019 15843.5 2739.02428
"536" 2019 12111.52 2280.7808888
"537" 2019 9618.8 2015.042412
"538" 2019 7242.17 1673.48443275
"539" 2019 4821.36 1206.2560584
"540" 2019 3790.86 1015.1733537
"541" 2019 2629.18 754.9821829
"542" 2019 1683.83 516.767427
"543" 2019 1102.65 360.43974525
"544" 2019 621.28 215.568628
"545" 2019 205.09 75.27315725
"546" 2019 117.48 45.4506624
"547" 2019 78.85 32.04464
"548" 2019 57.82 24.5998081
"549" 2019 47.79 21.2149368
"550" 2019 22.23 10.26325755
"551" 2019 11.84 5.6674528
"552" 2019 1.96 0.9698178
"553" 2019 2 1.02006
"554" 2019 1 0.758705
"555" 2019 0 0
"556" 2020 92521 335.85123
"557" 2020 92924 19.51404
"558" 2020 94481 17.00658
"559" 2020 95655 15.3048
"560" 2020 92656 14.36168
"561" 2020 93909 12.20817
"562" 2020 90576 11.322
"563" 2020 91821 11.01852
"564" 2020 88971 10.67652
"565" 2020 90885 9.99735
"566" 2020 97519 8.77671
"567" 2020 100337 7.525275
"568" 2020 98327 13.76578
"569" 2020 102013 18.872405
"570" 2020 98741 13.330035
"571" 2020 95319 17.15742
"572" 2020 94951 21.83873
"573" 2020 97442 25.82213
"574" 2020 98807 34.088415
"575" 2020 101145 36.4122
"576" 2020 98892 39.5568
"577" 2020 102023 40.299085
"578" 2020 105939 36.01926
"579" 2020 114161 45.093595
"580" 2020 120127 58.261595
"581" 2020 122605 59.463425
"582" 2020 123447 56.168385
"583" 2020 126494 60.08465
"584" 2020 130090 64.39455
"585" 2020 128255 66.051325
"586" 2020 124137 64.55124
"587" 2020 123207 80.08455
"588" 2020 123095 92.936725
"589" 2020 124112 92.46344
"590" 2020 125383 108.456295
"591" 2020 120231 123.83793
"592" 2020 122205 127.0932
"593" 2020 128729 134.521805
"594" 2020 137144 151.54412
"595" 2020 143683 170.98277
"596" 2020 153423 220.162005
"597" 2020 160094 264.95557
"598" 2020 167704 291.80496
"599" 2020 174769 341.673395
"600" 2020 181903 425.65302
"601" 2020 173672 448.07376
"602" 2020 146793 413.95626
"603" 2020 144383 479.35156
"604" 2020 141776 557.88856
"605" 2020 143231 647.40412
"606" 2020 143323 722.34792
"607" 2020 142728 812.12232
"608" 2020 135945 882.962775
"609" 2020 123100 900.4765
"610" 2020 118006 987.71022
"611" 2020 115406 1076.73798
"612" 2020 113321 1171.172535
"613" 2020 109184 1263.8048
"614" 2020 115171 1449.427035
"615" 2020 119022 1607.98722
"616" 2020 118363 1704.4272
"617" 2020 122171 1927.247525
"618" 2020 124520 2144.857
"619" 2020 138879 2630.36826
"620" 2020 147446 3004.21225
"621" 2020 150899 3210.376225
"622" 2020 135813 3069.3738
"623" 2020 119862 2849.11974
"624" 2020 119022 3016.61259
"625" 2020 118083 3203.59179
"626" 2020 110629 3149.054485
"627" 2020 106315 3176.6922
"628" 2020 99729 3170.883555
"629" 2020 85455 2952.897525
"630" 2020 80359 3096.634065
"631" 2020 88245 3719.085525
"632" 2020 78333 3547.309905
"633" 2020 77071 3870.50562
"634" 2020 67946 3768.96462
"635" 2020 65683 4057.567325
"636" 2020 57339 3973.5927
"637" 2020 53097 4044.39849
"638" 2020 47419 3967.784825
"639" 2020 42678 3992.10012
"640" 2020 38661 4167.849105
"641" 2020 34211 4122.76761
"642" 2020 30956 4042.38926
"643" 2020 26908 3771.96344
"644" 2020 22540 3322.5087
"645" 2020 21697.75 3459.923215
"646" 2020 16703.03 2887.6198264
"647" 2020 13118.22 2470.3575993
"648" 2020 9840.29 2061.4423521
"649" 2020 7633.6 1763.93412
"650" 2020 5569.01 1393.3106119
"651" 2020 3555.23 952.07281785
"652" 2020 2710.75 778.40541625
"653" 2020 1883.11 577.926459
"654" 2020 1140.78 372.9038703
"655" 2020 719.61 249.68667975
"656" 2020 398.26 146.1713765
"657" 2020 135.09 52.2636192
"658" 2020 74.47 30.264608
"659" 2020 46.85 19.93256675
"660" 2020 30.81 13.6771752
"661" 2020 25.78 11.9022393
"662" 2020 14.22 6.8066874
"663" 2020 5.83 2.88471315
"664" 2020 1.96 0.9996588
"665" 2020 1 0.758705
"666" 2020 1 1
"667" 2021 93324 338.76612
"668" 2021 92882 19.50522
"669" 2021 93195 16.7751
"670" 2021 94699 15.15184
"671" 2021 95803 14.849465
"672" 2021 92694 12.05022
"673" 2021 93914 11.73925
"674" 2021 90594 10.87128
"675" 2021 91853 11.02236
"676" 2021 88954 9.78494
"677" 2021 90906 8.18154
"678" 2021 97572 7.3179
"679" 2021 100389 14.05446
"680" 2021 98377 18.199745
"681" 2021 102077 13.780395
"682" 2021 98892 17.80056
"683" 2021 95407 21.94361
"684" 2021 95153 25.215545
"685" 2021 98299 33.913155
"686" 2021 99999 35.99964
"687" 2021 101809 40.7236
"688" 2021 98944 39.08288
"689" 2021 101907 34.64838
"690" 2021 105953 41.851435
"691" 2021 113936 55.25896
"692" 2021 120037 58.217945
"693" 2021 122274 55.63467
"694" 2021 123206 58.52285
"695" 2021 126287 62.512065
"696" 2021 129936 66.91704
"697" 2021 127966 66.54232
"698" 2021 124010 80.6065
"699" 2021 123132 92.96466
"700" 2021 122939 91.589555
"701" 2021 124058 107.31017
"702" 2021 125454 129.21762
"703" 2021 120205 125.0132
"704" 2021 122063 127.555835
"705" 2021 128647 142.154935
"706" 2021 137031 163.06689
"707" 2021 143601 206.067435
"708" 2021 153296 253.70488
"709" 2021 159822 278.09028
"710" 2021 167472 327.40776
"711" 2021 174579 408.51486
"712" 2021 181551 468.40158
"713" 2021 173243 488.54526
"714" 2021 146285 485.6662
"715" 2021 143947 566.431445
"716" 2021 141306 638.70312
"717" 2021 142723 719.32392
"718" 2021 142763 812.32147
"719" 2021 141970 922.09515
"720" 2021 135179 988.834385
"721" 2021 122306 1023.70122
"722" 2021 117174 1093.23342
"723" 2021 114471 1183.057785
"724" 2021 112314 1300.03455
"725" 2021 108062 1359.96027
"726" 2021 113880 1538.5188
"727" 2021 117495 1691.928
"728" 2021 116800 1842.52
"729" 2021 120271 2071.667975
"730" 2021 122511 2320.35834
"731" 2021 136308 2777.2755
"732" 2021 144495 3074.131125
"733" 2021 147598 3335.7148
"734" 2021 132583 3151.49791
"735" 2021 116843 2961.385835
"736" 2021 115865 3143.41745
"737" 2021 114757 3266.558005
"738" 2021 107231 3204.06228
"739" 2021 102649 3263.724955
"740" 2021 96088 3320.32084
"741" 2021 82185 3166.998975
"742" 2021 76976 3244.15352
"743" 2021 84033 3805.434405
"744" 2021 74410 3736.8702
"745" 2021 72910 4044.3177
"746" 2021 63786 3940.38015
"747" 2021 61229 4243.1697
"748" 2021 53028 4039.14276
"749" 2021 48835 4086.268625
"750" 2021 42977 4020.06858
"751" 2021 38320 4131.0876
"752" 2021 34132 4113.24732
"753" 2021 29671 3874.587535
"754" 2021 26581 3726.12458
"755" 2021 22830 3365.25615
"756" 2021 18734 2987.32364
"757" 2021 18196.4 3145.793632
"758" 2021 13803.75 2599.45318125
"759" 2021 10543.98 2208.8583702
"760" 2021 7760.1 1793.1651075
"761" 2021 5836.43 1460.2164217
"762" 2021 4181.89 1119.88923255
"763" 2021 2618.15 751.81486325
"764" 2021 1925.68 590.991192
"765" 2021 1331.07 435.10681695
"766" 2021 781.76 271.251176
"767" 2021 473.59 173.81936975
"768" 2021 265.26 102.6237888
"769" 2021 86.08 34.982912
"770" 2021 45.46 19.3411843
"771" 2021 26.84 11.9148128
"772" 2021 20.81 9.60766485
"773" 2021 11.78 5.6387326
"774" 2021 4.22 2.0880771
"775" 2021 3.83 1.9534149
"776" 2021 1.96 1.4870618
"777" 2021 1 1
