"year" "population" "expected"
"1" 2015 92855 381.63405
"2" 2015 89676 29.1447
"3" 2015 90971 20.468475
"4" 2015 88268 16.77092
"5" 2015 90395 10.8474
"6" 2015 97131 6.79917
"7" 2015 99801 9.9801
"8" 2015 97877 14.68155
"9" 2015 101533 17.26061
"10" 2015 98209 11.78508
"11" 2015 94683 7.57464
"12" 2015 94252 8.48268
"13" 2015 96675 8.70075
"14" 2015 96979 13.092165
"15" 2015 97881 17.129175
"16" 2015 94845 18.494775
"17" 2015 97758 23.46192
"18" 2015 101848 33.1006
"19" 2015 110440 44.176
"20" 2015 117206 52.7427
"21" 2015 120332 51.1411
"22" 2015 121947 42.68145
"23" 2015 125459 47.047125
"24" 2015 129707 60.96229
"25" 2015 127566 60.59385
"26" 2015 123620 55.629
"27" 2015 122201 65.377535
"28" 2015 121602 74.78523
"29" 2015 122503 79.014435
"30" 2015 123416 77.75208
"31" 2015 118456 64.55852
"32" 2015 120133 66.673815
"33" 2015 126783 86.846355
"34" 2015 135612 113.23602
"35" 2015 142113 132.16509
"36" 2015 152234 146.90581
"37" 2015 159125 158.329375
"38" 2015 167141 187.19792
"39" 2015 174252 223.04256
"40" 2015 181934 250.15925
"41" 2015 173840 274.6672
"42" 2015 146895 250.455975
"43" 2015 144774 277.24221
"44" 2015 142427 326.869965
"45" 2015 144338 368.0619
"46" 2015 144893 429.607745
"47" 2015 144912 516.61128
"48" 2015 138280 542.749
"49" 2015 125791 584.92815
"50" 2015 120846 673.71645
"51" 2015 118949 750.56819
"52" 2015 117182 827.30492
"53" 2015 113423 873.924215
"54" 2015 120016 1028.53712
"55" 2015 124828 1170.88664
"56" 2015 124815 1286.218575
"57" 2015 129688 1501.78704
"58" 2015 133007 1677.21827
"59" 2015 149124 1993.78788
"60" 2015 159322 2295.03341
"61" 2015 164139 2549.07867
"62" 2015 148599 2438.50959
"63" 2015 131944 2360.47816
"64" 2015 131871 2535.219975
"65" 2015 132017 2670.043825
"66" 2015 124690 2637.1935
"67" 2015 120528 2672.7084
"68" 2015 114065 2726.723825
"69" 2015 98610 2433.6948
"70" 2015 94025 2459.223875
"71" 2015 104634 3071.0079
"72" 2015 94137 2957.313855
"73" 2015 93925 3101.4035
"74" 2015 84892 3048.89618
"75" 2015 83562 3311.97987
"76" 2015 75070 3313.21445
"77" 2015 71477 3500.586075
"78" 2015 66192 3556.49616
"79" 2015 61498 3623.46216
"80" 2015 58632 3878.21364
"81" 2015 54892 4117.72338
"82" 2015 52007 4238.310465
"83" 2015 47943 4357.53927
"84" 2015 42761 4352.000775
"85" 2015 42179.43 4582.16237805
"86" 2015 35448.56 4243.9016032
"87" 2015 30204.54 4029.5876814
"88" 2015 24871.43 3698.75471245
"89" 2015 21395.59 3533.4816885
"90" 2015 17732.86 3208.2290312
"91" 2015 13028.91 2643.37040535
"92" 2015 11026.31 2445.35990025
"93" 2015 8875.57 2118.5098033
"94" 2015 6347.12 1639.778452
"95" 2015 4389.85 1214.60564725
"96" 2015 2850.43 847.0622831
"97" 2015 1079.14 343.6413416
"98" 2015 687.51 233.67433635
"99" 2015 520.87 188.20335275
"100" 2015 415.84 159.0920672
"101" 2015 354.8 143.15293
"102" 2015 210.24 89.1091728
"103" 2015 130.85 58.037209
"104" 2015 58.96 27.2651676
"105" 2015 36 17.29548
"106" 2015 10 4.97445
"107" 2015 10 5.1342
"108" 2015 5 2.6416
"109" 2015 2 1.08427
"110" 2015 1 0.774385
"111" 2015 0 0
"112" 2016 91741 377.05551
"113" 2016 93268 30.3121
"114" 2016 89987 20.247075
"115" 2016 91335 17.35365
"116" 2016 88537 10.62444
"117" 2016 90632 6.34424
"118" 2016 97323 9.7323
"119" 2016 100057 15.00855
"120" 2016 98131 16.68227
"121" 2016 101758 12.21096
"122" 2016 98356 7.86848
"123" 2016 94893 8.54037
"124" 2016 94428 8.49852
"125" 2016 96823 13.071105
"126" 2016 97179 17.006325
"127" 2016 98170 19.14315
"128" 2016 95116 22.82784
"129" 2016 98171 31.905575
"130" 2016 102508 41.0032
"131" 2016 111228 50.0526
"132" 2016 117807 50.067975
"133" 2016 120732 42.2562
"134" 2016 121913 45.717375
"135" 2016 125219 58.85293
"136" 2016 129266 61.40135
"137" 2016 127237 57.25665
"138" 2016 123271 65.949985
"139" 2016 121996 75.02754
"140" 2016 121394 78.29913
"141" 2016 122326 77.06538
"142" 2016 123386 67.24537
"143" 2016 118493 65.763615
"144" 2016 120301 82.406185
"145" 2016 126918 105.97653
"146" 2016 135603 126.11079
"147" 2016 142236 137.25774
"148" 2016 152335 151.573325
"149" 2016 159221 178.32752
"150" 2016 167108 213.89824
"151" 2016 174263 239.611625
"152" 2016 181867 287.34986
"153" 2016 173761 296.262505
"154" 2016 146941 281.392015
"155" 2016 144759 332.221905
"156" 2016 142451 363.25005
"157" 2016 144225 427.627125
"158" 2016 144680 515.7842
"159" 2016 144551 567.362675
"160" 2016 137955 641.49075
"161" 2016 125305 698.575375
"162" 2016 120286 759.00466
"163" 2016 118327 835.38862
"164" 2016 116475 897.439875
"165" 2016 112729 966.08753
"166" 2016 119134 1117.47692
"167" 2016 123856 1276.33608
"168" 2016 123689 1432.31862
"169" 2016 128327 1618.20347
"170" 2016 131563 1758.99731
"171" 2016 147254 2121.19387
"172" 2016 157262 2442.27886
"173" 2016 161717 2653.77597
"174" 2016 146463 2620.22307
"175" 2016 129994 2499.13465
"176" 2016 129669 2622.555525
"177" 2016 129583 2740.68045
"178" 2016 122266 2711.24855
"179" 2016 117976 2820.21628
"180" 2016 111551 2753.07868
"181" 2016 96268 2517.88954
"182" 2016 91613 2688.84155
"183" 2016 101633 3192.800695
"184" 2016 91266 3013.60332
"185" 2016 90850 3262.87775
"186" 2016 81838 3243.64913
"187" 2016 80283 3543.290205
"188" 2016 71776 3515.2296
"189" 2016 68086 3658.26078
"190" 2016 62686 3693.45912
"191" 2016 57973 3834.624085
"192" 2016 54740 4106.3211
"193" 2016 50790 4139.13105
"194" 2016 47870 4350.9043
"195" 2016 43634 4440.85035
"196" 2016 38397 4171.258095
"197" 2016 37682.95 4511.402774
"198" 2016 31201.1 4162.538751
"199" 2016 26104.13 3882.07569295
"200" 2016 21225.07 3505.3203105
"201" 2016 17922.28 3242.4988976
"202" 2016 14495.57 2940.93371945
"203" 2016 10342.67 2293.74563925
"204" 2016 8653.11 2065.4108259
"205" 2016 6771.39 1749.3886065
"206" 2016 4643.99 1284.92237315
"207" 2016 3153.75 937.1998875
"208" 2016 1982.36 631.2627184
"209" 2016 728.11 247.47366735
"210" 2016 445.49 160.96667425
"211" 2016 317.86 121.6068788
"212" 2016 271.83 109.67660925
"213" 2016 222.8 94.432666
"214" 2016 124.23 55.1009742
"215" 2016 84.84 39.2329854
"216" 2016 29.96 14.3936828
"217" 2016 21 10.446345
"218" 2016 5 2.5671
"219" 2016 5 2.6416
"220" 2016 3 1.626405
"221" 2016 1 0.774385
"222" 2016 1 1
"223" 2017 94858 389.86638
"224" 2017 91999 29.899675
"225" 2017 93369 21.008025
"226" 2017 90119 17.12261
"227" 2017 91394 10.96728
"228" 2017 88553 6.19871
"229" 2017 90705 9.0705
"230" 2017 97300 14.595
"231" 2017 100067 17.01139
"232" 2017 98077 11.76924
"233" 2017 101757 8.14056
"234" 2017 98443 8.85987
"235" 2017 94939 8.54451
"236" 2017 94447 12.750345
"237" 2017 96838 16.94665
"238" 2017 97354 18.98403
"239" 2017 98318 23.59632
"240" 2017 95350 30.98875
"241" 2017 98785 39.514
"242" 2017 103262 46.4679
"243" 2017 111759 47.497575
"244" 2017 117880 41.258
"245" 2017 120596 45.2235
"246" 2017 121571 57.13837
"247" 2017 124854 59.30565
"248" 2017 128617 57.87765
"249" 2017 126630 67.74705
"250" 2017 122681 75.448815
"251" 2017 121556 78.40362
"252" 2017 121079 76.27977
"253" 2017 122065 66.525425
"254" 2017 123089 68.314395
"255" 2017 118253 81.003305
"256" 2017 120175 100.346125
"257" 2017 126727 117.85611
"258" 2017 135440 130.6996
"259" 2017 142023 141.312885
"260" 2017 152007 170.24784
"261" 2017 158899 203.39072
"262" 2017 166770 229.30875
"263" 2017 173851 274.68458
"264" 2017 181329 309.165945
"265" 2017 173293 331.856095
"266" 2017 146552 336.33684
"267" 2017 144283 367.92165
"268" 2017 142000 421.03
"269" 2017 143673 512.194245
"270" 2017 144083 565.525775
"271" 2017 143849 668.89785
"272" 2017 137234 765.07955
"273" 2017 124636 786.45316
"274" 2017 119564 844.12184
"275" 2017 117488 905.24504
"276" 2017 115624 990.89768
"277" 2017 111831 1048.97478
"278" 2017 118230 1218.36015
"279" 2017 122687 1420.71546
"280" 2017 122414 1543.64054
"281" 2017 126797 1695.27589
"282" 2017 129938 1871.75689
"283" 2017 145292 2256.38476
"284" 2017 155007 2543.66487
"285" 2017 159321 2850.25269
"286" 2017 144099 2770.303275
"287" 2017 127655 2581.822375
"288" 2017 127203 2690.34345
"289" 2017 126932 2814.7171
"290" 2017 119561 2858.105705
"291" 2017 115385 2847.7018
"292" 2017 108787 2845.323985
"293" 2017 93725 2750.82875
"294" 2017 89007 2796.154905
"295" 2017 98594 3255.57388
"296" 2017 88184 3167.12836
"297" 2017 87663 3474.523005
"298" 2017 78724 3474.48374
"299" 2017 76961 3769.164975
"300" 2017 68477 3679.26921
"301" 2017 64659 3809.70828
"302" 2017 59079 3907.780455
"303" 2017 54281 4071.889215
"304" 2017 50857 4144.591215
"305" 2017 46745 4248.65305
"306" 2017 43772 4454.8953
"307" 2017 39465 4287.280275
"308" 2017 34385 4116.5722
"309" 2017 33558.69 4477.0648329
"310" 2017 27322.87 4063.32061205
"311" 2017 22601.93 3732.7087395
"312" 2017 17957.89 3248.9414588
"313" 2017 14959.14 3034.9851189
"314" 2017 11830.45 2623.69804875
"315" 2017 8208.57 1959.3035733
"316" 2017 6709.02 1733.275317
"317" 2017 5059.32 1399.8379542
"318" 2017 3391.93 1007.9798381
"319" 2017 2246.72 715.4455168
"320" 2017 1396.33 474.59162205
"321" 2017 499.1 180.3373075
"322" 2017 290.48 111.1318384
"323" 2017 212.85 85.87965375
"324" 2017 180.83 76.64389135
"325" 2017 146.79 65.1072366
"326" 2017 68.23 31.55194005
"327" 2017 47.84 22.9837712
"328" 2017 14.96 7.4417772
"329" 2017 12 6.16104
"330" 2017 2 1.05664
"331" 2017 3 1.626405
"332" 2017 2 1.54877
"333" 2017 1 1
"334" 2018 94086 386.69346
"335" 2018 95162 30.92765
"336" 2018 92247 20.755575
"337" 2018 93566 17.77754
"338" 2018 90295 10.8354
"339" 2018 91568 6.40976
"340" 2018 88672 8.8672
"341" 2018 90758 13.6137
"342" 2018 97343 16.54831
"343" 2018 100131 12.01572
"344" 2018 98154 7.85232
"345" 2018 101837 9.16533
"346" 2018 98526 8.86734
"347" 2018 95015 12.827025
"348" 2018 94556 16.5473
"349" 2018 97015 18.917925
"350" 2018 97536 23.40864
"351" 2018 98646 32.05995
"352" 2018 96216 38.4864
"353" 2018 99927 44.96715
"354" 2018 104393 44.367025
"355" 2018 112618 39.4163
"356" 2018 118579 44.467125
"357" 2018 121164 56.94708
"358" 2018 121928 57.9158
"359" 2018 125135 56.31075
"360" 2018 128804 68.91014
"361" 2018 126927 78.060105
"362" 2018 122846 79.23567
"363" 2018 121825 76.74975
"364" 2018 121457 66.194065
"365" 2018 122510 67.99305
"366" 2018 123564 84.64134
"367" 2018 118617 99.045195
"368" 2018 120663 112.21659
"369" 2018 127274 122.81941
"370" 2018 135806 135.12697
"371" 2018 142353 159.43536
"372" 2018 152209 194.82752
"373" 2018 159053 218.697875
"374" 2018 166875 263.6625
"375" 2018 174015 296.695575
"376" 2018 181301 347.191415
"377" 2018 173202 397.49859
"378" 2018 146449 373.44495
"379" 2018 144162 427.44033
"380" 2018 141786 505.46709
"381" 2018 143432 562.9706
"382" 2018 143738 668.3817
"383" 2018 143301 798.903075
"384" 2018 136684 862.47604
"385" 2018 124099 876.13894
"386" 2018 118988 916.80254
"387" 2018 116779 1000.79603
"388" 2018 114828 1077.08664
"389" 2018 110943 1143.267615
"390" 2018 117162 1356.73596
"391" 2018 121475 1531.79975
"392" 2018 121112 1619.26744
"393" 2018 125192 1803.39076
"394" 2018 128162 1990.35586
"395" 2018 143207 2350.02687
"396" 2018 152568 2729.44152
"397" 2018 156629 3011.192525
"398" 2018 141336 2858.5206
"399" 2018 125040 2644.596
"400" 2018 124548 2761.8519
"401" 2018 124020 2964.6981
"402" 2018 116644 2878.77392
"403" 2018 112326 2937.88653
"404" 2018 105738 3103.4103
"405" 2018 91006 2858.95349
"406" 2018 86105 2843.1871
"407" 2018 95249 3420.867835
"408" 2018 84975 3367.984125
"409" 2018 84192 3715.81392
"410" 2018 75158 3680.86305
"411" 2018 73341 3940.61193
"412" 2018 64761 3815.71812
"413" 2018 60931 4030.280995
"414" 2018 55215 4141.953225
"415" 2018 50394 4106.85903
"416" 2018 46775 4251.37975
"417" 2018 42431 4318.415025
"418" 2018 39481 4289.018435
"419" 2018 35107 4203.01004
"420" 2018 30196 4028.44836
"421" 2018 29319.35 4360.22713525
"422" 2018 23499.56 3880.952334
"423" 2018 19037.66 3444.2934472
"424" 2018 14784.64 2999.5816864
"425" 2018 12049.91 2672.36879025
"426" 2018 9373.26 2237.3034294
"427" 2018 6311.42 1630.555357
"428" 2018 5107.9 1413.2793115
"429" 2018 3743.23 1112.3756591
"430" 2018 2421.86 771.2170984
"431" 2018 1541.67 523.99050795
"432" 2018 955.3 345.1737725
"433" 2018 316.09 120.9297122
"434" 2018 180.48 72.819168
"435" 2018 134.85 57.15549825
"436" 2018 106.82 47.3789428
"437" 2018 82.79 38.28499365
"438" 2018 40.23 19.3276989
"439" 2018 28.84 14.3463138
"440" 2018 5.96 3.0599832
"441" 2018 3 1.58496
"442" 2018 1 0.542135
"443" 2018 2 1.54877
"444" 2018 2 2
"445" 2019 92771 381.28881
"446" 2019 94188 30.6111
"447" 2019 95429 21.471525
"448" 2019 92482 17.57158
"449" 2019 93735 11.2482
"450" 2019 90474 6.33318
"451" 2019 91701 9.1701
"452" 2019 88833 13.32495
"453" 2019 90794 15.43498
"454" 2019 97377 11.68524
"455" 2019 100165 8.0132
"456" 2019 98223 8.84007
"457" 2019 101905 9.17145
"458" 2019 98596 13.31046
"459" 2019 95066 16.63655
"460" 2019 94780 18.4821
"461" 2019 97178 23.32272
"462" 2019 97755 31.770375
"463" 2019 99628 39.8512
"464" 2019 97713 43.97085
"465" 2019 101415 43.101375
"466" 2019 105368 36.8788
"467" 2019 113489 42.558375
"468" 2019 119554 56.19038
"469" 2019 121977 57.939075
"470" 2019 122863 55.28835
"471" 2019 125924 67.36934
"472" 2019 129464 79.62036
"473" 2019 127654 82.33683
"474" 2019 123449 77.77287
"475" 2019 122379 66.696555
"476" 2019 122289 67.870395
"477" 2019 123272 84.44132
"478" 2019 124441 103.908235
"479" 2019 119336 110.98248
"480" 2019 121400 117.151
"481" 2019 128044 127.40378
"482" 2019 136532 152.91584
"483" 2019 143036 183.08608
"484" 2019 152805 210.106875
"485" 2019 159616 252.19328
"486" 2019 167350 285.33175
"487" 2019 174427 334.027705
"488" 2019 181603 416.778885
"489" 2019 173454 442.3077
"490" 2019 146606 434.68679
"491" 2019 144301 514.433065
"492" 2019 141746 556.35305
"493" 2019 143429 666.94485
"494" 2019 143639 800.787425
"495" 2019 143002 902.34262
"496" 2019 136349 962.62394
"497" 2019 123648 952.70784
"498" 2019 118602 1016.41914
"499" 2019 116129 1089.29002
"500" 2019 114178 1176.60429
"501" 2019 110121 1275.20118
"502" 2019 116170 1464.9037
"503" 2019 120342 1608.97254
"504" 2019 119730 1724.71065
"505" 2019 123688 1920.87464
"506" 2019 126312 2072.77992
"507" 2019 141040 2523.2056
"508" 2019 150003 2883.807675
"509" 2019 153828 3111.1713
"510" 2019 138476 2928.7674
"511" 2019 122452 2715.3731
"512" 2019 121801 2911.652905
"513" 2019 121008 2986.47744
"514" 2019 113600 2971.208
"515" 2019 109364 3209.8334
"516" 2019 102737 3227.482855
"517" 2019 88201 2912.39702
"518" 2019 83161 2986.727315
"519" 2019 91720 3635.3222
"520" 2019 81713 3606.403255
"521" 2019 80578 3946.30755
"522" 2019 71566 3845.24118
"523" 2019 69537 4097.12004
"524" 2019 61012 4035.63874
"525" 2019 57039 4278.780585
"526" 2019 51344 4184.27928
"527" 2019 46482 4224.74898
"528" 2019 42626 4338.26115
"529" 2019 38344 4165.50044
"530" 2019 35192 4213.18624
"531" 2019 30947 4128.63927
"532" 2019 26284 3908.82506
"533" 2019 25356.15 4187.5681725
"534" 2019 19890.39 3598.5693588
"535" 2019 15843.5 3214.4084975
"536" 2019 12111.52 2686.032348
"537" 2019 9618.8 2295.911372
"538" 2019 7242.17 1871.0146195
"539" 2019 4821.36 1333.9979916
"540" 2019 3790.86 1126.5298662
"541" 2019 2629.18 837.2360792
"542" 2019 1683.83 572.30855955
"543" 2019 1102.65 398.41501125
"544" 2019 621.28 237.6893024
"545" 2019 205.09 82.74868775
"546" 2019 117.48 49.7933106
"547" 2019 78.85 34.973129
"548" 2019 57.82 26.7379917
"549" 2019 47.79 22.9597497
"550" 2019 22.23 11.05820235
"551" 2019 11.84 6.0788928
"552" 2019 1.96 1.0355072
"553" 2019 2 1.08427
"554" 2019 1 0.774385
"555" 2019 0 0
"556" 2020 92521 380.26131
"557" 2020 92924 30.2003
"558" 2020 94481 21.258225
"559" 2020 95655 18.17445
"560" 2020 92656 11.11872
"561" 2020 93909 6.57363
"562" 2020 90576 9.0576
"563" 2020 91821 13.77315
"564" 2020 88971 15.12507
"565" 2020 90885 10.9062
"566" 2020 97519 7.80152
"567" 2020 100337 9.03033
"568" 2020 98327 8.84943
"569" 2020 102013 13.771755
"570" 2020 98741 17.279675
"571" 2020 95319 18.587205
"572" 2020 94951 22.78824
"573" 2020 97442 31.66865
"574" 2020 98807 39.5228
"575" 2020 101145 45.51525
"576" 2020 98892 42.0291
"577" 2020 102023 35.70805
"578" 2020 105939 39.727125
"579" 2020 114161 53.65567
"580" 2020 120127 57.060325
"581" 2020 122605 55.17225
"582" 2020 123447 66.044145
"583" 2020 126494 77.79381
"584" 2020 130090 83.90805
"585" 2020 128255 80.80065
"586" 2020 124137 67.654665
"587" 2020 123207 68.379885
"588" 2020 123095 84.320075
"589" 2020 124112 103.63352
"590" 2020 125383 116.60619
"591" 2020 120231 116.022915
"592" 2020 122205 121.593975
"593" 2020 128729 144.17648
"594" 2020 137144 175.54432
"595" 2020 143683 197.564125
"596" 2020 153423 242.40834
"597" 2020 160094 272.96027
"598" 2020 167704 321.15316
"599" 2020 174769 401.094855
"600" 2020 181903 463.85265
"601" 2020 173672 514.93748
"602" 2020 146793 523.317045
"603" 2020 144383 566.703275
"604" 2020 141776 659.2584
"605" 2020 143231 798.512825
"606" 2020 143323 904.36813
"607" 2020 142728 1007.65968
"608" 2020 135945 1047.456225
"609" 2020 123100 1054.967
"610" 2020 118006 1106.89628
"611" 2020 115406 1189.25883
"612" 2020 113321 1312.25718
"613" 2020 109184 1376.81024
"614" 2020 115171 1539.83627
"615" 2020 119022 1714.51191
"616" 2020 118363 1838.17739
"617" 2020 122171 2004.82611
"618" 2020 124520 2227.6628
"619" 2020 138879 2669.948775
"620" 2020 147446 2982.09535
"621" 2020 150899 3191.51385
"622" 2020 135813 3011.653275
"623" 2020 119862 2865.30111
"624" 2020 119022 2937.46296
"625" 2020 118083 3088.460865
"626" 2020 110629 3246.96115
"627" 2020 106315 3339.885725
"628" 2020 99729 3293.05158
"629" 2020 85455 3069.116325
"630" 2020 80359 3185.028965
"631" 2020 88245 3894.693075
"632" 2020 78333 3836.358675
"633" 2020 77071 4141.02483
"634" 2020 67946 4003.37832
"635" 2020 65683 4344.602035
"636" 2020 57339 4301.285085
"637" 2020 53097 4327.140015
"638" 2020 47419 4309.91291
"639" 2020 42678 4343.55345
"640" 2020 38661 4199.937735
"641" 2020 34211 4095.74092
"642" 2020 30956 4129.83996
"643" 2020 26908 4001.62322
"644" 2020 22540 3722.481
"645" 2020 21697.75 3925.55693
"646" 2020 16703.03 3388.79424155
"647" 2020 13118.22 2909.2932405
"648" 2020 9840.29 2348.7788201
"649" 2020 7633.6 1972.14056
"650" 2020 5569.01 1540.86153185
"651" 2020 3555.23 1056.5076991
"652" 2020 2710.75 863.21123
"653" 2020 1883.11 640.04084235
"654" 2020 1140.78 412.1923335
"655" 2020 719.61 275.3083938
"656" 2020 398.26 160.6879535
"657" 2020 135.09 57.25722105
"658" 2020 74.47 33.0304238
"659" 2020 46.85 21.66507975
"660" 2020 30.81 14.8020483
"661" 2020 25.78 12.8241321
"662" 2020 14.22 7.3008324
"663" 2020 5.83 3.0801056
"664" 2020 1.96 1.0625846
"665" 2020 1 0.774385
"666" 2020 1 1
"667" 2021 93324 383.56164
"668" 2021 92882 30.18665
"669" 2021 93195 20.968875
"670" 2021 94699 17.99281
"671" 2021 95803 11.49636
"672" 2021 92694 6.48858
"673" 2021 93914 9.3914
"674" 2021 90594 13.5891
"675" 2021 91853 15.61501
"676" 2021 88954 10.67448
"677" 2021 90906 7.27248
"678" 2021 97572 8.78148
"679" 2021 100389 9.03501
"680" 2021 98377 13.280895
"681" 2021 102077 17.863475
"682" 2021 98892 19.28394
"683" 2021 95407 22.89768
"684" 2021 95153 30.924725
"685" 2021 98299 39.3196
"686" 2021 99999 44.99955
"687" 2021 101809 43.268825
"688" 2021 98944 34.6304
"689" 2021 101907 38.215125
"690" 2021 105953 49.79791
"691" 2021 113936 54.1196
"692" 2021 120037 54.01665
"693" 2021 122274 65.41659
"694" 2021 123206 75.77169
"695" 2021 126287 81.455115
"696" 2021 129936 81.85968
"697" 2021 127966 69.74147
"698" 2021 124010 68.82555
"699" 2021 123132 84.34542
"700" 2021 122939 102.654065
"701" 2021 124058 115.37394
"702" 2021 125454 121.06311
"703" 2021 120205 119.603975
"704" 2021 122063 136.71056
"705" 2021 128647 164.66816
"706" 2021 137031 188.417625
"707" 2021 143601 226.88958
"708" 2021 153296 261.36968
"709" 2021 159822 306.05913
"710" 2021 167472 384.34824
"711" 2021 174579 445.17645
"712" 2021 181551 538.298715
"713" 2021 173243 617.611295
"714" 2021 146285 574.168625
"715" 2021 143947 669.35355
"716" 2021 141306 787.78095
"717" 2021 142723 900.58213
"718" 2021 142763 1007.90678
"719" 2021 141970 1093.87885
"720" 2021 135179 1158.48403
"721" 2021 122306 1147.23028
"722" 2021 117174 1207.47807
"723" 2021 114471 1325.57418
"724" 2021 112314 1416.27954
"725" 2021 108062 1444.78894
"726" 2021 113880 1640.4414
"727" 2021 117495 1824.69735
"728" 2021 116800 1916.688
"729" 2021 120271 2151.64819
"730" 2021 122511 2355.273975
"731" 2021 136308 2756.8293
"732" 2021 144495 3056.06925
"733" 2021 147598 3272.98565
"734" 2021 132583 3169.396615
"735" 2021 116843 2883.68524
"736" 2021 115865 3030.449075
"737" 2021 114757 3368.11795
"738" 2021 107231 3368.661865
"739" 2021 102649 3389.46998
"740" 2021 96088 3451.00052
"741" 2021 82185 3257.402475
"742" 2021 76976 3397.33576
"743" 2021 84033 4115.516175
"744" 2021 74410 3998.0493
"745" 2021 72910 4295.8572
"746" 2021 63786 4219.12497
"747" 2021 61229 4593.093435
"748" 2021 53028 4321.51686
"749" 2021 48835 4438.61315
"750" 2021 42977 4373.984175
"751" 2021 38320 4162.8932
"752" 2021 34132 4086.28304
"753" 2021 29671 3958.40811
"754" 2021 26581 3952.993415
"755" 2021 22830 3770.3745
"756" 2021 18734 3389.35528
"757" 2021 18196.4 3691.776614
"758" 2021 13803.75 3061.32665625
"759" 2021 10543.98 2516.7425862
"760" 2021 7760.1 2004.821835
"761" 2021 5836.43 1614.85263455
"762" 2021 4181.89 1242.7322513
"763" 2021 2618.15 833.723686
"764" 2021 1925.68 654.5097468
"765" 2021 1331.07 480.94886775
"766" 2021 781.76 299.0857408
"767" 2021 473.59 191.08172525
"768" 2021 265.26 112.4291247
"769" 2021 86.08 38.1799232
"770" 2021 45.46 21.0222951
"771" 2021 26.84 12.8947412
"772" 2021 20.81 10.35183045
"773" 2021 11.78 6.0480876
"774" 2021 4.22 2.2295104
"775" 2021 3.83 2.07637705
"776" 2021 1.96 1.5177946
"777" 2021 1 1
