"year" "population" "expected"
"1" 2015 499940 1429.8284
"2" 2015 511448 79.27444
"3" 2015 532895 58.61845
"4" 2015 539900 51.2905
"5" 2015 555647 41.673525
"6" 2015 564915 33.8949
"7" 2015 571217 31.416935
"8" 2015 568782 31.28301
"9" 2015 569129 36.993385
"10" 2015 565607 33.93642
"11" 2015 570929 34.25574
"12" 2015 566055 39.62385
"13" 2015 562246 44.97968
"14" 2015 567956 56.7956
"15" 2015 578507 75.20591
"16" 2015 568252 93.76158
"17" 2015 568447 116.531635
"18" 2015 567946 136.30704
"19" 2015 570728 151.24292
"20" 2015 572067 154.45809
"21" 2015 581875 165.834375
"22" 2015 596841 179.0523
"23" 2015 622716 174.36048
"24" 2015 623610 177.72885
"25" 2015 635226 196.92006
"26" 2015 636172 209.93676
"27" 2015 651427 214.97091
"28" 2015 639283 201.374145
"29" 2015 643403 196.237915
"30" 2015 665331 216.232575
"31" 2015 678538 261.23713
"32" 2015 692273 280.370565
"33" 2015 715538 282.63751
"34" 2015 722073 317.71212
"35" 2015 739783 347.69801
"36" 2015 765110 378.72945
"37" 2015 806726 427.56478
"38" 2015 833639 466.83784
"39" 2015 871157 566.25205
"40" 2015 912804 666.34692
"41" 2015 950732 736.8173
"42" 2015 945247 794.00748
"43" 2015 955105 902.574225
"44" 2015 965223 994.17969
"45" 2015 957607 1110.82412
"46" 2015 983789 1308.43937
"47" 2015 977252 1446.33296
"48" 2015 981170 1589.4954
"49" 2015 991110 1749.30915
"50" 2015 989559 1949.43123
"51" 2015 1002737 2216.04877
"52" 2015 940784 2290.80904
"53" 2015 908854 2408.4631
"54" 2015 890949 2583.7521
"55" 2015 863111 2753.32409
"56" 2015 842569 2936.352965
"57" 2015 804978 3143.43909
"58" 2015 797381 3372.92163
"59" 2015 780974 3565.14631
"60" 2015 766096 3945.3944
"61" 2015 753862 4263.08961
"62" 2015 718861 4406.61793
"63" 2015 706848 4788.8952
"64" 2015 703996 5279.97
"65" 2015 728804 5899.66838
"66" 2015 732105 6457.1661
"67" 2015 762719 7425.069465
"68" 2015 744050 7946.454
"69" 2015 741832 8761.03592
"70" 2015 570390 7426.4778
"71" 2015 583984 8368.49072
"72" 2015 586521 9346.212135
"73" 2015 579300 10230.438
"74" 2015 578208 11194.10688
"75" 2015 630060 13454.9313
"76" 2015 613015 14672.514025
"77" 2015 586884 15760.76982
"78" 2015 534331 16259.69233
"79" 2015 491887 17061.100595
"80" 2015 490262 19372.70293
"81" 2015 461054 20675.96663
"82" 2015 432359 22171.36952
"83" 2015 400186 23476.91169
"84" 2015 380759 25444.220175
"85" 2015 369558 28313.68617
"86" 2015 307579.86 26724.0761361
"87" 2015 280625.72 27746.868065
"88" 2015 251962.11 28239.9132888
"89" 2015 219230.51 27586.87122585
"90" 2015 188892.95 26800.131746
"91" 2015 159735.04 25284.4594816
"92" 2015 134870.88 23525.5275984
"93" 2015 108411.79 20901.25105305
"94" 2015 86336.49 18344.7773952
"95" 2015 66653.18 15647.8338027
"96" 2015 33188.58 8599.6589067
"97" 2015 18729.88 5296.1545182
"98" 2015 14675.53 4505.75459825
"99" 2015 12612.27 4182.92240685
"100" 2015 10980.85 3913.41022725
"101" 2015 7723.29 2942.1100926
"102" 2015 4788.69 1939.6588845
"103" 2015 2942.1 1260.5868765
"104" 2015 1551.42 699.6361203
"105" 2015 947.23 447.4335628
"106" 2015 449.56 221.4083
"107" 2015 219.59 112.2719752
"108" 2015 94.68 50.0516352
"109" 2015 50.53 27.51636415
"110" 2015 23.63 18.33865225
"111" 2015 11.67 11.67
"112" 2016 482977 1381.31422
"113" 2016 499707 77.454585
"114" 2016 510117 56.11287
"115" 2016 531804 50.52138
"116" 2016 539174 40.43805
"117" 2016 555014 33.30084
"118" 2016 564416 31.04288
"119" 2016 570307 31.366885
"120" 2016 568376 36.94444
"121" 2016 568836 34.13016
"122" 2016 565198 33.91188
"123" 2016 570683 39.94781
"124" 2016 566021 45.28168
"125" 2016 562296 56.2296
"126" 2016 568077 73.85001
"127" 2016 579057 95.544405
"128" 2016 569082 116.66181
"129" 2016 569765 136.7436
"130" 2016 570722 151.24133
"131" 2016 574614 155.14578
"132" 2016 575189 163.928865
"133" 2016 584654 175.3962
"134" 2016 599431 167.84068
"135" 2016 625753 178.339605
"136" 2016 626406 194.18586
"137" 2016 638292 210.63636
"138" 2016 638904 210.83832
"139" 2016 653944 205.99236
"140" 2016 641855 195.765775
"141" 2016 645791 209.882075
"142" 2016 667346 256.92821
"143" 2016 680181 275.473305
"144" 2016 693458 273.91591
"145" 2016 716830 315.4052
"146" 2016 722978 339.79966
"147" 2016 741009 366.799455
"148" 2016 765659 405.79927
"149" 2016 807208 452.03648
"150" 2016 834054 542.1351
"151" 2016 871203 635.97819
"152" 2016 912484 707.1751
"153" 2016 950153 798.12852
"154" 2016 944551 892.600695
"155" 2016 954408 983.04024
"156" 2016 964234 1118.51144
"157" 2016 956402 1272.01466
"158" 2016 982464 1454.04672
"159" 2016 975787 1580.77494
"160" 2016 979534 1728.87751
"161" 2016 989111 1948.54867
"162" 2016 987355 2182.05455
"163" 2016 1000098 2435.23863
"164" 2016 938229 2486.30685
"165" 2016 906328 2628.3512
"166" 2016 888056 2832.89864
"167" 2016 860092 2997.42062
"168" 2016 839440 3278.0132
"169" 2016 801557 3390.58611
"170" 2016 793763 3623.528095
"171" 2016 777007 4001.58605
"172" 2016 761782 4307.87721
"173" 2016 749154 4592.31402
"174" 2016 714112 4838.1088
"175" 2016 701841 5263.8075
"176" 2016 698200 5651.929
"177" 2016 722535 6372.7587
"178" 2016 725284 7060.63974
"179" 2016 754814 8061.41352
"180" 2016 735440 8685.5464
"181" 2016 732301 9534.55902
"182" 2016 562352 8058.50416
"183" 2016 575250 9166.60875
"184" 2016 576453 10180.15998
"185" 2016 568288 11002.05568
"186" 2016 566362 12094.66051
"187" 2016 615828 14739.84318
"188" 2016 597697 16051.152935
"189" 2016 570235 17352.25105
"190" 2016 517299 17942.515815
"191" 2016 473983 18729.438245
"192" 2016 470284 21089.88598
"193" 2016 439915 22558.8412
"194" 2016 409352 24014.63508
"195" 2016 376316 25147.3167
"196" 2016 354648 27171.35652
"197" 2016 341216 29646.55216
"198" 2016 280684.86 27752.7155325
"199" 2016 252864.72 28341.0778176
"200" 2016 223914.11 28176.23203185
"201" 2016 191618.51 27186.8341988
"202" 2016 162106.95 25659.9091155
"203" 2016 134390.04 23441.6546772
"204" 2016 111382.88 21474.0623496
"205" 2016 87519.79 18596.2049792
"206" 2016 68129.49 15994.41971985
"207" 2016 50882.18 13184.3360707
"208" 2016 24750.58 6998.5977537
"209" 2016 13420.88 4120.545682
"210" 2016 10340.53 3429.48847715
"211" 2016 8493.27 3026.87402895
"212" 2016 7159.85 2727.473259
"213" 2016 4851.29 1965.0150145
"214" 2016 2874.69 1231.70405085
"215" 2016 1638.1 738.7257665
"216" 2016 861.42 406.9003512
"217" 2016 487.23 239.960775
"218" 2016 238.56 121.9709568
"219" 2016 111.59 58.9909376
"220" 2016 41.68 22.6970524
"221" 2016 21.53 16.70889475
"222" 2016 16.31 16.31
"223" 2017 469956 1344.07416
"224" 2017 482975 74.861125
"225" 2017 499100 54.901
"226" 2017 508569 48.314055
"227" 2017 530684 39.8013
"228" 2017 538315 32.2989
"229" 2017 554223 30.482265
"230" 2017 563484 30.99162
"231" 2017 569449 37.014185
"232" 2017 567734 34.06404
"233" 2017 568351 34.10106
"234" 2017 564759 39.53313
"235" 2017 570232 45.61856
"236" 2017 565648 56.5648
"237" 2017 562006 73.06078
"238" 2017 567907 93.704655
"239" 2017 579513 118.800165
"240" 2017 570420 136.9008
"241" 2017 575369 152.472785
"242" 2017 577538 155.93526
"243" 2017 580173 165.349305
"244" 2017 580454 174.1362
"245" 2017 588669 164.82732
"246" 2017 603268 171.93138
"247" 2017 629620 195.1822
"248" 2017 629535 207.74655
"249" 2017 642436 212.00388
"250" 2017 642007 202.232205
"251" 2017 657178 200.43929
"252" 2017 644695 209.525875
"253" 2017 648456 249.65556
"254" 2017 669475 271.137375
"255" 2017 681886 269.34497
"256" 2017 694656 305.64864
"257" 2017 718039 337.47833
"258" 2017 723845 358.303275
"259" 2017 741912 393.21336
"260" 2017 765861 428.88216
"261" 2017 807330 524.7645
"262" 2017 833831 608.69663
"263" 2017 870791 674.863025
"264" 2017 911851 765.95484
"265" 2017 949191 896.985495
"266" 2017 943493 971.79779
"267" 2017 953322 1105.85352
"268" 2017 962938 1280.70754
"269" 2017 954941 1413.31268
"270" 2017 980760 1588.8312
"271" 2017 974118 1719.31827
"272" 2017 977856 1926.37632
"273" 2017 987086 2181.46006
"274" 2017 985049 2398.594315
"275" 2017 997621 2643.69565
"276" 2017 935698 2713.5242
"277" 2017 903469 2882.06611
"278" 2017 885121 3084.646685
"279" 2017 856993 3346.557665
"280" 2017 836111 3536.74953
"281" 2017 798005 3642.892825
"282" 2017 789831 4067.62965
"283" 2017 773056 4371.63168
"284" 2017 757380 4642.7394
"285" 2017 744596 5044.6379
"286" 2017 709343 5320.0725
"287" 2017 696611 5639.066045
"288" 2017 692446 6107.37372
"289" 2017 716222 6972.42117
"290" 2017 717997 7668.20796
"291" 2017 746468 8815.78708
"292" 2017 726598 9460.30596
"293" 2017 722568 10354.39944
"294" 2017 554076 8829.20106
"295" 2017 566025 9996.0015
"296" 2017 565998 10957.72128
"297" 2017 556967 11894.030285
"298" 2017 554027 13260.636245
"299" 2017 601204 16145.33342
"300" 2017 581870 17706.3041
"301" 2017 553415 19195.199275
"302" 2017 500056 19759.71284
"303" 2017 456104 20453.98388
"304" 2017 450097 23080.97416
"305" 2017 418373 24543.852045
"306" 2017 386509 25828.463925
"307" 2017 352595 27014.065925
"308" 2017 329223 28604.540355
"309" 2017 313435 30990.885625
"310" 2017 254744.86 28551.8039088
"311" 2017 226450.72 28495.4263512
"312" 2017 197328.11 27996.9122468
"313" 2017 166374.51 26335.4211879
"314" 2017 138368.95 24135.6959485
"315" 2017 112426.04 21675.1783818
"316" 2017 91273.88 19393.8740224
"317" 2017 70220.79 16485.38376435
"318" 2017 53070.49 13751.36001635
"319" 2017 38939.18 11010.6372327
"320" 2017 18325.58 5626.4111995
"321" 2017 9724.88 3225.3050764
"322" 2017 7249.53 2583.62374905
"323" 2017 5642.27 2149.3663338
"324" 2017 4741.85 1920.6863425
"325" 2017 3041.29 1303.08631985
"326" 2017 1733.69 781.83351085
"327" 2017 957.1 452.095756
"328" 2017 470.42 231.68185
"329" 2017 277.23 141.7421544
"330" 2017 113.56 60.0323584
"331" 2017 54.59 29.72725745
"332" 2017 21.68 16.825306
"333" 2017 15.85 15.85
"334" 2018 455066 1301.48876
"335" 2018 470412 72.91386
"336" 2018 482810 53.1091
"337" 2018 498644 47.37118
"338" 2018 507352 38.0514
"339" 2018 529716 31.78296
"340" 2018 537576 29.56668
"341" 2018 553502 30.44261
"342" 2018 562718 36.57667
"343" 2018 568873 34.13238
"344" 2018 567324 34.03944
"345" 2018 568083 39.76581
"346" 2018 564478 45.15824
"347" 2018 570184 57.0184
"348" 2018 565934 73.57142
"349" 2018 562182 92.76003
"350" 2018 568641 116.571405
"351" 2018 581989 139.67736
"352" 2018 579330 153.52245
"353" 2018 587285 158.56695
"354" 2018 585466 166.85781
"355" 2018 587622 176.2866
"356" 2018 586266 164.15448
"357" 2018 594005 169.291425
"358" 2018 607703 188.38793
"359" 2018 634033 209.23089
"360" 2018 632522 208.73226
"361" 2018 645936 203.46984
"362" 2018 644515 196.577075
"363" 2018 659634 214.38105
"364" 2018 646636 248.95486
"365" 2018 650448 263.43144
"366" 2018 670717 264.933215
"367" 2018 683056 300.54464
"368" 2018 695415 326.84505
"369" 2018 718861 355.836195
"370" 2018 724286 383.87158
"371" 2018 742259 415.66504
"372" 2018 765795 497.76675
"373" 2018 807054 589.14942
"374" 2018 833227 645.750925
"375" 2018 870131 730.91004
"376" 2018 910933 860.831685
"377" 2018 948160 976.6048
"378" 2018 942507 1093.30812
"379" 2018 952006 1266.16798
"380" 2018 961551 1423.09548
"381" 2018 953283 1544.31846
"382" 2018 979137 1728.176805
"383" 2018 972309 1915.44873
"384" 2018 975914 2156.76994
"385" 2018 984888 2398.20228
"386" 2018 982355 2603.24075
"387" 2018 994884 2885.1636
"388" 2018 932941 2976.08179
"389" 2018 900730 3139.04405
"390" 2018 882238 3445.13939
"391" 2018 853804 3611.59092
"392" 2018 832470 3800.22555
"393" 2018 794366 4090.9849
"394" 2018 785725 4443.274875
"395" 2018 768463 4710.67819
"396" 2018 752539 5098.451725
"397" 2018 739734 5548.005
"398" 2018 703998 5698.86381
"399" 2018 690949 6094.17018
"400" 2018 686750 6685.51125
"401" 2018 709213 7574.39484
"402" 2018 710430 8390.1783
"403" 2018 737434 9601.39068
"404" 2018 716867 10272.70411
"405" 2018 711884 11343.87154
"406" 2018 544914 9623.18124
"407" 2018 555637 10757.13232
"408" 2018 554591 11843.290805
"409" 2018 544466 13031.79371
"410" 2018 540220 14507.6081
"411" 2018 584625 17790.13875
"412" 2018 564036 19563.58866
"413" 2018 534369 21115.591035
"414" 2018 480635 21554.076575
"415" 2018 435869 22351.36232
"416" 2018 427083 25054.824195
"417" 2018 394210 26343.08325
"418" 2018 361140 27668.7411
"419" 2018 326547 28372.036095
"420" 2018 301039 29765.231125
"421" 2018 283301 31752.37608
"422" 2018 226490.87 28500.47862645
"423" 2018 198234.75 28125.54633
"424" 2018 169886.17 26891.2818493
"425" 2018 140540.65 24514.5055795
"426" 2018 114577.16 22089.9035622
"427" 2018 91063.34 19349.1384832
"428" 2018 72185.26 16946.5725639
"429" 2018 53966.28 13983.4726422
"430" 2018 39865.08 11272.4493462
"431" 2018 28363.87 8708.41718675
"432" 2018 12943.42 4292.7499601
"433" 2018 6700.8 2388.064608
"434" 2018 4842.46 1844.6867124
"435" 2018 3631.21 1470.8216105
"436" 2018 2864.79 1227.46224735
"437" 2018 1827.25 824.02579625
"438" 2018 986.67 466.0634412
"439" 2018 527.09 259.591825
"440" 2018 248.42 127.0121776
"441" 2018 151.23 79.9462272
"442" 2018 53.56 29.1663658
"443" 2018 32.59 25.29228425
"444" 2018 14.53 14.53
"445" 2019 431007 1232.68002
"446" 2019 455746 70.64063
"447" 2019 470813 51.78943
"448" 2019 482946 45.87987
"449" 2019 498240 37.368
"450" 2019 507118 30.42708
"451" 2019 529609 29.128495
"452" 2019 537809 29.579495
"453" 2019 553691 35.989915
"454" 2019 563046 33.78276
"455" 2019 569271 34.15626
"456" 2019 567812 39.74684
"457" 2019 568576 45.48608
"458" 2019 565035 56.5035
"459" 2019 571168 74.25184
"460" 2019 566861 93.532065
"461" 2019 563617 115.541485
"462" 2019 570790 136.9896
"463" 2019 586873 155.521345
"464" 2019 585535 158.09445
"465" 2019 592118 168.75363
"466" 2019 590127 177.0381
"467" 2019 591595 165.6466
"468" 2019 590504 168.29364
"469" 2019 597963 185.36853
"470" 2019 610365 201.42045
"471" 2019 636390 210.0087
"472" 2019 634599 199.898685
"473" 2019 647713 197.552465
"474" 2019 646532 210.1229
"475" 2019 661682 254.74757
"476" 2019 648958 262.82799
"477" 2019 652430 257.70985
"478" 2019 672536 295.91584
"479" 2019 684894 321.90018
"480" 2019 696965 344.997675
"481" 2019 720821 382.03513
"482" 2019 725890 406.4984
"483" 2019 743989 483.59285
"484" 2019 767068 559.95964
"485" 2019 808091 626.270525
"486" 2019 833979 700.54236
"487" 2019 870585 822.702825
"488" 2019 911068 938.40004
"489" 2019 948308 1100.03728
"490" 2019 942526 1253.55958
"491" 2019 951644 1408.43312
"492" 2019 960873 1556.61426
"493" 2019 952392 1680.97188
"494" 2019 977845 1926.35465
"495" 2019 970952 2145.80392
"496" 2019 974426 2372.72731
"497" 2019 983002 2604.9553
"498" 2019 980231 2842.6699
"499" 2019 992363 3165.63797
"500" 2019 930364 3242.31854
"501" 2019 898112 3507.12736
"502" 2019 879334 3719.58282
"503" 2019 850679 3883.349635
"504" 2019 828928 4268.9792
"505" 2019 790780 4471.8609
"506" 2019 781577 4791.06701
"507" 2019 764192 5177.4008
"508" 2019 747881 5609.1075
"509" 2019 734624 5946.78128
"510" 2019 698687 6162.41934
"511" 2019 685459 6672.943365
"512" 2019 680430 7266.9924
"513" 2019 701821 8288.50601
"514" 2019 702312 9144.10224
"515" 2019 728090 10433.5297
"516" 2019 706643 11260.356205
"517" 2019 700442 12369.80572
"518" 2019 535439 10366.09904
"519" 2019 544806 11634.33213
"520" 2019 542572 12986.46082
"521" 2019 531505 14273.566775
"522" 2019 525763 15998.96809
"523" 2019 567636 19688.45466
"524" 2019 545322 21548.39883
"525" 2019 514429 23069.568505
"526" 2019 460163 23597.15864
"527" 2019 414713 24329.138145
"528" 2019 403674 26975.51505
"529" 2019 369736 28327.32364
"530" 2019 335183 29122.374955
"531" 2019 300229 29685.142375
"532" 2019 273375 30639.87
"533" 2019 254237 31991.912895
"534" 2019 199253.87 28270.1390756
"535" 2019 171840.75 27200.6723175
"536" 2019 144824.17 25261.6799731
"537" 2019 117507.65 22654.88738175
"538" 2019 93885.16 19948.7187968
"539" 2019 72731.34 17074.7730351
"540" 2019 56229.26 14569.8447049
"541" 2019 41068.28 11612.6721942
"542" 2019 29622.08 9094.719112
"543" 2019 20491.87 6796.23114485
"544" 2019 9068.42 3231.8488617
"545" 2019 4525.8 1724.058252
"546" 2019 3126.46 1266.372623
"547" 2019 2290.21 981.27482765
"548" 2019 1738.79 784.13343235
"549" 2019 1065.25 503.18149
"550" 2019 569.67 280.562475
"551" 2019 283.09 144.7382552
"552" 2019 128.42 67.8879488
"553" 2019 75.23 40.96687265
"554" 2019 27.56 21.388627
"555" 2019 25.12 25.12
"556" 2020 414974 1186.82564
"557" 2020 436785 67.701675
"558" 2020 457314 50.30454
"559" 2020 471696 44.81112
"560" 2020 483769 36.282675
"561" 2020 499144 29.94864
"562" 2020 507291 27.901005
"563" 2020 529473 29.121015
"564" 2020 537902 34.96363
"565" 2020 554146 33.24876
"566" 2020 562764 33.76584
"567" 2020 569337 39.85359
"568" 2020 568025 45.442
"569" 2020 569063 56.9063
"570" 2020 565871 73.56323
"571" 2020 572210 94.41465
"572" 2020 568006 116.44123
"573" 2020 565389 135.69336
"574" 2020 574707 152.297355
"575" 2020 590744 159.50088
"576" 2020 587458 167.42553
"577" 2020 593017 177.9051
"578" 2020 590999 165.47972
"579" 2020 592782 168.94287
"580" 2020 591632 183.40592
"581" 2020 598620 197.5446
"582" 2020 610326 201.40758
"583" 2020 636742 200.57373
"584" 2020 635013 193.678965
"585" 2020 647793 210.532725
"586" 2020 646752 248.99952
"587" 2020 661651 267.968655
"588" 2020 649095 256.392525
"589" 2020 652402 287.05688
"590" 2020 672541 316.09427
"591" 2020 685014 339.08193
"592" 2020 696978 369.39834
"593" 2020 720776 403.63456
"594" 2020 725693 471.70045
"595" 2020 743730 542.9229
"596" 2020 766871 594.325025
"597" 2020 807492 678.29328
"598" 2020 833206 787.37967
"599" 2020 869464 895.54792
"600" 2020 910431 1056.09996
"601" 2020 947191 1259.76403
"602" 2020 941384 1393.24832
"603" 2020 950417 1539.67554
"604" 2020 959708 1693.88462
"605" 2020 951065 1873.59805
"606" 2020 976325 2157.67825
"607" 2020 968981 2359.468735
"608" 2020 972528 2577.1992
"609" 2020 980815 2844.3635
"610" 2020 978055 3119.99545
"611" 2020 990171 3450.745935
"612" 2020 927825 3623.156625
"613" 2020 895469 3787.83387
"614" 2020 876379 4000.670135
"615" 2020 847647 4365.38205
"616" 2020 825539 4668.423045
"617" 2020 787331 4826.33903
"618" 2020 777491 5267.501525
"619" 2020 759731 5697.9825
"620" 2020 743258 6016.67351
"621" 2020 729584 6434.93088
"622" 2020 693488 6751.10568
"623" 2020 679502 7257.08136
"624" 2020 673956 7959.42036
"625" 2020 694484 9042.18168
"626" 2020 694140 9947.0262
"627" 2020 718819 11454.380765
"628" 2020 696577 12301.54982
"629" 2020 689079 13340.56944
"630" 2020 525745 11227.284475
"631" 2020 533883 12778.489605
"632" 2020 530624 14249.90752
"633" 2020 518346 15773.26878
"634" 2020 511316 17734.99546
"635" 2020 549844 21727.08566
"636" 2020 526084 23592.23698
"637" 2020 493871 25325.70488
"638" 2020 439070 25758.04155
"639" 2020 392934 26257.81455
"640" 2020 379577 29081.291855
"641" 2020 344257 29910.769445
"642" 2020 308797 30532.303375
"643" 2020 273406 30643.34448
"644" 2020 245503 30892.870005
"645" 2020 224661 31874.90268
"646" 2020 172561.73 27314.7962417
"647" 2020 146194.66 25500.7345438
"648" 2020 120881.17 23305.28517015
"649" 2020 96199.77 20440.5271296
"650" 2020 75043.39 17617.56145335
"651" 2020 56875.7 14737.3470055
"652" 2020 42813.72 12106.2215358
"653" 2020 30526.87 9372.51226175
"654" 2020 21330.75 7074.44989125
"655" 2020 14331.63 5107.57795755
"656" 2020 6170.31 2350.5178914
"657" 2020 2982.73 1208.1547865
"658" 2020 1970.42 844.2560053
"659" 2020 1417.18 639.0985787
"660" 2020 1039.77 491.1457572
"661" 2020 601.23 296.105775
"662" 2020 312.66 159.8568048
"663" 2020 161.09 85.1586176
"664" 2020 70.42 38.3475631
"665" 2020 36.23 28.11719725
"666" 2020 21.68 21.68
"667" 2021 404956 1158.17416
"668" 2021 423269 65.606695
"669" 2021 443571 48.79281
"670" 2021 464239 44.102705
"671" 2021 480475 36.035625
"672" 2021 493318 29.59908
"673" 2021 501031 27.556705
"674" 2021 510437 28.074035
"675" 2021 532059 34.583835
"676" 2021 541495 32.4897
"677" 2021 557192 33.43152
"678" 2021 566257 39.63799
"679" 2021 573063 45.84504
"680" 2021 572003 57.2003
"681" 2021 573180 74.5134
"682" 2021 570115 94.068975
"683" 2021 574780 117.8299
"684" 2021 569673 136.72152
"685" 2021 566163 150.033195
"686" 2021 576282 155.59614
"687" 2021 592909 168.979065
"688" 2021 588045 176.4135
"689" 2021 593757 166.25196
"690" 2021 590841 168.389685
"691" 2021 591788 183.45428
"692" 2021 589181 194.42973
"693" 2021 594222 196.09326
"694" 2021 604340 190.3671
"695" 2021 630071 192.171655
"696" 2021 627765 204.023625
"697" 2021 640573 246.620605
"698" 2021 639502 258.99831
"699" 2021 655408 258.88616
"700" 2021 643652 283.20688
"701" 2021 647011 304.09517
"702" 2021 667278 330.30261
"703" 2021 681128 360.99784
"704" 2021 693606 388.41936
"705" 2021 718130 466.7845
"706" 2021 723110 527.8703
"707" 2021 741417 574.598175
"708" 2021 764338 642.04392
"709" 2021 804929 760.657905
"710" 2021 831055 855.98665
"711" 2021 866831 1005.52396
"712" 2021 908080 1207.7464
"713" 2021 944130 1397.3124
"714" 2021 938013 1519.58106
"715" 2021 946747 1671.008455
"716" 2021 955531 1882.39607
"717" 2021 946253 2091.21913
"718" 2021 970580 2363.3623
"719" 2021 962254 2549.9731
"720" 2021 965612 2800.2748
"721" 2021 972976 3103.79344
"722" 2021 969939 3380.237415
"723" 2021 981264 3831.83592
"724" 2021 919463 3889.32849
"725" 2021 886357 4046.219705
"726" 2021 866942 4464.7513
"727" 2021 838134 4739.64777
"728" 2021 815350 4998.0955
"729" 2021 776787 5262.731925
"730" 2021 766661 5749.9575
"731" 2021 749164 6064.48258
"732" 2021 732932 6464.46024
"733" 2021 719124 7000.67214
"734" 2021 682607 7290.24276
"735" 2021 672631 7943.77211
"736" 2021 667039 8684.84778
"737" 2021 686526 9837.91758
"738" 2021 684969 10914.981015
"739" 2021 708347 12509.40802
"740" 2021 685037 13262.31632
"741" 2021 676292 14442.21566
"742" 2021 514408 12312.35548
"743" 2021 521003 13991.535565
"744" 2021 515948 15700.29764
"745" 2021 502187 17418.356095
"746" 2021 493664 19507.13296
"747" 2021 527760 23667.3972
"748" 2021 502658 25776.30224
"749" 2021 468561 27488.131065
"750" 2021 413022 27600.19515
"751" 2021 365962 28038.17863
"752" 2021 349855 30397.151675
"753" 2021 313617 31008.880875
"754" 2021 277429 31094.24232
"755" 2021 241985 30450.182475
"756" 2021 213216 30251.08608
"757" 2021 191492 30311.26868
"758" 2021 148486 25900.41298
"759" 2021 120185 23171.067075
"760" 2021 96282 20457.99936
"761" 2021 73213 17187.849945
"762" 2021 54860 14215.0489
"763" 2021 40293 11393.450145
"764" 2021 29016 8908.6374
"765" 2021 20113 6670.577015
"766" 2021 13635 4859.309475
"767" 2021 6697.843999 2551.47669297906
"768" 2021 4310.19657023648 1745.84512077429
"769" 2021 2668.22718680489 1143.24196159436
"770" 2021 1587.64854069265 715.973924153461
"771" 2021 907.611041257765 428.719151448518
"772" 2021 498.487212190003 245.504952003577
"773" 2021 263.14641444298 134.541498776407
"774" 2021 133.623117790001 70.6385249885061
"775" 2021 65.3457132928442 35.5843349021848
"776" 2021 30.8229195031017 23.9208972533697
"777" 2021 14.0487784803187 14.0487784803187
