"year" "population" "expected"
"1" 2015 499940 1244.8506
"2" 2015 511448 69.04548
"3" 2015 532895 55.953975
"4" 2015 539900 48.591
"5" 2015 555647 33.33882
"6" 2015 564915 31.070325
"7" 2015 571217 31.416935
"8" 2015 568782 25.59519
"9" 2015 569129 31.302095
"10" 2015 565607 36.764455
"11" 2015 570929 39.96503
"12" 2015 566055 33.9633
"13" 2015 562246 33.73476
"14" 2015 567956 45.43648
"15" 2015 578507 60.743235
"16" 2015 568252 79.55528
"17" 2015 568447 99.478225
"18" 2015 567946 113.5892
"19" 2015 570728 136.97472
"20" 2015 572067 148.73742
"21" 2015 581875 154.196875
"22" 2015 596841 167.11548
"23" 2015 622716 177.47406
"24" 2015 623610 174.6108
"25" 2015 635226 184.21554
"26" 2015 636172 200.39418
"27" 2015 651427 201.94237
"28" 2015 639283 204.57056
"29" 2015 643403 209.105975
"30" 2015 665331 209.579265
"31" 2015 678538 217.13216
"32" 2015 692273 242.29555
"33" 2015 715538 271.90444
"34" 2015 722073 288.8292
"35" 2015 739783 314.407775
"36" 2015 765110 355.77615
"37" 2015 806726 411.43026
"38" 2015 833639 450.16506
"39" 2015 871157 518.338415
"40" 2015 912804 607.01466
"41" 2015 950732 703.54168
"42" 2015 945247 789.281245
"43" 2015 955105 873.921075
"44" 2015 965223 950.744655
"45" 2015 957607 1048.579665
"46" 2015 983789 1195.303635
"47" 2015 977252 1280.20012
"48" 2015 981170 1388.35555
"49" 2015 991110 1580.82045
"50" 2015 989559 1771.31061
"51" 2015 1002737 1950.323465
"52" 2015 940784 1980.35032
"53" 2015 908854 2158.52825
"54" 2015 890949 2347.650615
"55" 2015 863111 2438.288575
"56" 2015 842569 2708.859335
"57" 2015 804978 2885.84613
"58" 2015 797381 3085.86447
"59" 2015 780974 3334.75898
"60" 2015 766096 3600.6512
"61" 2015 753862 3814.54172
"62" 2015 718861 4050.781735
"63" 2015 706848 4414.26576
"64" 2015 703996 4794.21276
"65" 2015 728804 5407.72568
"66" 2015 732105 5962.995225
"67" 2015 762719 6826.33505
"68" 2015 744050 7276.809
"69" 2015 741832 8030.3314
"70" 2015 570390 6739.15785
"71" 2015 583984 7656.03024
"72" 2015 586521 8583.734835
"73" 2015 579300 9465.762
"74" 2015 578208 10569.64224
"75" 2015 630060 12765.0156
"76" 2015 613015 13771.381975
"77" 2015 586884 14522.44458
"78" 2015 534331 14827.68525
"79" 2015 491887 15531.332025
"80" 2015 490262 17387.14183
"81" 2015 461054 18612.74998
"82" 2015 432359 19901.48477
"83" 2015 400186 21035.77709
"84" 2015 380759 22967.38288
"85" 2015 369558 25512.43653
"86" 2015 307579.86 24238.8308673
"87" 2015 280625.72 25125.8238402
"88" 2015 251962.11 25732.8902943
"89" 2015 219230.51 25721.21958575
"90" 2015 188892.95 25155.81861625
"91" 2015 159735.04 23888.375232
"92" 2015 134870.88 22342.0356264
"93" 2015 108411.79 19745.58137165
"94" 2015 86336.49 17232.763404
"95" 2015 66653.18 14651.0354958
"96" 2015 33188.58 8068.4756838
"97" 2015 18729.88 4985.3321596
"98" 2015 14675.53 4255.83032235
"99" 2015 12612.27 3964.73013585
"100" 2015 10980.85 3722.56305425
"101" 2015 7723.29 2808.76749075
"102" 2015 4788.69 1858.46664555
"103" 2015 2942.1 1212.1599105
"104" 2015 1551.42 675.1159272
"105" 2015 947.23 433.2156405
"106" 2015 449.56 215.0672562
"107" 2015 219.59 109.3887585
"108" 2015 94.68 48.9050604
"109" 2015 50.53 26.9567444
"110" 2015 23.63 18.21388585
"111" 2015 11.67 11.67
"112" 2016 482977 1202.61273
"113" 2016 499707 67.460445
"114" 2016 510117 53.562285
"115" 2016 531804 47.86236
"116" 2016 539174 32.35044
"117" 2016 555014 30.52577
"118" 2016 564416 31.04288
"119" 2016 570307 25.663815
"120" 2016 568376 31.26068
"121" 2016 568836 36.97434
"122" 2016 565198 39.56386
"123" 2016 570683 34.24098
"124" 2016 566021 33.96126
"125" 2016 562296 44.98368
"126" 2016 568077 59.648085
"127" 2016 579057 81.06798
"128" 2016 569082 99.58935
"129" 2016 569765 113.953
"130" 2016 570722 136.97328
"131" 2016 574614 149.39964
"132" 2016 575189 152.425085
"133" 2016 584654 163.70312
"134" 2016 599431 170.837835
"135" 2016 625753 175.21084
"136" 2016 626406 181.65774
"137" 2016 638292 201.06198
"138" 2016 638904 198.06024
"139" 2016 653944 209.26208
"140" 2016 641855 208.602875
"141" 2016 645791 203.424165
"142" 2016 667346 213.55072
"143" 2016 680181 238.06335
"144" 2016 693458 263.51404
"145" 2016 716830 286.732
"146" 2016 722978 307.26565
"147" 2016 741009 344.569185
"148" 2016 765659 390.48609
"149" 2016 807208 435.89232
"150" 2016 834054 496.26213
"151" 2016 871203 579.349995
"152" 2016 912484 675.23816
"153" 2016 950153 793.377755
"154" 2016 944551 864.264165
"155" 2016 954408 940.09188
"156" 2016 964234 1055.83623
"157" 2016 956402 1162.02843
"158" 2016 982464 1287.02784
"159" 2016 975787 1380.738605
"160" 2016 979534 1562.35673
"161" 2016 989111 1770.50869
"162" 2016 987355 1920.405475
"163" 2016 1000098 2105.20629
"164" 2016 938229 2228.293875
"165" 2016 906328 2388.17428
"166" 2016 888056 2508.7582
"167" 2016 860092 2765.19578
"168" 2016 839440 3009.3924
"169" 2016 801557 3102.02559
"170" 2016 793763 3389.36801
"171" 2016 777007 3651.9329
"172" 2016 761782 3854.61692
"173" 2016 749154 4221.48279
"174" 2016 714112 4459.62944
"175" 2016 701841 4779.53721
"176" 2016 698200 5180.644
"177" 2016 722535 5885.047575
"178" 2016 725284 6491.2918
"179" 2016 754814 7382.08092
"180" 2016 735440 7961.138
"181" 2016 732301 8652.136315
"182" 2016 562352 7372.43472
"183" 2016 575250 8418.78375
"184" 2016 576453 9419.24202
"185" 2016 568288 10388.30464
"186" 2016 566362 11474.49412
"187" 2016 615828 13834.57602
"188" 2016 597697 14790.012265
"189" 2016 570235 15824.02125
"190" 2016 517299 16333.715925
"191" 2016 473983 16809.807095
"192" 2016 470284 18985.36508
"193" 2016 439915 20249.28745
"194" 2016 409352 21517.58788
"195" 2016 376316 22699.38112
"196" 2016 354648 24483.12468
"197" 2016 341216 26889.52688
"198" 2016 280684.86 25131.1189401
"199" 2016 252864.72 25825.0738536
"200" 2016 223914.11 26270.72295575
"201" 2016 191618.51 25518.79506925
"202" 2016 162106.95 24243.0943725
"203" 2016 134390.04 22262.3820762
"204" 2016 111382.88 20286.7208488
"205" 2016 87519.79 17468.950084
"206" 2016 68129.49 14975.5431969
"207" 2016 50882.18 12369.9667798
"208" 2016 24750.58 6587.8618786
"209" 2016 13420.88 3891.9880956
"210" 2016 10340.53 3250.59730815
"211" 2016 8493.27 2879.26099635
"212" 2016 7159.85 2603.85844875
"213" 2016 4851.29 1882.76139255
"214" 2016 2874.69 1184.38665345
"215" 2016 1638.1 712.835596
"216" 2016 861.42 393.970437
"217" 2016 487.23 233.08839585
"218" 2016 238.56 118.838664
"219" 2016 111.59 57.6395827
"220" 2016 41.68 22.2354464
"221" 2016 21.53 16.59521635
"222" 2016 16.31 16.31
"223" 2017 469956 1170.19044
"224" 2017 482975 65.201625
"225" 2017 499100 52.4055
"226" 2017 508569 45.77121
"227" 2017 530684 31.84104
"228" 2017 538315 29.607325
"229" 2017 554223 30.482265
"230" 2017 563484 25.35678
"231" 2017 569449 31.319695
"232" 2017 567734 36.90271
"233" 2017 568351 39.78457
"234" 2017 564759 33.88554
"235" 2017 570232 34.21392
"236" 2017 565648 45.25184
"237" 2017 562006 59.01063
"238" 2017 567907 79.50698
"239" 2017 579513 101.414775
"240" 2017 570420 114.084
"241" 2017 575369 138.08856
"242" 2017 577538 150.15988
"243" 2017 580173 153.745845
"244" 2017 580454 162.52712
"245" 2017 588669 167.770665
"246" 2017 603268 168.91504
"247" 2017 629620 182.5898
"248" 2017 629535 198.303525
"249" 2017 642436 199.15516
"250" 2017 642007 205.44224
"251" 2017 657178 213.58285
"252" 2017 644695 203.078925
"253" 2017 648456 207.50592
"254" 2017 669475 234.31625
"255" 2017 681886 259.11668
"256" 2017 694656 277.8624
"257" 2017 718039 305.166575
"258" 2017 723845 336.587925
"259" 2017 741912 378.37512
"260" 2017 765861 413.56494
"261" 2017 807330 480.36135
"262" 2017 833831 554.497615
"263" 2017 870791 644.38534
"264" 2017 911851 761.395585
"265" 2017 949191 868.509765
"266" 2017 943493 929.340605
"267" 2017 953322 1043.88759
"268" 2017 962938 1169.96967
"269" 2017 954941 1250.97271
"270" 2017 980760 1387.7754
"271" 2017 974118 1553.71821
"272" 2017 977856 1750.36224
"273" 2017 987086 1919.88227
"274" 2017 985049 2073.528145
"275" 2017 997621 2369.349875
"276" 2017 935698 2465.56423
"277" 2017 903469 2552.299925
"278" 2017 885121 2845.664015
"279" 2017 856993 3072.319905
"280" 2017 836111 3235.74957
"281" 2017 798005 3407.48135
"282" 2017 789831 3712.2057
"283" 2017 773056 3911.66336
"284" 2017 757380 4267.8363
"285" 2017 744596 4650.00202
"286" 2017 709343 4830.62583
"287" 2017 696611 5168.85362
"288" 2017 692446 5639.97267
"289" 2017 716222 6410.1869
"290" 2017 717997 7022.01066
"291" 2017 746468 8080.5161
"292" 2017 726598 8584.75537
"293" 2017 722568 9472.86648
"294" 2017 554076 8108.90226
"295" 2017 566025 9248.8485
"296" 2017 565998 10346.44344
"297" 2017 556967 11284.15142
"298" 2017 554027 12446.216555
"299" 2017 601204 14876.79298
"300" 2017 581870 16146.8925
"301" 2017 553415 17474.078625
"302" 2017 500056 17734.48604
"303" 2017 456104 18412.91848
"304" 2017 450097 20717.96491
"305" 2017 418373 21991.776745
"306" 2017 386509 23314.22288
"307" 2017 352595 24341.395825
"308" 2017 329223 25944.418515
"309" 2017 313435 28063.402725
"310" 2017 254744.86 26017.0925518
"311" 2017 226450.72 26568.330724
"312" 2017 197328.11 26279.17104925
"313" 2017 166374.51 24881.3079705
"314" 2017 138368.95 22921.50841225
"315" 2017 112426.04 20476.7167954
"316" 2017 91273.88 18218.266448
"317" 2017 70220.79 15435.2318499
"318" 2017 53070.49 12901.9668239
"319" 2017 38939.18 10364.4415406
"320" 2017 18325.58 5314.3265721
"321" 2017 9724.88 3057.0646524
"322" 2017 7249.53 2457.62691765
"323" 2017 5642.27 2051.95254225
"324" 2017 4741.85 1840.28827575
"325" 2017 3041.29 1253.02668645
"326" 2017 1733.69 754.4325404
"327" 2017 957.1 437.729685
"328" 2017 470.42 225.0465759
"329" 2017 277.23 138.1021245
"330" 2017 113.56 58.6571468
"331" 2017 54.59 29.1226732
"332" 2017 21.68 16.7108356
"333" 2017 15.85 15.85
"334" 2018 455066 1133.11434
"335" 2018 470412 63.50562
"336" 2018 482810 50.69505
"337" 2018 498644 44.87796
"338" 2018 507352 30.44112
"339" 2018 529716 29.13438
"340" 2018 537576 29.56668
"341" 2018 553502 24.90759
"342" 2018 562718 30.94949
"343" 2018 568873 36.976745
"344" 2018 567324 39.71268
"345" 2018 568083 34.08498
"346" 2018 564478 33.86868
"347" 2018 570184 45.61472
"348" 2018 565934 59.42307
"349" 2018 562182 78.70548
"350" 2018 568641 99.512175
"351" 2018 581989 116.3978
"352" 2018 579330 139.0392
"353" 2018 587285 152.6941
"354" 2018 585466 155.14849
"355" 2018 587622 164.53416
"356" 2018 586266 167.08581
"357" 2018 594005 166.3214
"358" 2018 607703 176.23387
"359" 2018 634033 199.720395
"360" 2018 632522 196.08182
"361" 2018 645936 206.69952
"362" 2018 644515 209.467375
"363" 2018 659634 207.78471
"364" 2018 646636 206.92352
"365" 2018 650448 227.6568
"366" 2018 670717 254.87246
"367" 2018 683056 273.2224
"368" 2018 695415 295.551375
"369" 2018 718861 334.270365
"370" 2018 724286 369.38586
"371" 2018 742259 400.81986
"372" 2018 765795 455.648025
"373" 2018 807054 536.69091
"374" 2018 833227 616.58798
"375" 2018 870131 726.559385
"376" 2018 910933 833.503695
"377" 2018 948160 933.9376
"378" 2018 942507 1032.045165
"379" 2018 952006 1156.68729
"380" 2018 961551 1259.63181
"381" 2018 953283 1348.895445
"382" 2018 979137 1561.723515
"383" 2018 972309 1740.43311
"384" 2018 975914 1898.15273
"385" 2018 984888 2073.18924
"386" 2018 982355 2333.093125
"387" 2018 994884 2621.51934
"388" 2018 932941 2635.558325
"389" 2018 900730 2895.84695
"390" 2018 882238 3162.82323
"391" 2018 853804 3304.22148
"392" 2018 832470 3554.6469
"393" 2018 794366 3733.5202
"394" 2018 785725 3975.7685
"395" 2018 768463 4330.289005
"396" 2018 752539 4699.606055
"397" 2018 739734 5037.58854
"398" 2018 703998 5223.66516
"399" 2018 690949 5627.779605
"400" 2018 686750 6146.4125
"401" 2018 709213 6936.10314
"402" 2018 710430 7690.40475
"403" 2018 737434 8712.78271
"404" 2018 716867 9398.12637
"405" 2018 711884 10418.42234
"406" 2018 544914 8903.89476
"407" 2018 555637 10157.04436
"408" 2018 554591 11236.01366
"409" 2018 544466 12231.42869
"410" 2018 540220 13367.7439
"411" 2018 584625 16223.34375
"412" 2018 564036 17809.4367
"413" 2018 534369 18951.396585
"414" 2018 480635 19403.23495
"415" 2018 435869 20063.05007
"416" 2018 427083 22449.617895
"417" 2018 394210 23778.7472
"418" 2018 361140 24931.2999
"419" 2018 326547 25733.536335
"420" 2018 301039 26953.526865
"421" 2018 283301 28933.53113
"422" 2018 226490.87 26573.04132275
"423" 2018 198234.75 26399.91283125
"424" 2018 169886.17 25406.4767235
"425" 2018 140540.65 23281.26137575
"426" 2018 114577.16 20868.5110366
"427" 2018 91063.34 18176.242664
"428" 2018 72185.26 15867.0420006
"429" 2018 53966.28 13119.7423308
"430" 2018 39865.08 10610.8883436
"431" 2018 28363.87 8225.38048065
"432" 2018 12943.42 4068.8287941
"433" 2018 6700.8 2271.604704
"434" 2018 4842.46 1761.0816405
"435" 2018 3631.21 1409.25444495
"436" 2018 2864.79 1180.30780395
"437" 2018 1827.25 795.14611
"438" 2018 986.67 451.2535245
"439" 2018 527.09 252.15722055
"440" 2018 248.42 123.750423
"441" 2018 151.23 78.1148319
"442" 2018 53.56 28.5731888
"443" 2018 32.59 25.12020905
"444" 2018 14.53 14.53
"445" 2019 431007 1073.20743
"446" 2019 455746 61.52571
"447" 2019 470813 49.435365
"448" 2019 482946 43.46514
"449" 2019 498240 29.8944
"450" 2019 507118 27.89149
"451" 2019 529609 29.128495
"452" 2019 537809 24.201405
"453" 2019 553691 30.453005
"454" 2019 563046 36.59799
"455" 2019 569271 39.84897
"456" 2019 567812 34.06872
"457" 2019 568576 34.11456
"458" 2019 565035 45.2028
"459" 2019 571168 59.97264
"460" 2019 566861 79.36054
"461" 2019 563617 98.632975
"462" 2019 570790 114.158
"463" 2019 586873 140.84952
"464" 2019 585535 152.2391
"465" 2019 592118 156.91127
"466" 2019 590127 165.23556
"467" 2019 591595 168.604575
"468" 2019 590504 165.34112
"469" 2019 597963 173.40927
"470" 2019 610365 192.264975
"471" 2019 636390 197.2809
"472" 2019 634599 203.07168
"473" 2019 647713 210.506725
"474" 2019 646532 203.65758
"475" 2019 661682 211.73824
"476" 2019 648958 227.1353
"477" 2019 652430 247.9234
"478" 2019 672536 269.0144
"479" 2019 684894 291.07995
"480" 2019 696965 324.088725
"481" 2019 720821 367.61871
"482" 2019 725890 391.9806
"483" 2019 743989 442.673455
"484" 2019 767068 510.10022
"485" 2019 808091 597.98734
"486" 2019 833979 696.372465
"487" 2019 870585 796.585275
"488" 2019 911068 897.40198
"489" 2019 948308 1038.39726
"490" 2019 942526 1145.16909
"491" 2019 951644 1246.65364
"492" 2019 960873 1359.635295
"493" 2019 952392 1519.06524
"494" 2019 977845 1750.34255
"495" 2019 970952 1888.50164
"496" 2019 974426 2051.16673
"497" 2019 983002 2334.62975
"498" 2019 980231 2582.908685
"499" 2019 992363 2803.425475
"500" 2019 930364 2991.12026
"501" 2019 898112 3219.73152
"502" 2019 879334 3403.02258
"503" 2019 850679 3632.39933
"504" 2019 828928 3895.9616
"505" 2019 790780 4001.3468
"506" 2019 781577 4404.186395
"507" 2019 764192 4772.37904
"508" 2019 747881 5093.06961
"509" 2019 734624 5450.91008
"510" 2019 698687 5690.805615
"511" 2019 685459 6134.85805
"512" 2019 680430 6654.6054
"513" 2019 701821 7597.212325
"514" 2019 702312 8297.81628
"515" 2019 728090 9545.2599
"516" 2019 706643 10341.720305
"517" 2019 700442 11445.22228
"518" 2019 535439 9787.82492
"519" 2019 544806 11037.76956
"520" 2019 542572 12188.87998
"521" 2019 531505 13152.091225
"522" 2019 525763 14589.92325
"523" 2019 567636 17923.1067
"524" 2019 545322 19339.84473
"525" 2019 514429 20767.49873
"526" 2019 460163 21181.30289
"527" 2019 414713 21799.388845
"528" 2019 403674 24349.61568
"529" 2019 369736 25524.72476
"530" 2019 335183 26414.096315
"531" 2019 300229 26881.003515
"532" 2019 273375 27919.78875
"533" 2019 254237 29828.356025
"534" 2019 199253.87 26535.63413725
"535" 2019 171840.75 25698.7841625
"536" 2019 144824.17 23990.84788135
"537" 2019 117507.65 21402.25583275
"538" 2019 93885.16 18739.477936
"539" 2019 72731.34 15987.0758454
"540" 2019 56229.26 13669.8953986
"541" 2019 41068.28 10931.1440876
"542" 2019 29622.08 8590.2550896
"543" 2019 20491.87 6441.72179385
"544" 2019 9068.42 3074.2397221
"545" 2019 4525.8 1645.920315
"546" 2019 3126.46 1213.3634937
"547" 2019 2290.21 943.57797105
"548" 2019 1738.79 756.6518564
"549" 2019 1065.25 487.1920875
"550" 2019 569.67 272.52727965
"551" 2019 283.09 141.0212835
"552" 2019 128.42 66.3327826
"553" 2019 75.23 40.1337004
"554" 2019 27.56 21.2431102
"555" 2019 25.12 25.12
"556" 2020 414974 1033.28526
"557" 2020 436785 58.965975
"558" 2020 457314 48.01797
"559" 2020 471696 42.45264
"560" 2020 483769 29.02614
"561" 2020 499144 27.45292
"562" 2020 507291 27.901005
"563" 2020 529473 23.826285
"564" 2020 537902 29.58461
"565" 2020 554146 36.01949
"566" 2020 562764 39.39348
"567" 2020 569337 34.16022
"568" 2020 568025 34.0815
"569" 2020 569063 45.52504
"570" 2020 565871 59.416455
"571" 2020 572210 80.1094
"572" 2020 568006 99.40105
"573" 2020 565389 113.0778
"574" 2020 574707 137.92968
"575" 2020 590744 153.59344
"576" 2020 587458 155.67637
"577" 2020 593017 166.04476
"578" 2020 590999 168.434715
"579" 2020 592782 165.97896
"580" 2020 591632 171.57328
"581" 2020 598620 188.5653
"582" 2020 610326 189.20106
"583" 2020 636742 203.75744
"584" 2020 635013 206.379225
"585" 2020 647793 204.054795
"586" 2020 646752 206.96064
"587" 2020 661651 231.57785
"588" 2020 649095 246.6561
"589" 2020 652402 260.9608
"590" 2020 672541 285.829925
"591" 2020 685014 318.53151
"592" 2020 696978 355.45878
"593" 2020 720776 389.21904
"594" 2020 725693 431.787335
"595" 2020 743730 494.58045
"596" 2020 766871 567.48454
"597" 2020 807492 674.25582
"598" 2020 833206 762.38349
"599" 2020 869464 856.42204
"600" 2020 910431 996.921945
"601" 2020 947191 1150.837065
"602" 2020 941384 1233.21304
"603" 2020 950417 1344.840055
"604" 2020 959708 1530.73426
"605" 2020 951065 1702.40635
"606" 2020 976325 1898.952125
"607" 2020 968981 2039.705005
"608" 2020 972528 2309.754
"609" 2020 980815 2584.447525
"610" 2020 978055 2763.005375
"611" 2020 990171 3183.399765
"612" 2020 927825 3326.252625
"613" 2020 895469 3465.46503
"614" 2020 876379 3742.13833
"615" 2020 847647 3983.9409
"616" 2020 825539 4177.22734
"617" 2020 787331 4436.610185
"618" 2020 777491 4855.431295
"619" 2020 759731 5173.76811
"620" 2020 743258 5514.97436
"621" 2020 729584 5942.46168
"622" 2020 693488 6206.7176
"623" 2020 679502 6645.52956
"624" 2020 673956 7295.5737
"625" 2020 694484 8205.32846
"626" 2020 694140 9100.1754
"627" 2020 718819 10519.916065
"628" 2020 696577 11382.06818
"629" 2020 689079 12596.36412
"630" 2020 525745 10651.5937
"631" 2020 533883 11993.681595
"632" 2020 530624 13130.29088
"633" 2020 518346 14384.1015
"634" 2020 511316 16144.8027
"635" 2020 549844 19500.21746
"636" 2020 526084 21238.01108
"637" 2020 493871 22732.88213
"638" 2020 439070 23079.71455
"639" 2020 392934 23701.77888
"640" 2020 379577 26204.098195
"641" 2020 344257 27129.172885
"642" 2020 308797 27648.139395
"643" 2020 273406 27922.95478
"644" 2020 245503 28803.639475
"645" 2020 224661 29919.228675
"646" 2020 172561.73 25806.6067215
"647" 2020 146194.66 24217.8764023
"648" 2020 120881.17 22016.69189795
"649" 2020 96199.77 19201.474092
"650" 2020 75043.39 16495.2875559
"651" 2020 56875.7 13827.051427
"652" 2020 42813.72 11395.7278524
"653" 2020 30526.87 8852.63966565
"654" 2020 21330.75 6705.42791625
"655" 2020 14331.63 4858.49422815
"656" 2020 6170.31 2243.98748925
"657" 2020 2982.73 1157.58259935
"658" 2020 1970.42 811.8228921
"659" 2020 1417.18 616.7000488
"660" 2020 1039.77 475.5388095
"661" 2020 601.23 287.62542585
"662" 2020 312.66 155.751579
"663" 2020 161.09 83.2078177
"664" 2020 70.42 37.5676616
"665" 2020 36.23 27.92590285
"666" 2020 21.68 21.68
"667" 2021 404956 1008.34044
"668" 2021 423269 57.141315
"669" 2021 443571 46.574955
"670" 2021 464239 41.78151
"671" 2021 480475 28.8285
"672" 2021 493318 27.13249
"673" 2021 501031 27.556705
"674" 2021 510437 22.969665
"675" 2021 532059 29.263245
"676" 2021 541495 35.197175
"677" 2021 557192 39.00344
"678" 2021 566257 33.97542
"679" 2021 573063 34.38378
"680" 2021 572003 45.76024
"681" 2021 573180 60.1839
"682" 2021 570115 79.8161
"683" 2021 574780 100.5865
"684" 2021 569673 113.9346
"685" 2021 566163 135.87912
"686" 2021 576282 149.83332
"687" 2021 592909 157.120885
"688" 2021 588045 164.6526
"689" 2021 593757 169.220745
"690" 2021 590841 165.43548
"691" 2021 591788 171.61852
"692" 2021 589181 185.592015
"693" 2021 594222 184.20882
"694" 2021 604340 193.3888
"695" 2021 630071 204.773075
"696" 2021 627765 197.745975
"697" 2021 640573 204.98336
"698" 2021 639502 223.8257
"699" 2021 655408 249.05504
"700" 2021 643652 257.4608
"701" 2021 647011 274.979675
"702" 2021 667278 310.28427
"703" 2021 681128 347.37528
"704" 2021 693606 374.54724
"705" 2021 718130 427.28735
"706" 2021 723110 480.86815
"707" 2021 741417 548.64858
"708" 2021 764338 638.22223
"709" 2021 804929 736.510035
"710" 2021 831055 818.589175
"711" 2021 866831 949.179945
"712" 2021 908080 1103.3172
"713" 2021 944130 1236.8103
"714" 2021 938013 1327.288395
"715" 2021 946747 1510.061465
"716" 2021 955531 1710.40049
"717" 2021 946253 1840.462085
"718" 2021 970580 2043.0709
"719" 2021 962254 2285.35325
"720" 2021 965612 2544.38762
"721" 2021 972976 2748.6572
"722" 2021 969939 3118.353885
"723" 2021 981264 3517.83144
"724" 2021 919463 3558.32181
"725" 2021 886357 3784.74439
"726" 2021 866942 4074.6274
"727" 2021 838134 4240.95804
"728" 2021 815350 4594.49725
"729" 2021 776787 4851.034815
"730" 2021 766661 5220.96141
"731" 2021 749164 5558.79688
"732" 2021 732932 5969.73114
"733" 2021 719124 6436.1598
"734" 2021 682607 6675.89646
"735" 2021 672631 7281.230575
"736" 2021 667039 7881.065785
"737" 2021 686526 9000.35586
"738" 2021 684969 10024.521315
"739" 2021 708347 11574.38998
"740" 2021 685037 12522.47636
"741" 2021 676292 13701.67592
"742" 2021 514408 11556.17572
"743" 2021 521003 12892.219235
"744" 2021 515948 14317.557
"745" 2021 502187 15856.554525
"746" 2021 493664 17507.79376
"747" 2021 527760 21305.6712
"748" 2021 502658 23137.34774
"749" 2021 468561 24629.908965
"750" 2021 413022 24913.48704
"751" 2021 365962 25264.18667
"752" 2021 349855 27570.323275
"753" 2021 313617 28079.698095
"754" 2021 277429 28333.82377
"755" 2021 241985 28390.890125
"756" 2021 213216 28395.0408
"757" 2021 191492 28637.6286
"758" 2021 148486 24597.44833
"759" 2021 120185 21889.894975
"760" 2021 96282 19217.8872
"761" 2021 73213 16092.94953
"762" 2021 54860 13337.0146
"763" 2021 40293 10724.78781
"764" 2021 29016 8414.49492
"765" 2021 20113 6322.622115
"766" 2021 13635 4622.333175
"767" 2021 6697.843999 2435.83841633632
"768" 2021 4310.19657023648 1672.76573792593
"769" 2021 2668.22718680489 1099.32294209955
"770" 2021 1587.64854069265 690.881138967814
"771" 2021 907.611041257765 415.095909719239
"772" 2021 498.487212190003 238.473789875636
"773" 2021 263.14641444298 131.08638635477
"774" 2021 133.623117790001 69.0203490320692
"775" 2021 65.3457132928442 34.8606311274665
"776" 2021 30.8229195031017 23.7581522383933
"777" 2021 14.0487784803187 14.0487784803187
