"year" "population" "expected"
"1" 2015 499940 1389.8332
"2" 2015 511448 76.7172
"3" 2015 532895 53.2895
"4" 2015 539900 45.8915
"5" 2015 555647 41.673525
"6" 2015 564915 39.54405
"7" 2015 571217 37.129105
"8" 2015 568782 34.12692
"9" 2015 569129 36.993385
"10" 2015 565607 42.420525
"11" 2015 570929 42.819675
"12" 2015 566055 39.62385
"13" 2015 562246 44.97968
"14" 2015 567956 56.7956
"15" 2015 578507 69.42084
"16" 2015 568252 88.07906
"17" 2015 568447 110.847165
"18" 2015 567946 130.62758
"19" 2015 570728 145.53564
"20" 2015 572067 154.45809
"21" 2015 581875 168.74375
"22" 2015 596841 176.068095
"23" 2015 622716 180.58764
"24" 2015 623610 180.8469
"25" 2015 635226 193.74393
"26" 2015 636172 203.57504
"27" 2015 651427 205.199505
"28" 2015 639283 204.57056
"29" 2015 643403 209.105975
"30" 2015 665331 222.885885
"31" 2015 678538 244.27368
"32" 2015 692273 266.525105
"33" 2015 715538 289.79289
"34" 2015 722073 310.49139
"35" 2015 739783 332.90235
"36" 2015 765110 371.07835
"37" 2015 806726 431.59841
"38" 2015 833639 475.17423
"39" 2015 871157 553.184695
"40" 2015 912804 643.52682
"41" 2015 950732 722.55632
"42" 2015 945247 794.00748
"43" 2015 955105 878.6966
"44" 2015 965223 974.87523
"45" 2015 957607 1082.09591
"46" 2015 983789 1234.655195
"47" 2015 977252 1363.26654
"48" 2015 981170 1501.1901
"49" 2015 991110 1660.10925
"50" 2015 989559 1845.527535
"51" 2015 1002737 2070.651905
"52" 2015 940784 2144.98752
"53" 2015 908854 2276.67927
"54" 2015 890949 2459.01924
"55" 2015 863111 2610.910775
"56" 2015 842569 2814.18046
"57" 2015 804978 2990.49327
"58" 2015 797381 3229.39305
"59" 2015 780974 3459.71482
"60" 2015 766096 3765.36184
"61" 2015 753862 4040.70032
"62" 2015 718861 4201.742545
"63" 2015 706848 4555.63536
"64" 2015 703996 4984.29168
"65" 2015 728804 5637.29894
"66" 2015 732105 6215.57145
"67" 2015 762719 7131.42265
"68" 2015 744050 7615.35175
"69" 2015 741832 8323.35504
"70" 2015 570390 7027.2048
"71" 2015 583984 7983.06128
"72" 2015 586521 8929.782225
"73" 2015 579300 9795.963
"74" 2015 578208 10867.41936
"75" 2015 630060 13105.248
"76" 2015 613015 14175.971875
"77" 2015 586884 15088.78764
"78" 2015 534331 15356.67294
"79" 2015 491887 16001.08411
"80" 2015 490262 18115.1809
"81" 2015 461054 19421.89975
"82" 2015 432359 20837.542005
"83" 2015 400186 22018.23372
"84" 2015 380759 23879.300685
"85" 2015 369558 26512.09092
"86" 2015 307579.86 25183.1010375
"87" 2015 280625.72 26155.7202326
"88" 2015 251962.11 26707.98366
"89" 2015 219230.51 26464.41101465
"90" 2015 188892.95 25680.94101725
"91" 2015 159735.04 24206.2479616
"92" 2015 134870.88 22620.5439936
"93" 2015 108411.79 20100.6299839
"94" 2015 86336.49 17654.51715765
"95" 2015 66653.18 15013.2955291
"96" 2015 33188.58 8236.0780128
"97" 2015 18729.88 5081.884691
"98" 2015 14675.53 4332.28983365
"99" 2015 12612.27 4030.5031239
"100" 2015 10980.85 3779.169336
"101" 2015 7723.29 2847.69287235
"102" 2015 4788.69 1881.78756585
"103" 2015 2942.1 1225.8406755
"104" 2015 1551.42 681.926661
"105" 2015 947.23 437.0898112
"106" 2015 449.56 216.7598496
"107" 2015 219.59 110.1441481
"108" 2015 94.68 49.1995152
"109" 2015 50.53 27.0972178
"110" 2015 23.63 18.24484115
"111" 2015 11.67 11.67
"112" 2016 482977 1342.67606
"113" 2016 499707 74.95605
"114" 2016 510117 51.0117
"115" 2016 531804 45.20334
"116" 2016 539174 40.43805
"117" 2016 555014 38.85098
"118" 2016 564416 36.68704
"119" 2016 570307 34.21842
"120" 2016 568376 36.94444
"121" 2016 568836 42.6627
"122" 2016 565198 42.38985
"123" 2016 570683 39.94781
"124" 2016 566021 45.28168
"125" 2016 562296 56.2296
"126" 2016 568077 68.16924
"127" 2016 579057 89.753835
"128" 2016 569082 110.97099
"129" 2016 569765 131.04595
"130" 2016 570722 145.53411
"131" 2016 574614 155.14578
"132" 2016 575189 166.80481
"133" 2016 584654 172.47293
"134" 2016 599431 173.83499
"135" 2016 625753 181.46837
"136" 2016 626406 191.05383
"137" 2016 638292 204.25344
"138" 2016 638904 201.25476
"139" 2016 653944 209.26208
"140" 2016 641855 208.602875
"141" 2016 645791 216.339985
"142" 2016 667346 240.24456
"143" 2016 680181 261.869685
"144" 2016 693458 280.85049
"145" 2016 716830 308.2369
"146" 2016 722978 325.3401
"147" 2016 741009 359.389365
"148" 2016 765659 409.627565
"149" 2016 807208 460.10856
"150" 2016 834054 529.62429
"151" 2016 871203 614.198115
"152" 2016 912484 693.48784
"153" 2016 950153 798.12852
"154" 2016 944551 868.98692
"155" 2016 954408 963.95208
"156" 2016 964234 1089.58442
"157" 2016 956402 1200.28451
"158" 2016 982464 1370.53728
"159" 2016 975787 1492.95411
"160" 2016 979534 1640.71945
"161" 2016 989111 1844.692015
"162" 2016 987355 2038.888075
"163" 2016 1000098 2280.22344
"164" 2016 938229 2350.263645
"165" 2016 906328 2501.46528
"166" 2016 888056 2686.3694
"167" 2016 860092 2872.70728
"168" 2016 839440 3118.5196
"169" 2016 801557 3246.30585
"170" 2016 793763 3516.37009
"171" 2016 777007 3818.989405
"172" 2016 761782 4083.15152
"173" 2016 749154 4378.80513
"174" 2016 714112 4602.45184
"175" 2016 701841 4969.03428
"176" 2016 698200 5400.577
"177" 2016 722535 6134.32215
"178" 2016 725284 6781.4054
"179" 2016 754814 7725.52129
"180" 2016 735440 8251.6368
"181" 2016 732301 9021.94832
"182" 2016 562352 7687.35184
"183" 2016 575250 8758.18125
"184" 2016 576453 9747.82023
"185" 2016 568288 10680.97296
"186" 2016 566362 11780.3296
"187" 2016 615828 14241.0225
"188" 2016 597697 15366.78987
"189" 2016 570235 16388.5539
"190" 2016 517299 16827.73647
"191" 2016 473983 17513.67185
"192" 2016 470284 19810.7135
"193" 2016 439915 21201.703425
"194" 2016 409352 22522.54704
"195" 2016 376316 23600.65794
"196" 2016 354648 25442.44752
"197" 2016 341216 27937.06
"198" 2016 280684.86 26161.2323763
"199" 2016 252864.72 26803.66032
"200" 2016 223914.11 27029.79178865
"201" 2016 191618.51 26051.49452705
"202" 2016 162106.95 24565.687203
"203" 2016 134390.04 22539.8975088
"204" 2016 111382.88 20651.4997808
"205" 2016 87519.79 17896.48425815
"206" 2016 68129.49 15345.82697505
"207" 2016 50882.18 12626.9217888
"208" 2016 24750.58 6715.4511185
"209" 2016 13420.88 3961.9108804
"210" 2016 10340.53 3304.5231721
"211" 2016 8493.27 2923.0438032
"212" 2016 7159.85 2639.94409275
"213" 2016 4851.29 1906.38717485
"214" 2016 2874.69 1197.75396195
"215" 2016 1638.1 720.026855
"216" 2016 861.42 397.4936448
"217" 2016 487.23 234.9228168
"218" 2016 238.56 119.6593104
"219" 2016 111.59 57.9866276
"220" 2016 41.68 22.3513168
"221" 2016 21.53 16.62342065
"222" 2016 16.31 16.31
"223" 2017 469956 1306.47768
"224" 2017 482975 72.44625
"225" 2017 499100 49.91
"226" 2017 508569 43.228365
"227" 2017 530684 39.8013
"228" 2017 538315 37.68205
"229" 2017 554223 36.024495
"230" 2017 563484 33.80904
"231" 2017 569449 37.014185
"232" 2017 567734 42.58005
"233" 2017 568351 42.626325
"234" 2017 564759 39.53313
"235" 2017 570232 45.61856
"236" 2017 565648 56.5648
"237" 2017 562006 67.44072
"238" 2017 567907 88.025585
"239" 2017 579513 113.005035
"240" 2017 570420 131.1966
"241" 2017 575369 146.719095
"242" 2017 577538 155.93526
"243" 2017 580173 168.25017
"244" 2017 580454 171.23393
"245" 2017 588669 170.71401
"246" 2017 603268 174.94772
"247" 2017 629620 192.0341
"248" 2017 629535 201.4512
"249" 2017 642436 202.36734
"250" 2017 642007 205.44224
"251" 2017 657178 213.58285
"252" 2017 644695 215.972825
"253" 2017 648456 233.44416
"254" 2017 669475 257.747875
"255" 2017 681886 276.16383
"256" 2017 694656 298.70208
"257" 2017 718039 323.11755
"258" 2017 723845 351.064825
"259" 2017 741912 396.92292
"260" 2017 765861 436.54077
"261" 2017 807330 512.65455
"262" 2017 833831 587.850855
"263" 2017 870791 661.80116
"264" 2017 911851 765.95484
"265" 2017 949191 873.25572
"266" 2017 943493 952.92793
"267" 2017 953322 1077.25386
"268" 2017 962938 1208.48719
"269" 2017 954941 1332.142695
"270" 2017 980760 1500.5628
"271" 2017 974118 1631.64765
"272" 2017 977856 1823.70144
"273" 2017 987086 2038.33259
"274" 2017 985049 2245.91172
"275" 2017 997621 2499.040605
"276" 2017 935698 2582.52648
"277" 2017 903469 2732.993725
"278" 2017 885121 2956.30414
"279" 2017 856993 3183.728995
"280" 2017 836111 3386.24955
"281" 2017 798005 3535.16215
"282" 2017 789831 3882.019365
"283" 2017 773056 4143.58016
"284" 2017 757380 4426.8861
"285" 2017 744596 4798.92122
"286" 2017 709343 5022.14844
"287" 2017 696611 5388.286085
"288" 2017 692446 5878.86654
"289" 2017 716222 6696.6757
"290" 2017 717997 7348.699295
"291" 2017 746468 8375.37096
"292" 2017 726598 8951.68736
"293" 2017 722568 9877.50456
"294" 2017 554076 8435.8071
"295" 2017 566025 9571.48275
"296" 2017 565998 10637.93241
"297" 2017 556967 11584.9136
"298" 2017 554027 12811.874375
"299" 2017 601204 15456.95484
"300" 2017 581870 16722.9438
"301" 2017 553415 18002.58995
"302" 2017 500056 18477.0692
"303" 2017 456104 19213.381
"304" 2017 450097 21692.424915
"305" 2017 418373 23018.88246
"306" 2017 386509 24239.911935
"307" 2017 352595 25295.1653
"308" 2017 329223 26955.133125
"309" 2017 313435 29213.709175
"310" 2017 254744.86 27002.95516
"311" 2017 226450.72 27335.9986648
"312" 2017 197328.11 26827.74319505
"313" 2017 166374.51 25212.3932454
"314" 2017 138368.95 23207.240294
"315" 2017 112426.04 20844.9120764
"316" 2017 91273.88 18664.1393518
"317" 2017 70220.79 15816.88184355
"318" 2017 53070.49 13169.9727984
"319" 2017 38939.18 10565.1730135
"320" 2017 18325.58 5409.8028439
"321" 2017 9724.88 3107.7799016
"322" 2017 7249.53 2494.9982448
"323" 2017 5642.27 2080.38958305
"324" 2017 4741.85 1863.38108525
"325" 2017 3041.29 1267.16868495
"326" 2017 1733.69 762.0434395
"327" 2017 957.1 441.644224
"328" 2017 470.42 226.8177072
"329" 2017 277.23 139.0557957
"330" 2017 113.56 59.0103184
"331" 2017 54.59 29.2744334
"332" 2017 21.68 16.7392364
"333" 2017 15.85 15.85
"334" 2018 455066 1265.08348
"335" 2018 470412 70.5618
"336" 2018 482810 48.281
"337" 2018 498644 42.38474
"338" 2018 507352 38.0514
"339" 2018 529716 37.08012
"340" 2018 537576 34.94244
"341" 2018 553502 33.21012
"342" 2018 562718 36.57667
"343" 2018 568873 42.665475
"344" 2018 567324 42.5493
"345" 2018 568083 39.76581
"346" 2018 564478 45.15824
"347" 2018 570184 57.0184
"348" 2018 565934 67.91208
"349" 2018 562182 87.13821
"350" 2018 568641 110.884995
"351" 2018 581989 133.85747
"352" 2018 579330 147.72915
"353" 2018 587285 158.56695
"354" 2018 585466 169.78514
"355" 2018 587622 173.34849
"356" 2018 586266 170.01714
"357" 2018 594005 172.26145
"358" 2018 607703 185.349415
"359" 2018 634033 202.89056
"360" 2018 632522 199.24443
"361" 2018 645936 206.69952
"362" 2018 644515 209.467375
"363" 2018 659634 220.97739
"364" 2018 646636 232.78896
"365" 2018 650448 250.42248
"366" 2018 670717 271.640385
"367" 2018 683056 293.71408
"368" 2018 695415 312.93675
"369" 2018 718861 348.647585
"370" 2018 724286 387.49301
"371" 2018 742259 423.08763
"372" 2018 765795 486.279825
"373" 2018 807054 568.97307
"374" 2018 833227 633.25252
"375" 2018 870131 730.91004
"376" 2018 910933 838.05836
"377" 2018 948160 957.6416
"378" 2018 942507 1065.03291
"379" 2018 952006 1194.76753
"380" 2018 961551 1341.363645
"381" 2018 953283 1458.52299
"382" 2018 979137 1640.054475
"383" 2018 972309 1813.356285
"384" 2018 975914 2015.26241
"385" 2018 984888 2245.54464
"386" 2018 982355 2460.799275
"387" 2018 994884 2745.87984
"388" 2018 932941 2822.146525
"389" 2018 900730 3008.4382
"390" 2018 882238 3277.51417
"391" 2018 853804 3457.9062
"392" 2018 832470 3687.8421
"393" 2018 794366 3904.30889
"394" 2018 785725 4211.486
"395" 2018 768463 4491.666235
"396" 2018 752539 4850.113855
"397" 2018 739734 5237.31672
"398" 2018 703998 5445.42453
"399" 2018 690949 5866.15701
"400" 2018 686750 6421.1125
"401" 2018 709213 7258.795055
"402" 2018 710430 7971.0246
"403" 2018 737434 9085.18688
"404" 2018 716867 9799.57189
"405" 2018 711884 10838.4339
"406" 2018 544914 9214.49574
"407" 2018 555637 10443.197415
"408" 2018 554591 11535.4928
"409" 2018 544466 12590.77625
"410" 2018 540220 13889.0562
"411" 2018 584625 16802.1225
"412" 2018 564036 18348.09108
"413" 2018 534369 19744.93455
"414" 2018 480635 20246.749375
"415" 2018 435869 21006.706455
"416" 2018 427083 23498.10666
"417" 2018 394210 24722.88015
"418" 2018 361140 25908.1836
"419" 2018 326547 26736.035625
"420" 2018 301039 28058.339995
"421" 2018 283301 30029.906
"422" 2018 226490.87 27340.84537205
"423" 2018 198234.75 26951.00543625
"424" 2018 169886.17 25744.5502018
"425" 2018 140540.65 23571.477818
"426" 2018 114577.16 21243.7512356
"427" 2018 91063.34 18621.0870799
"428" 2018 72185.26 16259.3688887
"429" 2018 53966.28 13392.2720448
"430" 2018 39865.08 10816.392831
"431" 2018 28363.87 8373.15624335
"432" 2018 12943.42 4136.3287294
"433" 2018 6700.8 2306.147328
"434" 2018 4842.46 1785.4876389
"435" 2018 3631.21 1426.93843765
"436" 2018 2864.79 1193.62907745
"437" 2018 1827.25 803.1677375
"438" 2018 986.67 455.2890048
"439" 2018 527.09 254.1417144
"440" 2018 248.42 124.6049878
"441" 2018 151.23 78.5851572
"442" 2018 53.56 28.7220856
"443" 2018 32.59 25.16290195
"444" 2018 14.53 14.53
"445" 2019 431007 1198.19946
"446" 2019 455746 68.3619
"447" 2019 470813 47.0813
"448" 2019 482946 41.05041
"449" 2019 498240 37.368
"450" 2019 507118 35.49826
"451" 2019 529609 34.424585
"452" 2019 537809 32.26854
"453" 2019 553691 35.989915
"454" 2019 563046 42.22845
"455" 2019 569271 42.695325
"456" 2019 567812 39.74684
"457" 2019 568576 45.48608
"458" 2019 565035 56.5035
"459" 2019 571168 68.54016
"460" 2019 566861 87.863455
"461" 2019 563617 109.905315
"462" 2019 570790 131.2817
"463" 2019 586873 149.652615
"464" 2019 585535 158.09445
"465" 2019 592118 171.71422
"466" 2019 590127 174.087465
"467" 2019 591595 171.56255
"468" 2019 590504 171.24616
"469" 2019 597963 182.378715
"470" 2019 610365 195.3168
"471" 2019 636390 200.46285
"472" 2019 634599 203.07168
"473" 2019 647713 210.506725
"474" 2019 646532 216.58822
"475" 2019 661682 238.20552
"476" 2019 648958 249.84883
"477" 2019 652430 264.23415
"478" 2019 672536 289.19048
"479" 2019 684894 308.2023
"480" 2019 696965 338.028025
"481" 2019 720821 385.639235
"482" 2019 725890 413.7573
"483" 2019 743989 472.433015
"484" 2019 767068 540.78294
"485" 2019 808091 614.14916
"486" 2019 833979 700.54236
"487" 2019 870585 800.9382
"488" 2019 911068 920.17868
"489" 2019 948308 1071.58804
"490" 2019 942526 1182.87013
"491" 2019 951644 1327.54338
"492" 2019 960873 1470.13569
"493" 2019 952392 1595.2566
"494" 2019 977845 1823.680925
"495" 2019 970952 2005.01588
"496" 2019 974426 2221.69128
"497" 2019 983002 2462.42001
"498" 2019 980231 2705.43756
"499" 2019 992363 3001.898075
"500" 2019 930364 3107.41576
"501" 2019 898112 3336.48608
"502" 2019 879334 3561.3027
"503" 2019 850679 3768.50797
"504" 2019 828928 4074.18112
"505" 2019 790780 4238.5808
"506" 2019 781577 4568.317565
"507" 2019 764192 4925.21744
"508" 2019 747881 5294.99748
"509" 2019 734624 5682.31664
"510" 2019 698687 5931.85263
"511" 2019 685459 6409.04165
"512" 2019 680430 6964.20105
"513" 2019 701821 7874.43162
"514" 2019 702312 8652.48384
"515" 2019 728090 9952.9903
"516" 2019 706643 10758.639675
"517" 2019 700442 11844.47422
"518" 2019 535439 10063.576005
"519" 2019 544806 11331.9648
"520" 2019 542572 12546.9775
"521" 2019 531505 13664.99355
"522" 2019 525763 15110.42862
"523" 2019 567636 18465.19908
"524" 2019 545322 20149.6479
"525" 2019 514429 21670.321625
"526" 2019 460163 22177.555785
"527" 2019 414713 22817.50926
"528" 2019 403674 25316.41491
"529" 2019 369736 26524.86064
"530" 2019 335183 27443.108125
"531" 2019 300229 27982.843945
"532" 2019 273375 28977.75
"533" 2019 254237 30690.219455
"534" 2019 199253.87 27089.55989585
"535" 2019 171840.75 26040.747255
"536" 2019 144824.17 24289.9097924
"537" 2019 117507.65 21787.0933865
"538" 2019 93885.16 19198.1069426
"539" 2019 72731.34 16382.3706783
"540" 2019 56229.26 13953.8531616
"541" 2019 41068.28 11142.851071
"542" 2019 29622.08 8744.5861264
"543" 2019 20491.87 6548.5868959
"544" 2019 9068.42 3120.9874272
"545" 2019 4525.8 1668.730347
"546" 2019 3126.46 1228.5893539
"547" 2019 2290.21 954.22744755
"548" 2019 1738.79 764.2851445
"549" 2019 1065.25 491.54896
"550" 2019 569.67 274.6720872
"551" 2019 283.09 141.9951131
"552" 2019 128.42 66.7321688
"553" 2019 75.23 40.3428398
"554" 2019 27.56 21.2792138
"555" 2019 25.12 25.12
"556" 2020 414974 1153.62772
"557" 2020 436785 65.51775
"558" 2020 457314 45.7314
"559" 2020 471696 40.09416
"560" 2020 483769 36.282675
"561" 2020 499144 34.94008
"562" 2020 507291 32.973915
"563" 2020 529473 31.76838
"564" 2020 537902 34.96363
"565" 2020 554146 41.56095
"566" 2020 562764 42.2073
"567" 2020 569337 39.85359
"568" 2020 568025 45.442
"569" 2020 569063 56.9063
"570" 2020 565871 67.90452
"571" 2020 572210 88.69255
"572" 2020 568006 110.76117
"573" 2020 565389 130.03947
"574" 2020 574707 146.550285
"575" 2020 590744 159.50088
"576" 2020 587458 170.36282
"577" 2020 593017 174.940015
"578" 2020 590999 171.38971
"579" 2020 592782 171.90678
"580" 2020 591632 180.44776
"581" 2020 598620 191.5584
"582" 2020 610326 192.25269
"583" 2020 636742 203.75744
"584" 2020 635013 206.379225
"585" 2020 647793 217.010655
"586" 2020 646752 232.83072
"587" 2020 661651 254.735635
"588" 2020 649095 262.883475
"589" 2020 652402 280.53286
"590" 2020 672541 302.64345
"591" 2020 685014 332.23179
"592" 2020 696978 372.88323
"593" 2020 720776 410.84232
"594" 2020 725693 460.815055
"595" 2020 743730 524.32965
"596" 2020 766871 582.82196
"597" 2020 807492 678.29328
"598" 2020 833206 766.54952
"599" 2020 869464 878.15864
"600" 2020 910431 1028.78703
"601" 2020 947191 1188.724705
"602" 2020 941384 1313.23068
"603" 2020 950417 1454.13801
"604" 2020 959708 1607.5109
"605" 2020 951065 1773.736225
"606" 2020 976325 2016.111125
"607" 2020 968981 2209.27668
"608" 2020 972528 2436.18264
"609" 2020 980815 2707.0494
"610" 2020 978055 2958.616375
"611" 2020 990171 3307.17114
"612" 2020 927825 3446.869875
"613" 2020 895469 3626.64945
"614" 2020 876379 3882.35897
"615" 2020 847647 4166.185005
"616" 2020 825539 4424.88904
"617" 2020 787331 4601.949695
"618" 2020 777491 5010.929495
"619" 2020 759731 5378.89548
"620" 2020 743258 5749.10063
"621" 2020 729584 6194.16816
"622" 2020 693488 6484.1128
"623" 2020 679502 6954.70297
"624" 2020 673956 7561.78632
"625" 2020 694484 8556.04288
"626" 2020 694140 9488.8938
"627" 2020 718819 10944.019275
"628" 2020 696577 11779.11707
"629" 2020 689079 12951.239805
"630" 2020 525745 10935.496
"631" 2020 533883 12346.044375
"632" 2020 530624 13642.34304
"633" 2020 518346 14897.26404
"634" 2020 511316 16633.10948
"635" 2020 549844 20316.7358
"636" 2020 526084 22161.2885
"637" 2020 493871 23802.112845
"638" 2020 439070 24157.6314
"639" 2020 392934 24642.85581
"640" 2020 379577 27230.85398
"641" 2020 344257 28186.041875
"642" 2020 308797 28781.424385
"643" 2020 273406 28981.036
"644" 2020 245503 29635.894645
"645" 2020 224661 30543.786255
"646" 2020 172561.73 26150.0045642
"647" 2020 146194.66 24519.7683752
"648" 2020 120881.17 22412.5777297
"649" 2020 96199.77 19671.40996845
"650" 2020 75043.39 16903.14838055
"651" 2020 56875.7 14114.273712
"652" 2020 42813.72 11616.432579
"653" 2020 30526.87 9011.68465835
"654" 2020 21330.75 6816.6677775
"655" 2020 14331.63 4932.3737808
"656" 2020 6170.31 2275.08585165
"657" 2020 2982.73 1172.10849445
"658" 2020 1970.42 820.9853451
"659" 2020 1417.18 622.921469
"660" 2020 1039.77 479.7914688
"661" 2020 601.23 289.8890568
"662" 2020 312.66 156.8271294
"663" 2020 161.09 83.7088076
"664" 2020 70.42 37.7634292
"665" 2020 36.23 27.97336415
"666" 2020 21.68 21.68
"667" 2021 404956 1125.77768
"668" 2021 423269 63.49035
"669" 2021 443571 44.3571
"670" 2021 464239 39.460315
"671" 2021 480475 36.035625
"672" 2021 493318 34.53226
"673" 2021 501031 32.567015
"674" 2021 510437 30.62622
"675" 2021 532059 34.583835
"676" 2021 541495 40.612125
"677" 2021 557192 41.7894
"678" 2021 566257 39.63799
"679" 2021 573063 45.84504
"680" 2021 572003 57.2003
"681" 2021 573180 68.7816
"682" 2021 570115 88.367825
"683" 2021 574780 112.0821
"684" 2021 569673 131.02479
"685" 2021 566163 144.371565
"686" 2021 576282 155.59614
"687" 2021 592909 171.94361
"688" 2021 588045 173.473275
"689" 2021 593757 172.18953
"690" 2021 590841 171.34389
"691" 2021 591788 180.49534
"692" 2021 589181 188.53792
"693" 2021 594222 187.17993
"694" 2021 604340 193.3888
"695" 2021 630071 204.773075
"696" 2021 627765 210.301275
"697" 2021 640573 230.60628
"698" 2021 639502 246.20827
"699" 2021 655408 265.44024
"700" 2021 643652 276.77036
"701" 2021 647011 291.15495
"702" 2021 667278 323.62983
"703" 2021 681128 364.40348
"704" 2021 693606 395.35542
"705" 2021 718130 456.01255
"706" 2021 723110 509.79255
"707" 2021 741417 563.47692
"708" 2021 764338 642.04392
"709" 2021 804929 740.53468
"710" 2021 831055 839.36555
"711" 2021 866831 979.51903
"712" 2021 908080 1139.6404
"713" 2021 944130 1317.06135
"714" 2021 938013 1435.15989
"715" 2021 946747 1585.801225
"716" 2021 955531 1782.065315
"717" 2021 946253 1954.012445
"718" 2021 970580 2212.9224
"719" 2021 962254 2410.44627
"720" 2021 965612 2665.08912
"721" 2021 972976 2943.2524
"722" 2021 969939 3239.59626
"723" 2021 981264 3645.39576
"724" 2021 919463 3723.82515
"725" 2021 886357 3926.56151
"726" 2021 866942 4261.01993
"727" 2021 838134 4492.39824
"728" 2021 815350 4765.72075
"729" 2021 776787 5006.392215
"730" 2021 766661 5427.95988
"731" 2021 749164 5794.78354
"732" 2021 732932 6222.59268
"733" 2021 719124 6723.8094
"734" 2021 682607 6986.482645
"735" 2021 672631 7546.91982
"736" 2021 667039 8217.92048
"737" 2021 686526 9384.81042
"738" 2021 684969 10428.653025
"739" 2021 708347 11978.14777
"740" 2021 685037 12875.270415
"741" 2021 676292 14066.8736
"742" 2021 514408 11895.685
"743" 2021 521003 13394.98713
"744" 2021 515948 14828.34552
"745" 2021 502187 16336.14311
"746" 2021 493664 18240.8848
"747" 2021 527760 22231.89
"748" 2021 502658 24225.60231
"749" 2021 468561 25780.22622
"750" 2021 413022 25902.67473
"751" 2021 365962 26254.11388
"752" 2021 349855 28644.378125
"753" 2021 313617 29230.672485
"754" 2021 277429 29407.474
"755" 2021 241985 29211.219275
"756" 2021 213216 28987.78128
"757" 2021 191492 29018.69768
"758" 2021 148486 24904.07192
"759" 2021 120185 22283.50085
"760" 2021 96282 19688.22477
"761" 2021 73213 16490.862185
"762" 2021 54860 13614.0576
"763" 2021 40293 10932.498225
"764" 2021 29016 8565.66828
"765" 2021 20113 6427.51141
"766" 2021 13635 4692.6216
"767" 2021 6697.843999 2469.59555009129
"768" 2021 4310.19657023648 1693.75639522298
"769" 2021 2668.22718680489 1111.73019851819
"770" 2021 1587.64854069265 697.850916061454
"771" 2021 907.611041257765 418.808038877983
"772" 2021 498.487212190003 240.350594229532
"773" 2021 263.14641444298 131.991610020454
"774" 2021 133.623117790001 69.4359169283961
"775" 2021 65.3457132928442 35.0422922104206
"776" 2021 30.8229195031017 23.7985302629423
"777" 2021 14.0487784803187 14.0487784803187
