"year" "population" "expected"
"1" 2015 6056 22.64944
"2" 2015 6380 1.1803
"3" 2015 6347 0.856845
"4" 2015 6428 0.77136
"5" 2015 6473 0.58257
"6" 2015 6192 0.27864
"7" 2015 6179 0.18537
"8" 2015 6137 0.092055
"9" 2015 6237 0.18711
"10" 2015 6130 0.27585
"11" 2015 6112 0.27504
"12" 2015 6083 0.273735
"13" 2015 6121 0.36726
"14" 2015 6236 0.37416
"15" 2015 6636 0.39816
"16" 2015 6362 0.66801
"17" 2015 6403 1.34463
"18" 2015 6585 1.5804
"19" 2015 6711 1.778415
"20" 2015 6528 2.35008
"21" 2015 6827 2.79907
"22" 2015 6818 2.28403
"23" 2015 6882 1.65168
"24" 2015 6931 1.59413
"25" 2015 7245 1.66635
"26" 2015 7512 2.29116
"27" 2015 8042 2.21155
"28" 2015 8067 2.137755
"29" 2015 8432 3.24632
"30" 2015 8143 3.50149
"31" 2015 8491 3.184125
"32" 2015 8467 3.13279
"33" 2015 8753 3.23861
"34" 2015 8906 2.89445
"35" 2015 8738 3.10199
"36" 2015 8718 3.57438
"37" 2015 8794 3.86936
"38" 2015 8634 5.39625
"39" 2015 8591 6.35734
"40" 2015 8556 6.2031
"41" 2015 8431 6.07032
"42" 2015 8378 6.74429
"43" 2015 8666 8.79599
"44" 2015 9089 9.407115
"45" 2015 8839 10.209045
"46" 2015 9017 12.80414
"47" 2015 9094 13.55006
"48" 2015 9123 14.50557
"49" 2015 9064 16.26988
"50" 2015 9063 18.66978
"51" 2015 8941 22.08427
"52" 2015 8798 23.35869
"53" 2015 8350 23.9645
"54" 2015 8235 24.2109
"55" 2015 7856 23.7644
"56" 2015 7641 27.04914
"57" 2015 7357 28.83944
"58" 2015 7192 33.76644
"59" 2015 6788 36.41762
"60" 2015 6392 35.25188
"61" 2015 6458 39.42609
"62" 2015 6062 41.2216
"63" 2015 5858 46.42465
"64" 2015 5246 46.40087
"65" 2015 5297 48.599975
"66" 2015 5259 53.194785
"67" 2015 5079 56.52927
"68" 2015 4891 60.55058
"69" 2015 4471 63.868235
"70" 2015 3912 58.95384
"71" 2015 3913 63.136255
"72" 2015 3931 69.480425
"73" 2015 3733 71.468285
"74" 2015 3396 76.13832
"75" 2015 3448 87.61368
"76" 2015 3534 91.51293
"77" 2015 3246 92.59215
"78" 2015 3045 98.886375
"79" 2015 2912 97.93056
"80" 2015 2776 103.30884
"81" 2015 2554 110.61374
"82" 2015 2495 122.566875
"83" 2015 2362 134.32694
"84" 2015 2307.62 154.1028636
"85" 2015 2107.37 158.35831865
"86" 2015 1987.57 166.5782417
"87" 2015 1628.46 156.6089982
"88" 2015 1429.78 157.5117137
"89" 2015 1188.4 143.701328
"90" 2015 947 127.508815
"91" 2015 752.53 116.9055355
"92" 2015 593.08 104.3435298
"93" 2015 458.33 91.070171
"94" 2015 382.51 82.1975739
"95" 2015 269.19 61.66469925
"96" 2015 189.14 47.5157508
"97" 2015 84.53 23.18362045
"98" 2015 74.74 22.2732674
"99" 2015 55.11 17.75781975
"100" 2015 44.81 15.5342827
"101" 2015 39.8 14.768984
"102" 2015 13 5.137405
"103" 2015 12 5.02482
"104" 2015 4 1.76596
"105" 2015 2 0.92649
"106" 2015 2 0.96767
"107" 2015 5 2.51565
"108" 2015 0 0
"109" 2015 0 0
"110" 2015 0 0
"111" 2015 0 0
"112" 2016 6100 22.814
"113" 2016 6342 1.17327
"114" 2016 6558 0.88533
"115" 2016 6490 0.7788
"116" 2016 6536 0.58824
"117" 2016 6606 0.29727
"118" 2016 6301 0.18903
"119" 2016 6296 0.09444
"120" 2016 6275 0.18825
"121" 2016 6324 0.28458
"122" 2016 6234 0.28053
"123" 2016 6170 0.27765
"124" 2016 6191 0.37146
"125" 2016 6171 0.37026
"126" 2016 6297 0.37782
"127" 2016 6711 0.704655
"128" 2016 6445 1.35345
"129" 2016 6491 1.55784
"130" 2016 6672 1.76808
"131" 2016 6867 2.47212
"132" 2016 6746 2.76586
"133" 2016 7123 2.386205
"134" 2016 6992 1.67808
"135" 2016 7181 1.65163
"136" 2016 7335 1.68705
"137" 2016 7849 2.393945
"138" 2016 8049 2.213475
"139" 2016 8624 2.28536
"140" 2016 8506 3.27481
"141" 2016 8880 3.8184
"142" 2016 8570 3.21375
"143" 2016 8856 3.27672
"144" 2016 8787 3.25119
"145" 2016 8997 2.924025
"146" 2016 9191 3.262805
"147" 2016 8998 3.68918
"148" 2016 8975 3.949
"149" 2016 9022 5.63875
"150" 2016 8801 6.51274
"151" 2016 8776 6.3626
"152" 2016 8727 6.28344
"153" 2016 8615 6.935075
"154" 2016 8588 8.71682
"155" 2016 8844 9.15354
"156" 2016 9182 10.60521
"157" 2016 8905 12.6451
"158" 2016 9127 13.59923
"159" 2016 9209 14.64231
"160" 2016 9215 16.540925
"161" 2016 9148 18.84488
"162" 2016 9133 22.55851
"163" 2016 8998 23.88969
"164" 2016 8860 25.4282
"165" 2016 8402 24.70188
"166" 2016 8285 25.062125
"167" 2016 7902 27.97308
"168" 2016 7650 29.988
"169" 2016 7393 34.710135
"170" 2016 7215 38.708475
"171" 2016 6757 37.264855
"172" 2016 6352 38.77896
"173" 2016 6399 43.5132
"174" 2016 6024 47.7402
"175" 2016 5827 51.539815
"176" 2016 5200 47.71
"177" 2016 5266 53.26559
"178" 2016 5197 57.84261
"179" 2016 5050 62.519
"180" 2016 4840 69.1394
"181" 2016 4407 66.41349
"182" 2016 3861 62.297235
"183" 2016 3879 68.561325
"184" 2016 3861 73.918845
"185" 2016 3683 82.57286
"186" 2016 3320 84.3612
"187" 2016 3365 87.136675
"188" 2016 3450 98.41125
"189" 2016 3174 103.07565
"190" 2016 2955 99.37665
"191" 2016 2812 104.64858
"192" 2016 2682 116.15742
"193" 2016 2419 118.833375
"194" 2016 2368 134.66816
"195" 2016 2259 150.85602
"196" 2016 2151.62 161.6834849
"197" 2016 1948.37 163.2928897
"198" 2016 1826.57 175.6612369
"199" 2016 1456.46 160.4509159
"200" 2016 1277.78 154.5091576
"201" 2016 1025.4 138.064983
"202" 2016 822 127.6977
"203" 2016 632.53 111.28416555
"204" 2016 478.08 94.994496
"205" 2016 382.33 82.1588937
"206" 2016 304.51 69.75562825
"207" 2016 197.19 49.5380718
"208" 2016 133.14 36.5156421
"209" 2016 59.53 17.7405353
"210" 2016 55.74 17.9608215
"211" 2016 35.11 12.1715837
"212" 2016 34.81 12.9172948
"213" 2016 22.8 9.010218
"214" 2016 7 2.931145
"215" 2016 7 3.09043
"216" 2016 2 0.92649
"217" 2016 1 0.483835
"218" 2016 2 1.00626
"219" 2016 1 0.521045
"220" 2016 0 0
"221" 2016 0 0
"222" 2016 0 0
"223" 2017 6128 22.91872
"224" 2017 6371 1.178635
"225" 2017 6574 0.88749
"226" 2017 6532 0.78384
"227" 2017 6458 0.58122
"228" 2017 6286 0.28287
"229" 2017 6642 0.19926
"230" 2017 6460 0.0969
"231" 2017 6468 0.19404
"232" 2017 6399 0.287955
"233" 2017 6399 0.287955
"234" 2017 6348 0.28566
"235" 2017 6331 0.37986
"236" 2017 6236 0.37416
"237" 2017 6291 0.37746
"238" 2017 6393 0.671265
"239" 2017 6778 1.42338
"240" 2017 6587 1.58088
"241" 2017 6532 1.73098
"242" 2017 6958 2.50488
"243" 2017 7159 2.93519
"244" 2017 7019 2.351365
"245" 2017 7306 1.75344
"246" 2017 7570 1.7411
"247" 2017 7986 1.83678
"248" 2017 8047 2.454335
"249" 2017 8670 2.38425
"250" 2017 8717 2.310005
"251" 2017 8971 3.453835
"252" 2017 8760 3.7668
"253" 2017 9065 3.399375
"254" 2017 8880 3.2856
"255" 2017 9027 3.33999
"256" 2017 9091 2.954575
"257" 2017 9390 3.33345
"258" 2017 9332 3.82612
"259" 2017 9363 4.11972
"260" 2017 9175 5.734375
"261" 2017 9112 6.74288
"262" 2017 9124 6.6149
"263" 2017 8911 6.41592
"264" 2017 8949 7.203945
"265" 2017 8838 8.97057
"266" 2017 8765 9.071775
"267" 2017 8913 10.294515
"268" 2017 9306 13.21452
"269" 2017 9096 13.55304
"270" 2017 9282 14.75838
"271" 2017 9269 16.637855
"272" 2017 9341 19.24246
"273" 2017 9184 22.68448
"274" 2017 9262 24.59061
"275" 2017 9190 26.3753
"276" 2017 8906 26.18364
"277" 2017 8561 25.897025
"278" 2017 8277 29.30058
"279" 2017 7939 31.12088
"280" 2017 7683 36.071685
"281" 2017 7417 39.792205
"282" 2017 7099 39.150985
"283" 2017 6812 41.58726
"284" 2017 6434 43.7512
"285" 2017 6342 50.26035
"286" 2017 6022 53.26459
"287" 2017 5803 53.242525
"288" 2017 5215 52.749725
"289" 2017 5328 59.30064
"290" 2017 5210 64.4998
"291" 2017 5054 72.19639
"292" 2017 4765 71.80855
"293" 2017 4450 71.80075
"294" 2017 3854 68.11945
"295" 2017 3805 72.846725
"296" 2017 3797 85.12874
"297" 2017 3621 92.00961
"298" 2017 3270 84.67665
"299" 2017 3257 92.905925
"300" 2017 3372 109.5057
"301" 2017 3096 104.11848
"302" 2017 2860 106.4349
"303" 2017 2706 117.19686
"304" 2017 2528 124.188
"305" 2017 2328 132.39336
"306" 2017 2204 147.18312
"307" 2017 2046 153.74667
"308" 2017 1989.62 166.7500522
"309" 2017 1772.37 170.4488229
"310" 2017 1655.57 182.38586905
"311" 2017 1309.46 158.3399032
"312" 2017 1123.78 151.3113581
"313" 2017 892.4 138.63434
"314" 2017 708 124.56198
"315" 2017 526.53 104.621511
"316" 2017 374.08 80.3860512
"317" 2017 295.33 67.65271975
"318" 2017 241.51 60.6721422
"319" 2017 145.19 39.82053535
"320" 2017 89.14 26.5646114
"321" 2017 38.53 12.41532925
"322" 2017 36.74 12.7366558
"323" 2017 25.11 9.3178188
"324" 2017 18.81 7.43342985
"325" 2017 14.8 6.197278
"326" 2017 6 2.64894
"327" 2017 3 1.389735
"328" 2017 2 0.96767
"329" 2017 1 0.50313
"330" 2017 2 1.04209
"331" 2017 0 0
"332" 2017 0 0
"333" 2017 0 0
"334" 2018 6163 23.04962
"335" 2018 6319 1.169015
"336" 2018 6495 0.876825
"337" 2018 6649 0.79788
"338" 2018 6631 0.59679
"339" 2018 6531 0.293895
"340" 2018 6417 0.19251
"341" 2018 6725 0.100875
"342" 2018 6554 0.19662
"343" 2018 6557 0.295065
"344" 2018 6508 0.29286
"345" 2018 6454 0.29043
"346" 2018 6415 0.3849
"347" 2018 6397 0.38382
"348" 2018 6307 0.37842
"349" 2018 6378 0.66969
"350" 2018 6442 1.35282
"351" 2018 6863 1.64712
"352" 2018 6765 1.792725
"353" 2018 6665 2.3994
"354" 2018 7159 2.93519
"355" 2018 7358 2.46493
"356" 2018 7344 1.76256
"357" 2018 7794 1.79262
"358" 2018 8181 1.88163
"359" 2018 8538 2.60409
"360" 2018 8516 2.3419
"361" 2018 9191 2.435615
"362" 2018 9110 3.50735
"363" 2018 9369 4.02867
"364" 2018 9155 3.433125
"365" 2018 9351 3.45987
"366" 2018 9192 3.40104
"367" 2018 9268 3.0121
"368" 2018 9306 3.30363
"369" 2018 9578 3.92698
"370" 2018 9489 4.17516
"371" 2018 9530 5.95625
"372" 2018 9289 6.87386
"373" 2018 9233 6.693925
"374" 2018 9284 6.68448
"375" 2018 9039 7.276395
"376" 2018 9092 9.22838
"377" 2018 8952 9.26532
"378" 2018 8888 10.26564
"379" 2018 9021 12.80982
"380" 2018 9345 13.92405
"381" 2018 9161 14.56599
"382" 2018 9325 16.738375
"383" 2018 9350 19.261
"384" 2018 9415 23.25505
"385" 2018 9278 24.63309
"386" 2018 9293 26.67091
"387" 2018 9188 27.01272
"388" 2018 8916 26.9709
"389" 2018 8519 30.15726
"390" 2018 8256 32.36352
"391" 2018 7915 37.160925
"392" 2018 7670 41.14955
"393" 2018 7374 40.66761
"394" 2018 7035 42.948675
"395" 2018 6736 45.8048
"396" 2018 6349 50.315825
"397" 2018 6271 55.466995
"398" 2018 5939 54.490325
"399" 2018 5698 57.63527
"400" 2018 5128 57.07464
"401" 2018 5240 64.8712
"402" 2018 5109 72.982065
"403" 2018 4972 74.92804
"404" 2018 4667 75.302045
"405" 2018 4368 77.2044
"406" 2018 3784 72.44468
"407" 2018 3709 83.15578
"408" 2018 3700 94.017
"409" 2018 3519 91.124505
"410" 2018 3188 90.9377
"411" 2018 3132 101.7117
"412" 2018 3261 109.66743
"413" 2018 2977 110.789055
"414" 2018 2732 118.32292
"415" 2018 2599 127.675875
"416" 2018 2401 136.54487
"417" 2018 2215 147.9177
"418" 2018 2055 154.422975
"419" 2018 1894 158.73614
"420" 2018 1832.62 176.2430654
"421" 2018 1603.37 176.63525605
"422" 2018 1461.57 176.7330444
"423" 2018 1139.46 153.4225917
"424" 2018 971.78 150.966023
"425" 2018 762.4 134.132844
"426" 2018 602 119.6174
"427" 2018 411.53 88.4336817
"428" 2018 304.08 69.657126
"429" 2018 216.33 54.3464226
"430" 2018 177.51 48.68478015
"431" 2018 110.19 32.8377219
"432" 2018 67.14 21.6341865
"433" 2018 30.53 10.5838351
"434" 2018 26.74 9.9226792
"435" 2018 17.11 6.76161535
"436" 2018 12.81 5.36399535
"437" 2018 8.8 3.885112
"438" 2018 3 1.389735
"439" 2018 1 0.483835
"440" 2018 2 1.00626
"441" 2018 0 0
"442" 2018 1 0.537535
"443" 2018 0 0
"444" 2018 0 0
"445" 2019 6328 23.66672
"446" 2019 6433 1.190105
"447" 2019 6489 0.876015
"448" 2019 6590 0.7908
"449" 2019 6752 0.60768
"450" 2019 6730 0.30285
"451" 2019 6663 0.19989
"452" 2019 6507 0.097605
"453" 2019 6821 0.20463
"454" 2019 6634 0.29853
"455" 2019 6634 0.29853
"456" 2019 6550 0.29475
"457" 2019 6528 0.39168
"458" 2019 6456 0.38736
"459" 2019 6492 0.38952
"460" 2019 6343 0.666015
"461" 2019 6414 1.34694
"462" 2019 6515 1.5636
"463" 2019 7016 1.85924
"464" 2019 6918 2.49048
"465" 2019 6895 2.82695
"466" 2019 7365 2.467275
"467" 2019 7632 1.83168
"468" 2019 7804 1.79492
"469" 2019 8342 1.91866
"470" 2019 8807 2.686135
"471" 2019 9148 2.5157
"472" 2019 9022 2.39083
"473" 2019 9665 3.721025
"474" 2019 9483 4.07769
"475" 2019 9733 3.649875
"476" 2019 9528 3.52536
"477" 2019 9674 3.57938
"478" 2019 9440 3.068
"479" 2019 9488 3.36824
"480" 2019 9534 3.90894
"481" 2019 9752 4.29088
"482" 2019 9635 6.021875
"483" 2019 9769 7.22906
"484" 2019 9421 6.830225
"485" 2019 9402 6.76944
"486" 2019 9413 7.577465
"487" 2019 9116 9.25274
"488" 2019 9195 9.516825
"489" 2019 9051 10.453905
"490" 2019 8972 12.74024
"491" 2019 9164 13.65436
"492" 2019 9430 14.9937
"493" 2019 9227 16.562465
"494" 2019 9390 19.3434
"495" 2019 9430 23.2921
"496" 2019 9491 25.198605
"497" 2019 9287 26.65369
"498" 2019 9322 27.40668
"499" 2019 9165 27.724125
"500" 2019 8922 31.58388
"501" 2019 8493 33.29256
"502" 2019 8247 38.719665
"503" 2019 7854 42.13671
"504" 2019 7614 41.99121
"505" 2019 7310 44.62755
"506" 2019 6970 47.396
"507" 2019 6688 53.0024
"508" 2019 6281 55.555445
"509" 2019 6182 56.71985
"510" 2019 5842 59.09183
"511" 2019 5628 62.63964
"512" 2019 5054 62.56852
"513" 2019 5166 73.79631
"514" 2019 5022 75.68154
"515" 2019 4892 78.93242
"516" 2019 4575 80.863125
"517" 2019 4278 81.90231
"518" 2019 3696 82.86432
"519" 2019 3633 92.31453
"520" 2019 3588 92.91126
"521" 2019 3413 97.355825
"522" 2019 3104 100.8024
"523" 2019 3025 101.73075
"524" 2019 3130 116.48295
"525" 2019 2872 124.38632
"526" 2019 2626 129.00225
"527" 2019 2478 140.92386
"528" 2019 2232 149.05296
"529" 2019 2062 154.94899
"530" 2019 1881 157.64661
"531" 2019 1727 166.08559
"532" 2019 1657.62 182.6117073
"533" 2019 1434.37 173.4440204
"534" 2019 1289.57 173.63415265
"535" 2019 972.46 151.071661
"536" 2019 810.78 142.6445793
"537" 2019 639.4 127.04878
"538" 2019 472 101.42808
"539" 2019 322.53 73.88355975
"540" 2019 246.08 61.8202176
"541" 2019 163.33 44.79570245
"542" 2019 134.51 40.0853251
"543" 2019 83.19 26.80589775
"544" 2019 47.14 16.3420238
"545" 2019 18.53 6.8761124
"546" 2019 16.74 6.6153969
"547" 2019 11.11 4.65214585
"548" 2019 8.81 3.8895269
"549" 2019 6.8 3.150066
"550" 2019 2 0.96767
"551" 2019 0 0
"552" 2019 2 1.04209
"553" 2019 0 0
"554" 2019 1 0.77271
"555" 2019 0 0
"556" 2020 6356 23.77144
"557" 2020 6604 1.22174
"558" 2020 6645 0.897075
"559" 2020 6653 0.79836
"560" 2020 6724 0.60516
"561" 2020 6837 0.307665
"562" 2020 6878 0.20634
"563" 2020 6749 0.101235
"564" 2020 6609 0.19827
"565" 2020 6921 0.311445
"566" 2020 6687 0.300915
"567" 2020 6724 0.30258
"568" 2020 6593 0.39558
"569" 2020 6598 0.39588
"570" 2020 6499 0.38994
"571" 2020 6528 0.68544
"572" 2020 6435 1.35135
"573" 2020 6499 1.55976
"574" 2020 6674 1.76861
"575" 2020 7195 2.5902
"576" 2020 7140 2.9274
"577" 2020 7113 2.382855
"578" 2020 7728 1.85472
"579" 2020 8116 1.86668
"580" 2020 8443 1.94189
"581" 2020 8949 2.729445
"582" 2020 9336 2.5674
"583" 2020 9685 2.566525
"584" 2020 9499 3.657115
"585" 2020 10104 4.34472
"586" 2020 9838 3.68925
"587" 2020 10090 3.7333
"588" 2020 9849 3.64413
"589" 2020 9989 3.246425
"590" 2020 9667 3.431785
"591" 2020 9708 3.98028
"592" 2020 9787 4.30628
"593" 2020 9922 6.20125
"594" 2020 9807 7.25718
"595" 2020 9927 7.197075
"596" 2020 9530 6.8616
"597" 2020 9518 7.66199
"598" 2020 9555 9.698325
"599" 2020 9220 9.5427
"600" 2020 9235 10.666425
"601" 2020 9170 13.0214
"602" 2020 8980 13.3802
"603" 2020 9231 14.67729
"604" 2020 9489 17.032755
"605" 2020 9264 19.08384
"606" 2020 9426 23.28222
"607" 2020 9481 25.172055
"608" 2020 9503 27.27361
"609" 2020 9256 27.21264
"610" 2020 9334 28.23535
"611" 2020 9180 32.4972
"612" 2020 8898 34.88016
"613" 2020 8494 39.87933
"614" 2020 8181 43.891065
"615" 2020 7796 42.99494
"616" 2020 7547 46.074435
"617" 2020 7219 49.0892
"618" 2020 6865 54.405125
"619" 2020 6606 58.43007
"620" 2020 6238 57.23365
"621" 2020 6095 61.650925
"622" 2020 5781 64.34253
"623" 2020 5539 68.57282
"624" 2020 5019 71.696415
"625" 2020 5076 76.49532
"626" 2020 4937 79.658495
"627" 2020 4811 85.034425
"628" 2020 4502 86.19079
"629" 2020 4199 94.14158
"630" 2020 3611 91.75551
"631" 2020 3557 92.108515
"632" 2020 3499 99.808975
"633" 2020 3320 107.817
"634" 2020 3011 101.25993
"635" 2020 2905 108.109575
"636" 2020 3012 130.44972
"637" 2020 2744 134.799
"638" 2020 2508 142.62996
"639" 2020 2328 155.46384
"640" 2020 2076 156.00102
"641" 2020 1904 159.57424
"642" 2020 1699 163.39283
"643" 2020 1551 170.865915
"644" 2020 1477.62 178.6738104
"645" 2020 1276.37 171.85683865
"646" 2020 1119.57 173.9251995
"647" 2020 829.46 145.9310451
"648" 2020 652.78 129.707386
"649" 2020 512.4 110.109636
"650" 2020 377 86.361275
"651" 2020 258.53 64.9479066
"652" 2020 198.08 54.3264112
"653" 2020 123.33 36.7535733
"654" 2020 99.51 32.06460975
"655" 2020 59.19 20.5193973
"656" 2020 28.14 10.4421912
"657" 2020 12.53 4.95166805
"658" 2020 10.74 4.4972139
"659" 2020 8.11 3.5804839
"660" 2020 5.81 2.69145345
"661" 2020 4.8 2.322408
"662" 2020 0 0
"663" 2020 0 0
"664" 2020 0 0
"665" 2020 0 0
"666" 2020 0 0
"667" 2021 6490 24.2726
"668" 2021 6571 1.215635
"669" 2021 6705 0.905175
"670" 2021 6763 0.81156
"671" 2021 6726 0.60534
"672" 2021 6784 0.30528
"673" 2021 6947 0.20841
"674" 2021 6961 0.104415
"675" 2021 6876 0.20628
"676" 2021 6691 0.301095
"677" 2021 6957 0.313065
"678" 2021 6771 0.304695
"679" 2021 6816 0.40896
"680" 2021 6691 0.40146
"681" 2021 6646 0.39876
"682" 2021 6534 0.68607
"683" 2021 6566 1.37886
"684" 2021 6499 1.55976
"685" 2021 6648 1.76172
"686" 2021 6824 2.45664
"687" 2021 7362 3.01842
"688" 2021 7266 2.43411
"689" 2021 7363 1.76712
"690" 2021 8153 1.87519
"691" 2021 8570 1.9711
"692" 2021 8877 2.707485
"693" 2021 9276 2.5509
"694" 2021 9669 2.562285
"695" 2021 10014 3.85539
"696" 2021 9764 4.19852
"697" 2021 10340 3.8775
"698" 2021 10112 3.74144
"699" 2021 10341 3.82617
"700" 2021 10056 3.2682
"701" 2021 10201 3.621355
"702" 2021 9780 4.0098
"703" 2021 9830 4.3252
"704" 2021 9848 6.155
"705" 2021 10022 7.41628
"706" 2021 9905 7.181125
"707" 2021 9999 7.19928
"708" 2021 9627 7.749735
"709" 2021 9630 9.77445
"710" 2021 9645 9.982575
"711" 2021 9289 10.728795
"712" 2021 9305 13.2131
"713" 2021 9221 13.73929
"714" 2021 9015 14.33385
"715" 2021 9247 16.598365
"716" 2021 9473 19.51438
"717" 2021 9274 22.90678
"718" 2021 9451 25.092405
"719" 2021 9494 27.24778
"720" 2021 9496 27.91824
"721" 2021 9242 27.95705
"722" 2021 9303 32.93262
"723" 2021 9168 35.93856
"724" 2021 8848 41.54136
"725" 2021 8436 45.25914
"726" 2021 8104 44.69356
"727" 2021 7698 46.99629
"728" 2021 7430 50.524
"729" 2021 7120 56.426
"730" 2021 6788 60.03986
"731" 2021 6475 59.408125
"732" 2021 6121 61.913915
"733" 2021 5981 66.56853
"734" 2021 5696 70.51648
"735" 2021 5438 77.68183
"736" 2021 4934 74.35538
"737" 2021 4972 80.22322
"738" 2021 4844 85.6177
"739" 2021 4700 89.9815
"740" 2021 4391 98.44622
"741" 2021 4097 104.10477
"742" 2021 3506 90.78787
"743" 2021 3471 99.010275
"744" 2021 3375 109.603125
"745" 2021 3195 107.44785
"746" 2021 2890 107.55135
"747" 2021 2785 120.61835
"748" 2021 2856 140.301
"749" 2021 2612 148.54444
"750" 2021 2357 157.40046
"751" 2021 2172 163.21494
"752" 2021 1919 160.83139
"753" 2021 1741 167.43197
"754" 2021 1523 167.781295
"755" 2021 1369 165.53948
"756" 2021 1288.62 173.5062399
"757" 2021 1087.37 168.9229295
"758" 2021 937.57 164.95137795
"759" 2021 660.46 131.233402
"760" 2021 523.78 112.5550842
"761" 2021 397.4 91.034405
"762" 2021 297 74.61234
"763" 2021 194.53 53.35277045
"764" 2021 142.08 42.3412608
"765" 2021 91.33 29.42880925
"766" 2021 70.51 24.4437017
"767" 2021 34.19 12.6872252
"768" 2021 20.14 7.9590259
"769" 2021 8.53 3.57180955
"770" 2021 3.74 1.6511726
"771" 2021 4.11 1.90393695
"772" 2021 2.81 1.35957635
"773" 2021 0.8 0.402504
"774" 2021 0 0
"775" 2021 0 0
"776" 2021 0 0
"777" 2021 0 0
