"year" "population" "expected"
"1" 2015 6056 27.73648
"2" 2015 6380 1.9459
"3" 2015 6347 0.95205
"4" 2015 6428 0
"5" 2015 6473 0
"6" 2015 6192 0
"7" 2015 6179 0
"8" 2015 6137 0
"9" 2015 6237 0
"10" 2015 6130 0
"11" 2015 6112 0
"12" 2015 6083 0
"13" 2015 6121 0
"14" 2015 6236 0
"15" 2015 6636 0.53088
"16" 2015 6362 1.49507
"17" 2015 6403 1.98493
"18" 2015 6585 1.020675
"19" 2015 6711 0.93954
"20" 2015 6528 2.7744
"21" 2015 6827 4.30101
"22" 2015 6818 2.35221
"23" 2015 6882 1.75491
"24" 2015 6931 2.183265
"25" 2015 7245 2.4633
"26" 2015 7512 2.92968
"27" 2015 8042 1.76924
"28" 2015 8067 2.137755
"29" 2015 8432 2.15016
"30" 2015 8143 2.483615
"31" 2015 8491 3.48131
"32" 2015 8467 3.47147
"33" 2015 8753 2.71343
"34" 2015 8906 2.31556
"35" 2015 8738 2.70878
"36" 2015 8718 4.05387
"37" 2015 8794 5.01258
"38" 2015 8634 5.69844
"39" 2015 8591 6.572115
"40" 2015 8556 5.39028
"41" 2015 8431 3.11947
"42" 2015 8378 3.14175
"43" 2015 8666 5.1996
"44" 2015 9089 5.4534
"45" 2015 8839 7.86671
"46" 2015 9017 12.037695
"47" 2015 9094 12.2769
"48" 2015 9123 13.182735
"49" 2015 9064 16.72308
"50" 2015 9063 20.799585
"51" 2015 8941 19.714905
"52" 2015 8798 21.86303
"53" 2015 8350 26.76175
"54" 2015 8235 26.146125
"55" 2015 7856 25.61056
"56" 2015 7641 24.412995
"57" 2015 7357 26.77948
"58" 2015 7192 37.72204
"59" 2015 6788 35.70488
"60" 2015 6392 36.81792
"61" 2015 6458 46.46531
"62" 2015 6062 45.22252
"63" 2015 5858 46.62968
"64" 2015 5246 47.10908
"65" 2015 5297 45.633655
"66" 2015 5259 44.01783
"67" 2015 5079 48.09813
"68" 2015 4891 56.2465
"69" 2015 4471 59.64314
"70" 2015 3912 53.79
"71" 2015 3913 55.1733
"72" 2015 3931 61.28429
"73" 2015 3733 62.37843
"74" 2015 3396 68.61618
"75" 2015 3448 81.92448
"76" 2015 3534 84.83367
"77" 2015 3246 83.14629
"78" 2015 3045 96.1611
"79" 2015 2912 104.73008
"80" 2015 2776 105.91828
"81" 2015 2554 111.82689
"82" 2015 2495 124.937125
"83" 2015 2362 135.00011
"84" 2015 2307.62 150.2029858
"85" 2015 2107.37 155.82947465
"86" 2015 1987.57 166.5186146
"87" 2015 1628.46 154.1418813
"88" 2015 1429.78 152.4359947
"89" 2015 1188.4 142.239596
"90" 2015 947 126.808035
"91" 2015 752.53 112.3301531
"92" 2015 593.08 98.3119062
"93" 2015 458.33 84.0393888
"94" 2015 382.51 77.26702
"95" 2015 269.19 59.652504
"96" 2015 189.14 45.7841741
"97" 2015 84.53 22.2550584
"98" 2015 74.74 21.308374
"99" 2015 55.11 16.9391607
"100" 2015 44.81 14.78349115
"101" 2015 39.8 14.03149
"102" 2015 13 4.876105
"103" 2015 12 4.76784
"104" 2015 4 1.67628
"105" 2015 2 0.88031
"106" 2015 2 0.92083
"107" 2015 5 2.398575
"108" 2015 0 0
"109" 2015 0 0
"110" 2015 0 0
"111" 2015 0 0
"112" 2016 6100 27.938
"113" 2016 6342 1.93431
"114" 2016 6558 0.9837
"115" 2016 6490 0
"116" 2016 6536 0
"117" 2016 6606 0
"118" 2016 6301 0
"119" 2016 6296 0
"120" 2016 6275 0
"121" 2016 6324 0
"122" 2016 6234 0
"123" 2016 6170 0
"124" 2016 6191 0
"125" 2016 6171 0
"126" 2016 6297 0.50376
"127" 2016 6711 1.577085
"128" 2016 6445 1.99795
"129" 2016 6491 1.006105
"130" 2016 6672 0.93408
"131" 2016 6867 2.918475
"132" 2016 6746 4.24998
"133" 2016 7123 2.457435
"134" 2016 6992 1.78296
"135" 2016 7181 2.262015
"136" 2016 7335 2.4939
"137" 2016 7849 3.06111
"138" 2016 8049 1.77078
"139" 2016 8624 2.28536
"140" 2016 8506 2.16903
"141" 2016 8880 2.7084
"142" 2016 8570 3.5137
"143" 2016 8856 3.63096
"144" 2016 8787 2.72397
"145" 2016 8997 2.33922
"146" 2016 9191 2.84921
"147" 2016 8998 4.18407
"148" 2016 8975 5.11575
"149" 2016 9022 5.95452
"150" 2016 8801 6.732765
"151" 2016 8776 5.52888
"152" 2016 8727 3.22899
"153" 2016 8615 3.230625
"154" 2016 8588 5.1528
"155" 2016 8844 5.3064
"156" 2016 9182 8.17198
"157" 2016 8905 11.888175
"158" 2016 9127 12.32145
"159" 2016 9209 13.307005
"160" 2016 9215 17.001675
"161" 2016 9148 20.99466
"162" 2016 9133 20.138265
"163" 2016 8998 22.36003
"164" 2016 8860 28.3963
"165" 2016 8402 26.67635
"166" 2016 8285 27.0091
"167" 2016 7902 25.24689
"168" 2016 7650 27.846
"169" 2016 7393 38.776285
"170" 2016 7215 37.9509
"171" 2016 6757 38.92032
"172" 2016 6352 45.70264
"173" 2016 6399 47.73654
"174" 2016 6024 47.95104
"175" 2016 5827 52.32646
"176" 2016 5200 44.798
"177" 2016 5266 44.07642
"178" 2016 5197 49.21559
"179" 2016 5050 58.075
"180" 2016 4840 64.5656
"181" 2016 4407 60.59625
"182" 2016 3861 54.4401
"183" 2016 3879 60.47361
"184" 2016 3861 64.51731
"185" 2016 3683 74.415015
"186" 2016 3320 78.8832
"187" 2016 3365 80.776825
"188" 2016 3450 88.37175
"189" 2016 3174 100.23492
"190" 2016 2955 106.276575
"191" 2016 2812 107.29186
"192" 2016 2682 117.43137
"193" 2016 2419 121.131425
"194" 2016 2368 135.34304
"195" 2016 2259 147.03831
"196" 2016 2151.62 159.1015409
"197" 2016 1948.37 163.2344386
"198" 2016 1826.57 172.89398335
"199" 2016 1456.46 155.2804829
"200" 2016 1277.78 152.9374882
"201" 2016 1025.4 137.306187
"202" 2016 822 122.69994
"203" 2016 632.53 104.85133545
"204" 2016 478.08 87.6607488
"205" 2016 382.33 77.23066
"206" 2016 304.51 67.479416
"207" 2016 197.19 47.73279735
"208" 2016 133.14 35.0530992
"209" 2016 59.53 16.972003
"210" 2016 55.74 17.1328038
"211" 2016 35.11 11.58331565
"212" 2016 34.81 12.2722655
"213" 2016 22.8 8.551938
"214" 2016 7 2.78124
"215" 2016 7 2.93349
"216" 2016 2 0.88031
"217" 2016 1 0.460415
"218" 2016 2 0.95943
"219" 2016 1 0.497945
"220" 2016 0 0
"221" 2016 0 0
"222" 2016 0 0
"223" 2017 6128 28.06624
"224" 2017 6371 1.943155
"225" 2017 6574 0.9861
"226" 2017 6532 0
"227" 2017 6458 0
"228" 2017 6286 0
"229" 2017 6642 0
"230" 2017 6460 0
"231" 2017 6468 0
"232" 2017 6399 0
"233" 2017 6399 0
"234" 2017 6348 0
"235" 2017 6331 0
"236" 2017 6236 0
"237" 2017 6291 0.50328
"238" 2017 6393 1.502355
"239" 2017 6778 2.10118
"240" 2017 6587 1.020985
"241" 2017 6532 0.91448
"242" 2017 6958 2.95715
"243" 2017 7159 4.51017
"244" 2017 7019 2.421555
"245" 2017 7306 1.86303
"246" 2017 7570 2.38455
"247" 2017 7986 2.71524
"248" 2017 8047 3.13833
"249" 2017 8670 1.9074
"250" 2017 8717 2.310005
"251" 2017 8971 2.287605
"252" 2017 8760 2.6718
"253" 2017 9065 3.71665
"254" 2017 8880 3.6408
"255" 2017 9027 2.79837
"256" 2017 9091 2.36366
"257" 2017 9390 2.9109
"258" 2017 9332 4.33938
"259" 2017 9363 5.33691
"260" 2017 9175 6.0555
"261" 2017 9112 6.97068
"262" 2017 9124 5.74812
"263" 2017 8911 3.29707
"264" 2017 8949 3.355875
"265" 2017 8838 5.3028
"266" 2017 8765 5.259
"267" 2017 8913 7.93257
"268" 2017 9306 12.42351
"269" 2017 9096 12.2796
"270" 2017 9282 13.41249
"271" 2017 9269 17.101305
"272" 2017 9341 21.437595
"273" 2017 9184 20.25072
"274" 2017 9262 23.01607
"275" 2017 9190 29.45395
"276" 2017 8906 28.27655
"277" 2017 8561 27.90886
"278" 2017 8277 26.445015
"279" 2017 7939 28.89796
"280" 2017 7683 40.297335
"281" 2017 7417 39.01342
"282" 2017 7099 40.89024
"283" 2017 6812 49.01234
"284" 2017 6434 47.99764
"285" 2017 6342 50.48232
"286" 2017 6022 54.07756
"287" 2017 5803 49.992845
"288" 2017 5215 43.64955
"289" 2017 5328 50.45616
"290" 2017 5210 59.915
"291" 2017 5054 67.42036
"292" 2017 4765 65.51875
"293" 2017 4450 62.745
"294" 2017 3854 60.08386
"295" 2017 3805 63.58155
"296" 2017 3797 76.718385
"297" 2017 3621 86.03496
"298" 2017 3270 78.49635
"299" 2017 3257 83.428055
"300" 2017 3372 106.48776
"301" 2017 3096 111.34764
"302" 2017 2860 109.1233
"303" 2017 2706 118.48221
"304" 2017 2528 126.5896
"305" 2017 2328 133.05684
"306" 2017 2204 143.45836
"307" 2017 2046 151.29147
"308" 2017 1989.62 166.6903636
"309" 2017 1772.37 167.76368235
"310" 2017 1655.57 176.50859555
"311" 2017 1309.46 156.7292674
"312" 2017 1123.78 150.4797609
"313" 2017 892.4 133.208548
"314" 2017 708 117.36162
"315" 2017 526.53 96.5445408
"316" 2017 374.08 75.56416
"317" 2017 295.33 65.445128
"318" 2017 241.51 58.46111815
"319" 2017 145.19 38.2256232
"320" 2017 89.14 25.413814
"321" 2017 38.53 11.8429661
"322" 2017 36.74 12.1210771
"323" 2017 25.11 8.8525305
"324" 2017 18.81 7.05534885
"325" 2017 14.8 5.880336
"326" 2017 6 2.51442
"327" 2017 3 1.320465
"328" 2017 2 0.92083
"329" 2017 1 0.479715
"330" 2017 2 0.99589
"331" 2017 0 0
"332" 2017 0 0
"333" 2017 0 0
"334" 2018 6163 28.22654
"335" 2018 6319 1.927295
"336" 2018 6495 0.97425
"337" 2018 6649 0
"338" 2018 6631 0
"339" 2018 6531 0
"340" 2018 6417 0
"341" 2018 6725 0
"342" 2018 6554 0
"343" 2018 6557 0
"344" 2018 6508 0
"345" 2018 6454 0
"346" 2018 6415 0
"347" 2018 6397 0
"348" 2018 6307 0.50456
"349" 2018 6378 1.49883
"350" 2018 6442 1.99702
"351" 2018 6863 1.063765
"352" 2018 6765 0.9471
"353" 2018 6665 2.832625
"354" 2018 7159 4.51017
"355" 2018 7358 2.53851
"356" 2018 7344 1.87272
"357" 2018 7794 2.45511
"358" 2018 8181 2.78154
"359" 2018 8538 3.32982
"360" 2018 8516 1.87352
"361" 2018 9191 2.435615
"362" 2018 9110 2.32305
"363" 2018 9369 2.857545
"364" 2018 9155 3.75355
"365" 2018 9351 3.83391
"366" 2018 9192 2.84952
"367" 2018 9268 2.40968
"368" 2018 9306 2.88486
"369" 2018 9578 4.45377
"370" 2018 9489 5.40873
"371" 2018 9530 6.2898
"372" 2018 9289 7.106085
"373" 2018 9233 5.81679
"374" 2018 9284 3.43508
"375" 2018 9039 3.389625
"376" 2018 9092 5.4552
"377" 2018 8952 5.3712
"378" 2018 8888 7.91032
"379" 2018 9021 12.043035
"380" 2018 9345 12.61575
"381" 2018 9161 13.237645
"382" 2018 9325 17.204625
"383" 2018 9350 21.45825
"384" 2018 9415 20.760075
"385" 2018 9278 23.05583
"386" 2018 9293 29.784065
"387" 2018 9188 29.1719
"388" 2018 8916 29.06616
"389" 2018 8519 27.218205
"390" 2018 8256 30.05184
"391" 2018 7915 41.514175
"392" 2018 7670 40.3442
"393" 2018 7374 42.47424
"394" 2018 7035 50.616825
"395" 2018 6736 50.25056
"396" 2018 6349 50.53804
"397" 2018 6271 56.31358
"398" 2018 5939 51.164485
"399" 2018 5698 47.69226
"400" 2018 5128 48.56216
"401" 2018 5240 60.26
"402" 2018 5109 68.15406
"403" 2018 4972 68.365
"404" 2018 4667 65.8047
"405" 2018 4368 68.09712
"406" 2018 3784 63.23064
"407" 2018 3709 74.940345
"408" 2018 3700 87.912
"409" 2018 3519 84.473595
"410" 2018 3188 81.66062
"411" 2018 3132 98.90856
"412" 2018 3261 117.281865
"413" 2018 2977 113.587435
"414" 2018 2732 119.62062
"415" 2018 2599 130.144925
"416" 2018 2401 137.229155
"417" 2018 2215 144.17435
"418" 2018 2055 151.956975
"419" 2018 1894 158.67932
"420" 2018 1832.62 173.4666461
"421" 2018 1603.37 170.94329255
"422" 2018 1461.57 174.9353133
"423" 2018 1139.46 152.5793913
"424" 2018 971.78 145.0576006
"425" 2018 762.4 126.379236
"426" 2018 602 110.38272
"427" 2018 411.53 83.12906
"428" 2018 304.08 67.384128
"429" 2018 216.33 52.36592145
"430" 2018 177.51 46.7348328
"431" 2018 110.19 31.415169
"432" 2018 67.14 20.6368218
"433" 2018 30.53 10.07230495
"434" 2018 26.74 9.427187
"435" 2018 17.11 6.41770435
"436" 2018 12.81 5.0896692
"437" 2018 8.8 3.687816
"438" 2018 3 1.320465
"439" 2018 1 0.460415
"440" 2018 2 0.95943
"441" 2018 0 0
"442" 2018 1 0.515025
"443" 2018 0 0
"444" 2018 0 0
"445" 2019 6328 28.98224
"446" 2019 6433 1.962065
"447" 2019 6489 0.97335
"448" 2019 6590 0
"449" 2019 6752 0
"450" 2019 6730 0
"451" 2019 6663 0
"452" 2019 6507 0
"453" 2019 6821 0
"454" 2019 6634 0
"455" 2019 6634 0
"456" 2019 6550 0
"457" 2019 6528 0
"458" 2019 6456 0
"459" 2019 6492 0.51936
"460" 2019 6343 1.490605
"461" 2019 6414 1.98834
"462" 2019 6515 1.009825
"463" 2019 7016 0.98224
"464" 2019 6918 2.94015
"465" 2019 6895 4.34385
"466" 2019 7365 2.540925
"467" 2019 7632 1.94616
"468" 2019 7804 2.45826
"469" 2019 8342 2.83628
"470" 2019 8807 3.43473
"471" 2019 9148 2.01256
"472" 2019 9022 2.39083
"473" 2019 9665 2.464575
"474" 2019 9483 2.892315
"475" 2019 9733 3.99053
"476" 2019 9528 3.90648
"477" 2019 9674 2.99894
"478" 2019 9440 2.4544
"479" 2019 9488 2.94128
"480" 2019 9534 4.43331
"481" 2019 9752 5.55864
"482" 2019 9635 6.3591
"483" 2019 9769 7.473285
"484" 2019 9421 5.93523
"485" 2019 9402 3.47874
"486" 2019 9413 3.529875
"487" 2019 9116 5.4696
"488" 2019 9195 5.517
"489" 2019 9051 8.05539
"490" 2019 8972 11.97762
"491" 2019 9164 12.3714
"492" 2019 9430 13.62635
"493" 2019 9227 17.023815
"494" 2019 9390 21.55005
"495" 2019 9430 20.79315
"496" 2019 9491 23.585135
"497" 2019 9287 29.764835
"498" 2019 9322 29.59735
"499" 2019 9165 29.8779
"500" 2019 8922 28.50579
"501" 2019 8493 30.91452
"502" 2019 8247 43.255515
"503" 2019 7854 41.31204
"504" 2019 7614 43.85664
"505" 2019 7310 52.59545
"506" 2019 6970 51.9962
"507" 2019 6688 53.23648
"508" 2019 6281 56.40338
"509" 2019 6182 53.25793
"510" 2019 5842 48.89754
"511" 2019 5628 53.29716
"512" 2019 5054 58.121
"513" 2019 5166 68.91444
"514" 2019 5022 69.0525
"515" 2019 4892 68.9772
"516" 2019 4575 71.32425
"517" 2019 4278 71.48538
"518" 2019 3696 74.67768
"519" 2019 3633 86.32008
"520" 2019 3588 86.12994
"521" 2019 3413 87.423995
"522" 2019 3104 98.02432
"523" 2019 3025 108.794125
"524" 2019 3130 119.42515
"525" 2019 2872 125.75052
"526" 2019 2626 131.49695
"527" 2019 2478 141.63009
"528" 2019 2232 145.28088
"529" 2019 2062 152.47459
"530" 2019 1881 157.59018
"531" 2019 1727 163.469185
"532" 2019 1657.62 176.7271563
"533" 2019 1434.37 171.6797453
"534" 2019 1289.57 172.67987085
"535" 2019 972.46 145.1591042
"536" 2019 810.78 134.3989467
"537" 2019 639.4 117.240384
"538" 2019 472 95.344
"539" 2019 322.53 71.472648
"540" 2019 246.08 59.5673552
"541" 2019 163.33 43.0015224
"542" 2019 134.51 38.348801
"543" 2019 83.19 25.5701103
"544" 2019 47.14 15.5521931
"545" 2019 18.53 6.5327515
"546" 2019 16.74 6.2789229
"547" 2019 11.11 4.4142252
"548" 2019 8.81 3.6920067
"549" 2019 6.8 2.993054
"550" 2019 2 0.92083
"551" 2019 0 0
"552" 2019 2 0.99589
"553" 2019 0 0
"554" 2019 1 0.761635
"555" 2019 0 0
"556" 2020 6356 29.11048
"557" 2020 6604 2.01422
"558" 2020 6645 0.99675
"559" 2020 6653 0
"560" 2020 6724 0
"561" 2020 6837 0
"562" 2020 6878 0
"563" 2020 6749 0
"564" 2020 6609 0
"565" 2020 6921 0
"566" 2020 6687 0
"567" 2020 6724 0
"568" 2020 6593 0
"569" 2020 6598 0
"570" 2020 6499 0.51992
"571" 2020 6528 1.53408
"572" 2020 6435 1.99485
"573" 2020 6499 1.007345
"574" 2020 6674 0.93436
"575" 2020 7195 3.057875
"576" 2020 7140 4.4982
"577" 2020 7113 2.453985
"578" 2020 7728 1.97064
"579" 2020 8116 2.55654
"580" 2020 8443 2.87062
"581" 2020 8949 3.49011
"582" 2020 9336 2.05392
"583" 2020 9685 2.566525
"584" 2020 9499 2.422245
"585" 2020 10104 3.08172
"586" 2020 9838 4.03358
"587" 2020 10090 4.1369
"588" 2020 9849 3.05319
"589" 2020 9989 2.59714
"590" 2020 9667 2.99677
"591" 2020 9708 4.51422
"592" 2020 9787 5.57859
"593" 2020 9922 6.54852
"594" 2020 9807 7.502355
"595" 2020 9927 6.25401
"596" 2020 9530 3.5261
"597" 2020 9518 3.56925
"598" 2020 9555 5.733
"599" 2020 9220 5.532
"600" 2020 9235 8.21915
"601" 2020 9170 12.24195
"602" 2020 8980 12.123
"603" 2020 9231 13.338795
"604" 2020 9489 17.507205
"605" 2020 9264 21.26088
"606" 2020 9426 20.78433
"607" 2020 9481 23.560285
"608" 2020 9503 30.457115
"609" 2020 9256 29.3878
"610" 2020 9334 30.42884
"611" 2020 9180 29.3301
"612" 2020 8898 32.38872
"613" 2020 8494 44.55103
"614" 2020 8181 43.03206
"615" 2020 7796 44.90496
"616" 2020 7547 54.300665
"617" 2020 7219 53.85374
"618" 2020 6865 54.6454
"619" 2020 6606 59.32188
"620" 2020 6238 53.74037
"621" 2020 6095 51.01515
"622" 2020 5781 54.74607
"623" 2020 5539 63.6985
"624" 2020 5019 66.95346
"625" 2020 5076 69.795
"626" 2020 4937 69.6117
"627" 2020 4811 75.00349
"628" 2020 4502 75.22842
"629" 2020 4199 84.840795
"630" 2020 3611 85.79736
"631" 2020 3557 85.385785
"632" 2020 3499 89.626885
"633" 2020 3320 104.8456
"634" 2020 3011 108.290615
"635" 2020 2905 110.840275
"636" 2020 3012 131.88042
"637" 2020 2744 137.4058
"638" 2020 2508 143.34474
"639" 2020 2328 151.52952
"640" 2020 2076 153.50982
"641" 2020 1904 159.51712
"642" 2020 1699 160.818845
"643" 2020 1551 165.359865
"644" 2020 1477.62 176.8563378
"645" 2020 1276.37 170.91232485
"646" 2020 1119.57 167.1182139
"647" 2020 829.46 137.4954369
"648" 2020 652.78 119.6937408
"649" 2020 512.4 103.5048
"650" 2020 377 83.5432
"651" 2020 258.53 62.58106445
"652" 2020 198.08 52.1505024
"653" 2020 123.33 35.161383
"654" 2020 99.51 30.5863887
"655" 2020 59.19 19.52766885
"656" 2020 28.14 9.920757
"657" 2020 12.53 4.69981505
"658" 2020 10.74 4.2672168
"659" 2020 8.11 3.3986577
"660" 2020 5.81 2.55730055
"661" 2020 4.8 2.209992
"662" 2020 0 0
"663" 2020 0 0
"664" 2020 0 0
"665" 2020 0 0
"666" 2020 0 0
"667" 2021 6490 29.7242
"668" 2021 6571 2.004155
"669" 2021 6705 1.00575
"670" 2021 6763 0
"671" 2021 6726 0
"672" 2021 6784 0
"673" 2021 6947 0
"674" 2021 6961 0
"675" 2021 6876 0
"676" 2021 6691 0
"677" 2021 6957 0
"678" 2021 6771 0
"679" 2021 6816 0
"680" 2021 6691 0
"681" 2021 6646 0.53168
"682" 2021 6534 1.53549
"683" 2021 6566 2.03546
"684" 2021 6499 1.007345
"685" 2021 6648 0.93072
"686" 2021 6824 2.9002
"687" 2021 7362 4.63806
"688" 2021 7266 2.50677
"689" 2021 7363 1.877565
"690" 2021 8153 2.568195
"691" 2021 8570 2.9138
"692" 2021 8877 3.46203
"693" 2021 9276 2.04072
"694" 2021 9669 2.562285
"695" 2021 10014 2.55357
"696" 2021 9764 2.97802
"697" 2021 10340 4.2394
"698" 2021 10112 4.14592
"699" 2021 10341 3.20571
"700" 2021 10056 2.61456
"701" 2021 10201 3.16231
"702" 2021 9780 4.5477
"703" 2021 9830 5.6031
"704" 2021 9848 6.49968
"705" 2021 10022 7.66683
"706" 2021 9905 6.24015
"707" 2021 9999 3.69963
"708" 2021 9627 3.610125
"709" 2021 9630 5.778
"710" 2021 9645 5.787
"711" 2021 9289 8.26721
"712" 2021 9305 12.422175
"713" 2021 9221 12.44835
"714" 2021 9015 13.026675
"715" 2021 9247 17.060715
"716" 2021 9473 21.740535
"717" 2021 9274 20.44917
"718" 2021 9451 23.485735
"719" 2021 9494 30.42827
"720" 2021 9496 30.1498
"721" 2021 9242 30.12892
"722" 2021 9303 29.723085
"723" 2021 9168 33.37152
"724" 2021 8848 46.40776
"725" 2021 8436 44.37336
"726" 2021 8104 46.67904
"727" 2021 7698 55.38711
"728" 2021 7430 55.4278
"729" 2021 7120 56.6752
"730" 2021 6788 60.95624
"731" 2021 6475 55.782125
"732" 2021 6121 51.23277
"733" 2021 5981 56.64007
"734" 2021 5696 65.504
"735" 2021 5438 72.54292
"736" 2021 4934 67.8425
"737" 2021 4972 70.1052
"738" 2021 4844 75.51796
"739" 2021 4700 78.537
"740" 2021 4391 88.720155
"741" 2021 4097 97.34472
"742" 2021 3506 84.16153
"743" 2021 3471 88.909665
"744" 2021 3375 106.5825
"745" 2021 3195 114.908175
"746" 2021 2890 110.26795
"747" 2021 2785 121.941225
"748" 2021 2856 143.0142
"749" 2021 2612 149.28886
"750" 2021 2357 153.41713
"751" 2021 2172 160.60854
"752" 2021 1919 160.77382
"753" 2021 1741 164.794355
"754" 2021 1523 162.374645
"755" 2021 1369 163.85561
"756" 2021 1288.62 172.5526611
"757" 2021 1087.37 162.3117199
"758" 2021 937.57 155.41629105
"759" 2021 660.46 121.1019456
"760" 2021 523.78 105.80356
"761" 2021 397.4 88.06384
"762" 2021 297 71.893305
"763" 2021 194.53 51.2158584
"764" 2021 142.08 40.507008
"765" 2021 91.33 28.0721021
"766" 2021 70.51 23.26230665
"767" 2021 34.19 12.0536845
"768" 2021 20.14 7.5542119
"769" 2021 8.53 3.3891396
"770" 2021 3.74 1.5673218
"771" 2021 4.11 1.80903705
"772" 2021 2.81 1.29376615
"773" 2021 0.8 0.383772
"774" 2021 0 0
"775" 2021 0 0
"776" 2021 0 0
"777" 2021 0 0
