"year" "population" "expected"
"1" 2015 6056 16.89624
"2" 2015 6380 1.0208
"3" 2015 6347 0
"4" 2015 6428 0
"5" 2015 6473 0.51784
"6" 2015 6192 0.99072
"7" 2015 6179 0.49432
"8" 2015 6137 0
"9" 2015 6237 0.49896
"10" 2015 6130 0.4904
"11" 2015 6112 1.00848
"12" 2015 6083 1.003695
"13" 2015 6121 0
"14" 2015 6236 0.49888
"15" 2015 6636 1.55946
"16" 2015 6362 1.49507
"17" 2015 6403 0.992465
"18" 2015 6585 2.43645
"19" 2015 6711 2.48307
"20" 2015 6528 0.9792
"21" 2015 6827 2.45772
"22" 2015 6818 2.42039
"23" 2015 6882 1.96137
"24" 2015 6931 1.975335
"25" 2015 7245 0.978075
"26" 2015 7512 1.42728
"27" 2015 8042 2.45281
"28" 2015 8067 2.863785
"29" 2015 8432 3.49928
"30" 2015 8143 3.867925
"31" 2015 8491 2.97185
"32" 2015 8467 1.43939
"33" 2015 8753 0.96283
"34" 2015 8906 2.44915
"35" 2015 8738 4.41269
"36" 2015 8718 4.44618
"37" 2015 8794 4.96861
"38" 2015 8634 6.9072
"39" 2015 8591 5.92779
"40" 2015 8556 6.88758
"41" 2015 8431 7.882985
"42" 2015 8378 6.86996
"43" 2015 8666 10.70251
"44" 2015 9089 13.6335
"45" 2015 8839 13.43528
"46" 2015 9017 14.021435
"47" 2015 9094 13.36818
"48" 2015 9123 12.95466
"49" 2015 9064 12.41768
"50" 2015 9063 13.50387
"51" 2015 8941 21.324285
"52" 2015 8798 23.44667
"53" 2015 8350 26.219
"54" 2015 8235 24.8697
"55" 2015 7856 20.46488
"56" 2015 7641 29.074005
"57" 2015 7357 29.170505
"58" 2015 7192 33.22704
"59" 2015 6788 35.67094
"60" 2015 6392 32.40744
"61" 2015 6458 36.42312
"62" 2015 6062 35.73549
"63" 2015 5858 43.935
"64" 2015 5246 50.33537
"65" 2015 5297 52.17545
"66" 2015 5259 50.27604
"67" 2015 5079 54.3453
"68" 2015 4891 60.30603
"69" 2015 4471 62.10219
"70" 2015 3912 56.66532
"71" 2015 3913 65.46449
"72" 2015 3931 70.581105
"73" 2015 3733 73.820075
"74" 2015 3396 78.37968
"75" 2015 3448 86.83788
"76" 2015 3534 101.28444
"77" 2015 3246 100.35009
"78" 2015 3045 103.271175
"79" 2015 2912 101.6288
"80" 2015 2776 106.876
"81" 2015 2554 117.67555
"82" 2015 2495 130.738
"83" 2015 2362 140.59805
"84" 2015 2307.62 155.8566548
"85" 2015 2107.37 161.28756295
"86" 2015 1987.57 172.1434377
"87" 2015 1628.46 159.3610956
"88" 2015 1429.78 157.8119675
"89" 2015 1188.4 147.652758
"90" 2015 947 132.149115
"91" 2015 752.53 117.64677755
"92" 2015 593.08 103.5754912
"93" 2015 458.33 89.11997685
"94" 2015 382.51 82.5112321
"95" 2015 269.19 64.15470675
"96" 2015 189.14 49.5792682
"97" 2015 84.53 24.2533476
"98" 2015 74.74 23.3513919
"99" 2015 55.11 18.6475707
"100" 2015 44.81 16.328764
"101" 2015 39.8 15.529562
"102" 2015 13 5.400395
"103" 2015 12 5.27736
"104" 2015 4 1.85208
"105" 2015 2 0.96985
"106" 2015 2 1.01069
"107" 2015 5 2.620925
"108" 2015 0 0
"109" 2015 0 0
"110" 2015 0 0
"111" 2015 0 0
"112" 2016 6100 17.019
"113" 2016 6342 1.01472
"114" 2016 6558 0
"115" 2016 6490 0
"116" 2016 6536 0.52288
"117" 2016 6606 1.05696
"118" 2016 6301 0.50408
"119" 2016 6296 0
"120" 2016 6275 0.502
"121" 2016 6324 0.50592
"122" 2016 6234 1.02861
"123" 2016 6170 1.01805
"124" 2016 6191 0
"125" 2016 6171 0.49368
"126" 2016 6297 1.479795
"127" 2016 6711 1.577085
"128" 2016 6445 0.998975
"129" 2016 6491 2.40167
"130" 2016 6672 2.46864
"131" 2016 6867 1.03005
"132" 2016 6746 2.42856
"133" 2016 7123 2.528665
"134" 2016 6992 1.99272
"135" 2016 7181 2.046585
"136" 2016 7335 0.990225
"137" 2016 7849 1.49131
"138" 2016 8049 2.454945
"139" 2016 8624 3.06152
"140" 2016 8506 3.52999
"141" 2016 8880 4.218
"142" 2016 8570 2.9995
"143" 2016 8856 1.50552
"144" 2016 8787 0.96657
"145" 2016 8997 2.474175
"146" 2016 9191 4.641455
"147" 2016 8998 4.58898
"148" 2016 8975 5.070875
"149" 2016 9022 7.2176
"150" 2016 8801 6.07269
"151" 2016 8776 7.06468
"152" 2016 8727 8.159745
"153" 2016 8615 7.0643
"154" 2016 8588 10.60618
"155" 2016 8844 13.266
"156" 2016 9182 13.95664
"157" 2016 8905 13.847275
"158" 2016 9127 13.41669
"159" 2016 9209 13.07678
"160" 2016 9215 12.62455
"161" 2016 9148 13.63052
"162" 2016 9133 21.782205
"163" 2016 8998 23.97967
"164" 2016 8860 27.8204
"165" 2016 8402 25.37404
"166" 2016 8285 21.582425
"167" 2016 7902 30.06711
"168" 2016 7650 30.33225
"169" 2016 7393 34.15566
"170" 2016 7215 37.914825
"171" 2016 6757 34.25799
"172" 2016 6352 35.82528
"173" 2016 6399 37.722105
"174" 2016 6024 45.18
"175" 2016 5827 55.910065
"176" 2016 5200 51.22
"177" 2016 5266 50.34296
"178" 2016 5197 55.6079
"179" 2016 5050 62.2665
"180" 2016 4840 67.2276
"181" 2016 4407 63.835395
"182" 2016 3861 64.59453
"183" 2016 3879 69.647445
"184" 2016 3861 76.351275
"185" 2016 3683 85.00364
"186" 2016 3320 83.6142
"187" 2016 3365 96.4409
"188" 2016 3450 106.65675
"189" 2016 3174 107.64621
"190" 2016 2955 103.1295
"191" 2016 2812 108.262
"192" 2016 2682 123.57315
"193" 2016 2419 126.7556
"194" 2016 2368 140.9552
"195" 2016 2259 152.57286
"196" 2016 2151.62 164.6742367
"197" 2016 1948.37 168.7483257
"198" 2016 1826.57 178.7481402
"199" 2016 1456.46 160.7567725
"200" 2016 1277.78 158.7577761
"201" 2016 1025.4 143.089443
"202" 2016 822 128.50737
"203" 2016 632.53 110.4650392
"204" 2016 478.08 92.9602656
"205" 2016 382.33 82.4724043
"206" 2016 304.51 72.57234575
"207" 2016 197.19 51.6894147
"208" 2016 133.14 38.2005288
"209" 2016 59.53 18.59925555
"210" 2016 55.74 18.8607438
"211" 2016 35.11 12.794084
"212" 2016 34.81 13.5825139
"213" 2016 22.8 9.471462
"214" 2016 7 3.07846
"215" 2016 7 3.24114
"216" 2016 2 0.96985
"217" 2016 1 0.505345
"218" 2016 2 1.04837
"219" 2016 1 0.541395
"220" 2016 0 0
"221" 2016 0 0
"222" 2016 0 0
"223" 2017 6128 17.09712
"224" 2017 6371 1.01936
"225" 2017 6574 0
"226" 2017 6532 0
"227" 2017 6458 0.51664
"228" 2017 6286 1.00576
"229" 2017 6642 0.53136
"230" 2017 6460 0
"231" 2017 6468 0.51744
"232" 2017 6399 0.51192
"233" 2017 6399 1.055835
"234" 2017 6348 1.04742
"235" 2017 6331 0
"236" 2017 6236 0.49888
"237" 2017 6291 1.478385
"238" 2017 6393 1.502355
"239" 2017 6778 1.05059
"240" 2017 6587 2.43719
"241" 2017 6532 2.41684
"242" 2017 6958 1.0437
"243" 2017 7159 2.57724
"244" 2017 7019 2.491745
"245" 2017 7306 2.08221
"246" 2017 7570 2.15745
"247" 2017 7986 1.07811
"248" 2017 8047 1.52893
"249" 2017 8670 2.64435
"250" 2017 8717 3.094535
"251" 2017 8971 3.722965
"252" 2017 8760 4.161
"253" 2017 9065 3.17275
"254" 2017 8880 1.5096
"255" 2017 9027 0.99297
"256" 2017 9091 2.500025
"257" 2017 9390 4.74195
"258" 2017 9332 4.75932
"259" 2017 9363 5.290095
"260" 2017 9175 7.34
"261" 2017 9112 6.28728
"262" 2017 9124 7.34482
"263" 2017 8911 8.331785
"264" 2017 8949 7.33818
"265" 2017 8838 10.91493
"266" 2017 8765 13.1475
"267" 2017 8913 13.54776
"268" 2017 9306 14.47083
"269" 2017 9096 13.37112
"270" 2017 9282 13.18044
"271" 2017 9269 12.69853
"272" 2017 9341 13.91809
"273" 2017 9184 21.90384
"274" 2017 9262 24.68323
"275" 2017 9190 28.8566
"276" 2017 8906 26.89612
"277" 2017 8561 22.301405
"278" 2017 8277 31.493985
"279" 2017 7939 31.478135
"280" 2017 7683 35.49546
"281" 2017 7417 38.976335
"282" 2017 7099 35.99193
"283" 2017 6812 38.41968
"284" 2017 6434 37.92843
"285" 2017 6342 47.565
"286" 2017 6022 57.78109
"287" 2017 5803 57.15955
"288" 2017 5215 49.8554
"289" 2017 5328 57.0096
"290" 2017 5210 64.2393
"291" 2017 5054 70.20006
"292" 2017 4765 69.021025
"293" 2017 4450 74.4485
"294" 2017 3854 69.19857
"295" 2017 3805 75.243875
"296" 2017 3797 87.63476
"297" 2017 3621 91.194885
"298" 2017 3270 93.7182
"299" 2017 3257 100.690155
"300" 2017 3372 114.36138
"301" 2017 3096 108.0504
"302" 2017 2860 110.11
"303" 2017 2706 124.67895
"304" 2017 2528 132.4672
"305" 2017 2328 138.5742
"306" 2017 2204 148.85816
"307" 2017 2046 156.59061
"308" 2017 1989.62 172.3209882
"309" 2017 1772.37 173.4441282
"310" 2017 1655.57 182.73353875
"311" 2017 1309.46 162.6938577
"312" 2017 1123.78 156.8178801
"313" 2017 892.4 139.513354
"314" 2017 708 123.64512
"315" 2017 526.53 102.38112585
"316" 2017 374.08 80.6927968
"317" 2017 295.33 70.38452225
"318" 2017 241.51 63.3070163
"319" 2017 145.19 41.6579148
"320" 2017 89.14 27.8504559
"321" 2017 38.53 13.0373961
"322" 2017 36.74 13.388056
"323" 2017 25.11 9.7976709
"324" 2017 18.81 7.81395615
"325" 2017 14.8 6.508744
"326" 2017 6 2.77812
"327" 2017 3 1.454775
"328" 2017 2 1.01069
"329" 2017 1 0.524185
"330" 2017 2 1.08279
"331" 2017 0 0
"332" 2017 0 0
"333" 2017 0 0
"334" 2018 6163 17.19477
"335" 2018 6319 1.01104
"336" 2018 6495 0
"337" 2018 6649 0
"338" 2018 6631 0.53048
"339" 2018 6531 1.04496
"340" 2018 6417 0.51336
"341" 2018 6725 0
"342" 2018 6554 0.52432
"343" 2018 6557 0.52456
"344" 2018 6508 1.07382
"345" 2018 6454 1.06491
"346" 2018 6415 0
"347" 2018 6397 0.51176
"348" 2018 6307 1.482145
"349" 2018 6378 1.49883
"350" 2018 6442 0.99851
"351" 2018 6863 2.53931
"352" 2018 6765 2.50305
"353" 2018 6665 0.99975
"354" 2018 7159 2.57724
"355" 2018 7358 2.61209
"356" 2018 7344 2.09304
"357" 2018 7794 2.22129
"358" 2018 8181 1.104435
"359" 2018 8538 1.62222
"360" 2018 8516 2.59738
"361" 2018 9191 3.262805
"362" 2018 9110 3.78065
"363" 2018 9369 4.450275
"364" 2018 9155 3.20425
"365" 2018 9351 1.58967
"366" 2018 9192 1.01112
"367" 2018 9268 2.5487
"368" 2018 9306 4.69953
"369" 2018 9578 4.88478
"370" 2018 9489 5.361285
"371" 2018 9530 7.624
"372" 2018 9289 6.40941
"373" 2018 9233 7.432565
"374" 2018 9284 8.68054
"375" 2018 9039 7.41198
"376" 2018 9092 11.22862
"377" 2018 8952 13.428
"378" 2018 8888 13.50976
"379" 2018 9021 14.027655
"380" 2018 9345 13.73715
"381" 2018 9161 13.00862
"382" 2018 9325 12.77525
"383" 2018 9350 13.9315
"384" 2018 9415 22.454775
"385" 2018 9278 24.72587
"386" 2018 9293 29.18002
"387" 2018 9188 27.74776
"388" 2018 8916 23.22618
"389" 2018 8519 32.414795
"390" 2018 8256 32.73504
"391" 2018 7915 36.5673
"392" 2018 7670 40.30585
"393" 2018 7374 37.38618
"394" 2018 7035 39.6774
"395" 2018 6736 39.70872
"396" 2018 6349 47.6175
"397" 2018 6271 60.170245
"398" 2018 5939 58.49915
"399" 2018 5698 54.47288
"400" 2018 5128 54.8696
"401" 2018 5240 64.6092
"402" 2018 5109 70.96401
"403" 2018 4972 72.01942
"404" 2018 4667 78.07891
"405" 2018 4368 78.42744
"406" 2018 3784 74.8286
"407" 2018 3709 85.60372
"408" 2018 3700 93.1845
"409" 2018 3519 100.85454
"410" 2018 3188 98.55702
"411" 2018 3132 106.22178
"412" 2018 3261 113.8089
"413" 2018 2977 114.6145
"414" 2018 2732 125.8769
"415" 2018 2599 136.1876
"416" 2018 2401 142.919525
"417" 2018 2215 149.6011
"418" 2018 2055 157.279425
"419" 2018 1894 164.03934
"420" 2018 1832.62 179.3401932
"421" 2018 1603.37 176.97196375
"422" 2018 1461.57 181.59276465
"423" 2018 1139.46 159.0059457
"424" 2018 971.78 151.9232263
"425" 2018 762.4 133.145536
"426" 2018 602 117.05589
"427" 2018 411.53 88.7711363
"428" 2018 304.08 72.469866
"429" 2018 216.33 56.7065829
"430" 2018 177.51 50.9311692
"431" 2018 110.19 34.42721265
"432" 2018 67.14 22.7181618
"433" 2018 30.53 11.125132
"434" 2018 26.74 10.4336806
"435" 2018 17.11 7.10775065
"436" 2018 12.81 5.6335818
"437" 2018 8.8 4.074576
"438" 2018 3 1.454775
"439" 2018 1 0.505345
"440" 2018 2 1.04837
"441" 2018 0 0
"442" 2018 1 0.55698
"443" 2018 0 0
"444" 2018 0 0
"445" 2019 6328 17.65512
"446" 2019 6433 1.02928
"447" 2019 6489 0
"448" 2019 6590 0
"449" 2019 6752 0.54016
"450" 2019 6730 1.0768
"451" 2019 6663 0.53304
"452" 2019 6507 0
"453" 2019 6821 0.54568
"454" 2019 6634 0.53072
"455" 2019 6634 1.09461
"456" 2019 6550 1.08075
"457" 2019 6528 0
"458" 2019 6456 0.51648
"459" 2019 6492 1.52562
"460" 2019 6343 1.490605
"461" 2019 6414 0.99417
"462" 2019 6515 2.41055
"463" 2019 7016 2.59592
"464" 2019 6918 1.0377
"465" 2019 6895 2.4822
"466" 2019 7365 2.614575
"467" 2019 7632 2.17512
"468" 2019 7804 2.22414
"469" 2019 8342 1.12617
"470" 2019 8807 1.67333
"471" 2019 9148 2.79014
"472" 2019 9022 3.20281
"473" 2019 9665 4.010975
"474" 2019 9483 4.504425
"475" 2019 9733 3.40655
"476" 2019 9528 1.61976
"477" 2019 9674 1.06414
"478" 2019 9440 2.596
"479" 2019 9488 4.79144
"480" 2019 9534 4.86234
"481" 2019 9752 5.50988
"482" 2019 9635 7.708
"483" 2019 9769 6.74061
"484" 2019 9421 7.583905
"485" 2019 9402 8.79087
"486" 2019 9413 7.71866
"487" 2019 9116 11.25826
"488" 2019 9195 13.7925
"489" 2019 9051 13.75752
"490" 2019 8972 13.95146
"491" 2019 9164 13.47108
"492" 2019 9430 13.3906
"493" 2019 9227 12.64099
"494" 2019 9390 13.9911
"495" 2019 9430 22.49055
"496" 2019 9491 25.293515
"497" 2019 9287 29.16118
"498" 2019 9322 28.15244
"499" 2019 9165 23.874825
"500" 2019 8922 33.94821
"501" 2019 8493 33.674745
"502" 2019 8247 38.10114
"503" 2019 7854 41.27277
"504" 2019 7614 38.60298
"505" 2019 7310 41.2284
"506" 2019 6970 41.08815
"507" 2019 6688 50.16
"508" 2019 6281 60.266195
"509" 2019 6182 60.8927
"510" 2019 5842 55.84952
"511" 2019 5628 60.2196
"512" 2019 5054 62.31582
"513" 2019 5166 71.75574
"514" 2019 5022 72.74367
"515" 2019 4892 81.84316
"516" 2019 4575 82.144125
"517" 2019 4278 84.59745
"518" 2019 3696 85.30368
"519" 2019 3633 91.497105
"520" 2019 3588 102.83208
"521" 2019 3413 105.512895
"522" 2019 3104 105.27216
"523" 2019 3025 105.5725
"524" 2019 3130 120.505
"525" 2019 2872 132.3274
"526" 2019 2626 137.6024
"527" 2019 2478 147.50295
"528" 2019 2232 150.74928
"529" 2019 2062 157.81517
"530" 2019 1881 162.91341
"531" 2019 1727 169.00422
"532" 2019 1657.62 182.9598075
"533" 2019 1434.37 178.21330065
"534" 2019 1289.57 179.95304565
"535" 2019 972.46 152.0295341
"536" 2019 810.78 141.5946192
"537" 2019 639.4 124.328133
"538" 2019 472 101.81512
"539" 2019 322.53 76.86696225
"540" 2019 246.08 64.5049504
"541" 2019 163.33 46.8626436
"542" 2019 134.51 42.02563185
"543" 2019 83.19 28.1490003
"544" 2019 47.14 17.177816
"545" 2019 18.53 7.2302207
"546" 2019 16.74 6.9540471
"547" 2019 11.11 4.8859558
"548" 2019 8.81 4.0792062
"549" 2019 6.8 3.29749
"550" 2019 2 1.01069
"551" 2019 0 0
"552" 2019 2 1.08279
"553" 2019 0 0
"554" 2019 1 0.782185
"555" 2019 0 0
"556" 2020 6356 17.73324
"557" 2020 6604 1.05664
"558" 2020 6645 0
"559" 2020 6653 0
"560" 2020 6724 0.53792
"561" 2020 6837 1.09392
"562" 2020 6878 0.55024
"563" 2020 6749 0
"564" 2020 6609 0.52872
"565" 2020 6921 0.55368
"566" 2020 6687 1.103355
"567" 2020 6724 1.10946
"568" 2020 6593 0
"569" 2020 6598 0.52784
"570" 2020 6499 1.527265
"571" 2020 6528 1.53408
"572" 2020 6435 0.997425
"573" 2020 6499 2.40463
"574" 2020 6674 2.46938
"575" 2020 7195 1.07925
"576" 2020 7140 2.5704
"577" 2020 7113 2.525115
"578" 2020 7728 2.20248
"579" 2020 8116 2.31306
"580" 2020 8443 1.139805
"581" 2020 8949 1.70031
"582" 2020 9336 2.84748
"583" 2020 9685 3.438175
"584" 2020 9499 3.942085
"585" 2020 10104 4.7994
"586" 2020 9838 3.4433
"587" 2020 10090 1.7153
"588" 2020 9849 1.08339
"589" 2020 9989 2.746975
"590" 2020 9667 4.881835
"591" 2020 9708 4.95108
"592" 2020 9787 5.529655
"593" 2020 9922 7.9376
"594" 2020 9807 6.76683
"595" 2020 9927 7.991235
"596" 2020 9530 8.91055
"597" 2020 9518 7.80476
"598" 2020 9555 11.800425
"599" 2020 9220 13.83
"600" 2020 9235 14.0372
"601" 2020 9170 14.25935
"602" 2020 8980 13.2006
"603" 2020 9231 13.10802
"604" 2020 9489 12.99993
"605" 2020 9264 13.80336
"606" 2020 9426 22.48101
"607" 2020 9481 25.266865
"608" 2020 9503 29.83942
"609" 2020 9256 27.95312
"610" 2020 9334 24.31507
"611" 2020 9180 34.9299
"612" 2020 8898 35.28057
"613" 2020 8494 39.24228
"614" 2020 8181 42.991155
"615" 2020 7796 39.52572
"616" 2020 7547 42.56508
"617" 2020 7219 42.556005
"618" 2020 6865 51.4875
"619" 2020 6606 63.38457
"620" 2020 6238 61.4443
"621" 2020 6095 58.2682
"622" 2020 5781 61.8567
"623" 2020 5539 68.29587
"624" 2020 5019 69.71391
"625" 2020 5076 73.52586
"626" 2020 4937 82.59601
"627" 2020 4811 86.381505
"628" 2020 4502 89.02705
"629" 2020 4199 96.91292
"630" 2020 3611 90.943035
"631" 2020 3557 101.94362
"632" 2020 3499 108.171585
"633" 2020 3320 112.5978
"634" 2020 3011 105.0839
"635" 2020 2905 111.8425
"636" 2020 3012 138.7779
"637" 2020 2744 143.7856
"638" 2020 2508 149.2887
"639" 2020 2328 157.23312
"640" 2020 2076 158.88666
"641" 2020 1904 164.90544
"642" 2020 1699 166.26414
"643" 2020 1551 171.191625
"644" 2020 1477.62 183.5868969
"645" 2020 1276.37 178.11105165
"646" 2020 1119.57 175.02797595
"647" 2020 829.46 144.8568944
"648" 2020 652.78 126.9298071
"649" 2020 512.4 110.529804
"650" 2020 377 89.848525
"651" 2020 258.53 67.7684689
"652" 2020 198.08 56.8331136
"653" 2020 123.33 38.53260855
"654" 2020 99.51 33.6711987
"655" 2020 59.19 21.568836
"656" 2020 28.14 10.9799466
"657" 2020 12.53 5.20514995
"658" 2020 10.74 4.7232372
"659" 2020 8.11 3.7550922
"660" 2020 5.81 2.81741425
"661" 2020 4.8 2.425656
"662" 2020 0 0
"663" 2020 0 0
"664" 2020 0 0
"665" 2020 0 0
"666" 2020 0 0
"667" 2021 6490 18.1071
"668" 2021 6571 1.05136
"669" 2021 6705 0
"670" 2021 6763 0
"671" 2021 6726 0.53808
"672" 2021 6784 1.08544
"673" 2021 6947 0.55576
"674" 2021 6961 0
"675" 2021 6876 0.55008
"676" 2021 6691 0.53528
"677" 2021 6957 1.147905
"678" 2021 6771 1.117215
"679" 2021 6816 0
"680" 2021 6691 0.53528
"681" 2021 6646 1.56181
"682" 2021 6534 1.53549
"683" 2021 6566 1.01773
"684" 2021 6499 2.40463
"685" 2021 6648 2.45976
"686" 2021 6824 1.0236
"687" 2021 7362 2.65032
"688" 2021 7266 2.57943
"689" 2021 7363 2.098455
"690" 2021 8153 2.323605
"691" 2021 8570 1.15695
"692" 2021 8877 1.68663
"693" 2021 9276 2.82918
"694" 2021 9669 3.432495
"695" 2021 10014 4.15581
"696" 2021 9764 4.6379
"697" 2021 10340 3.619
"698" 2021 10112 1.71904
"699" 2021 10341 1.13751
"700" 2021 10056 2.7654
"701" 2021 10201 5.151505
"702" 2021 9780 4.9878
"703" 2021 9830 5.55395
"704" 2021 9848 7.8784
"705" 2021 10022 6.91518
"706" 2021 9905 7.973525
"707" 2021 9999 9.349065
"708" 2021 9627 7.89414
"709" 2021 9630 11.89305
"710" 2021 9645 14.4675
"711" 2021 9289 14.11928
"712" 2021 9305 14.469275
"713" 2021 9221 13.55487
"714" 2021 9015 12.8013
"715" 2021 9247 12.66839
"716" 2021 9473 14.11477
"717" 2021 9274 22.11849
"718" 2021 9451 25.186915
"719" 2021 9494 29.81116
"720" 2021 9496 28.67792
"721" 2021 9242 24.07541
"722" 2021 9303 35.397915
"723" 2021 9168 36.35112
"724" 2021 8848 40.87776
"725" 2021 8436 44.33118
"726" 2021 8104 41.08728
"727" 2021 7698 43.41672
"728" 2021 7430 43.79985
"729" 2021 7120 53.4
"730" 2021 6788 65.13086
"731" 2021 6475 63.77875
"732" 2021 6121 58.51676
"733" 2021 5981 63.9967
"734" 2021 5696 70.23168
"735" 2021 5438 75.53382
"736" 2021 4934 71.46899
"737" 2021 4972 83.18156
"738" 2021 4844 86.97402
"739" 2021 4700 92.9425
"740" 2021 4391 101.34428
"741" 2021 4097 103.182945
"742" 2021 3506 100.48196
"743" 2021 3471 107.305965
"744" 2021 3375 114.463125
"745" 2021 3195 111.5055
"746" 2021 2890 111.265
"747" 2021 2785 128.318875
"748" 2021 2856 149.6544
"749" 2021 2612 155.4793
"750" 2021 2357 159.19178
"751" 2021 2172 166.23402
"752" 2021 1919 166.20459
"753" 2021 1741 170.37426
"754" 2021 1523 168.101125
"755" 2021 1369 170.091405
"756" 2021 1288.62 179.8204779
"757" 2021 1087.37 169.99398895
"758" 2021 937.57 163.7372248
"759" 2021 660.46 128.4231447
"760" 2021 523.78 112.9845838
"761" 2021 397.4 94.710355
"762" 2021 297 77.85261
"763" 2021 194.53 55.8145476
"764" 2021 142.08 44.3907648
"765" 2021 91.33 30.9033321
"766" 2021 70.51 25.693844
"767" 2021 34.19 13.3405961
"768" 2021 20.14 8.3664581
"769" 2021 8.53 3.7513234
"770" 2021 3.74 1.7316948
"771" 2021 4.11 1.99304175
"772" 2021 2.81 1.42001945
"773" 2021 0.8 0.419348
"774" 2021 0 0
"775" 2021 0 0
"776" 2021 0 0
"777" 2021 0 0
