"year" "population" "expected"
"1" 2015 52700 82.212
"2" 2015 48200 6.507
"3" 2015 52850 8.456
"4" 2015 59650 7.158
"5" 2015 60250 3.615
"6" 2015 58500 4.095
"7" 2015 57750 3.17625
"8" 2015 53900 4.5815
"9" 2015 51200 4.864
"10" 2015 49600 3.968
"11" 2015 47750 3.3425
"12" 2015 51200 2.56
"13" 2015 53400 4.539
"14" 2015 57250 5.43875
"15" 2015 60750 4.86
"16" 2015 61350 4.2945
"17" 2015 66300 5.6355
"18" 2015 74800 10.846
"19" 2015 83450 14.60375
"20" 2015 88550 19.481
"21" 2015 86700 21.675
"22" 2015 86750 22.12125
"23" 2015 88650 23.49225
"24" 2015 91800 23.409
"25" 2015 95850 19.64925
"26" 2015 100550 22.121
"27" 2015 101200 26.818
"28" 2015 98900 23.736
"29" 2015 103700 26.962
"30" 2015 109950 34.0845
"31" 2015 112450 43.8555
"32" 2015 115700 45.7015
"33" 2015 116150 41.814
"34" 2015 116550 43.1235
"35" 2015 118050 44.26875
"36" 2015 115450 49.6435
"37" 2015 111100 54.9945
"38" 2015 109050 60.52275
"39" 2015 109250 77.02125
"40" 2015 112950 95.44275
"41" 2015 115900 108.3665
"42" 2015 116150 118.473
"43" 2015 114550 131.7325
"44" 2015 115150 142.786
"45" 2015 116450 144.98025
"46" 2015 114950 142.538
"47" 2015 114600 154.71
"48" 2015 111950 172.403
"49" 2015 113700 200.6805
"50" 2015 123300 241.668
"51" 2015 130700 282.9655
"52" 2015 136550 324.989
"53" 2015 132800 326.024
"54" 2015 126950 347.20825
"55" 2015 129800 386.155
"56" 2015 128500 418.91
"57" 2015 125400 469.623
"58" 2015 121800 509.124
"59" 2015 115650 525.62925
"60" 2015 109200 533.442
"61" 2015 103500 554.2425
"62" 2015 96350 560.27525
"63" 2015 90450 570.7395
"64" 2015 88400 583.44
"65" 2015 88300 635.76
"66" 2015 84600 717.831
"67" 2015 77400 710.145
"68" 2015 71600 708.482
"69" 2015 60450 631.40025
"70" 2015 50650 544.74075
"71" 2015 48000 619.92
"72" 2015 43600 663.156
"73" 2015 39350 669.93375
"74" 2015 39650 720.24225
"75" 2015 42000 806.19
"76" 2015 43950 958.989
"77" 2015 44450 1085.24675
"78" 2015 43000 1193.895
"79" 2015 40400 1263.308
"80" 2015 37600 1286.484
"81" 2015 37100 1391.8065
"82" 2015 36500 1582.64
"83" 2015 32800 1630.816
"84" 2015 30600 1621.188
"85" 2015 31834 1790.6625
"86" 2015 27416.82 1671.055179
"87" 2015 23552.02 1615.1975316
"88" 2015 20406.92 1598.1679398
"89" 2015 17241.8 1552.537881
"90" 2015 14347.82 1485.0711091
"91" 2015 11832.06 1372.1639982
"92" 2015 9444.9 1191.1435635
"93" 2015 7508.28 1034.1154044
"94" 2015 6014.74 944.0435167
"95" 2015 4609.92 798.0463008
"96" 2015 3379.39 629.93519295
"97" 2015 2477.4 507.049458
"98" 2015 1844.01 413.0951202
"99" 2015 1346.87 329.14135625
"100" 2015 971.18 257.9551198
"101" 2015 623.97 179.43193305
"102" 2015 402.37 124.7588422
"103" 2015 265.12 88.2571224
"104" 2015 172.65 61.43663925
"105" 2015 102.69 38.8876761
"106" 2015 55.46 22.2508293
"107" 2015 31.3 13.245221
"108" 2015 16.96 7.537024
"109" 2015 8.81 4.0942713
"110" 2015 4.26 3.1410045
"111" 2015 2.19 2.19
"112" 2016 54350 84.786
"113" 2016 54200 7.317
"114" 2016 51950 8.312
"115" 2016 56850 6.822
"116" 2016 63300 3.798
"117" 2016 62500 4.375
"118" 2016 58850 3.23675
"119" 2016 57800 4.913
"120" 2016 54450 5.17275
"121" 2016 51900 4.152
"122" 2016 50700 3.549
"123" 2016 49850 2.4925
"124" 2016 52250 4.44125
"125" 2016 53000 5.035
"126" 2016 56500 4.52
"127" 2016 60750 4.2525
"128" 2016 61650 5.24025
"129" 2016 67050 9.72225
"130" 2016 76700 13.4225
"131" 2016 85500 18.81
"132" 2016 86850 21.7125
"133" 2016 87600 22.338
"134" 2016 89000 23.585
"135" 2016 90450 23.06475
"136" 2016 93000 19.065
"137" 2016 98400 21.648
"138" 2016 103450 27.41425
"139" 2016 103300 24.792
"140" 2016 100900 26.234
"141" 2016 105850 32.8135
"142" 2016 111600 43.524
"143" 2016 113600 44.872
"144" 2016 117500 42.3
"145" 2016 117950 43.6415
"146" 2016 117350 44.00625
"147" 2016 118700 51.041
"148" 2016 115900 57.3705
"149" 2016 111150 61.68825
"150" 2016 109850 77.44425
"151" 2016 109700 92.6965
"152" 2016 112250 104.95375
"153" 2016 115450 117.759
"154" 2016 117000 134.55
"155" 2016 115250 142.91
"156" 2016 114100 142.0545
"157" 2016 115750 143.53
"158" 2016 115000 155.25
"159" 2016 114100 175.714
"160" 2016 110750 195.47375
"161" 2016 112850 221.186
"162" 2016 123050 266.40325
"163" 2016 130600 310.828
"164" 2016 136550 335.23025
"165" 2016 132300 361.8405
"166" 2016 126600 376.635
"167" 2016 129300 421.518
"168" 2016 127400 477.113
"169" 2016 124600 520.828
"170" 2016 120600 548.127
"171" 2016 114750 560.55375
"172" 2016 108550 581.28525
"173" 2016 102700 597.2005
"174" 2016 95550 602.9205
"175" 2016 89900 593.34
"176" 2016 87900 632.88
"177" 2016 87850 745.40725
"178" 2016 83700 767.9475
"179" 2016 76300 754.9885
"180" 2016 71200 743.684
"181" 2016 60350 649.06425
"182" 2016 50000 645.75
"183" 2016 46750 711.0675
"184" 2016 43100 733.7775
"185" 2016 38650 702.07725
"186" 2016 38750 743.80625
"187" 2016 41650 908.803
"188" 2016 42700 1042.5205
"189" 2016 42900 1191.1185
"190" 2016 41500 1297.705
"191" 2016 39200 1341.228
"192" 2016 36250 1359.91875
"193" 2016 35450 1537.112
"194" 2016 34850 1732.742
"195" 2016 31150 1650.327
"196" 2016 28900 1625.625
"197" 2016 30113.77 1835.4342815
"198" 2016 25745.2 1765.605816
"199" 2016 21932.97 1717.68054555
"200" 2016 18817.4 1694.412783
"201" 2016 15694.07 1624.41471535
"202" 2016 12853.6 1490.631992
"203" 2016 10470.05 1320.43035575
"204" 2016 8253.79 1136.7944967
"205" 2016 6472.86 1015.9477413
"206" 2016 5080.54 879.5176821
"207" 2016 3809.54 710.1173037
"208" 2016 2754.62 563.7880754
"209" 2016 1964.38 440.0604076
"210" 2016 1433.09 350.21136875
"211" 2016 1022.94 271.7030934
"212" 2016 711.92 204.7232748
"213" 2016 438 135.80628
"214" 2016 272.87 90.83705865
"215" 2016 173.53 61.74978285
"216" 2016 109.08 41.3075052
"217" 2016 62.32 25.0030956
"218" 2016 32.11 13.5879887
"219" 2016 17.36 7.714784
"220" 2016 8.85 4.1128605
"221" 2016 4.09 3.01565925
"222" 2016 2.72 2.72
"223" 2017 52400 81.744
"224" 2017 55400 7.479
"225" 2017 54750 8.76
"226" 2017 54100 6.492
"227" 2017 59750 3.585
"228" 2017 65100 4.557
"229" 2017 62800 3.454
"230" 2017 57900 4.9215
"231" 2017 56750 5.39125
"232" 2017 54000 4.32
"233" 2017 52800 3.696
"234" 2017 52950 2.6475
"235" 2017 51200 4.352
"236" 2017 52050 4.94475
"237" 2017 52450 4.196
"238" 2017 56600 3.962
"239" 2017 60450 5.13825
"240" 2017 62500 9.0625
"241" 2017 68600 12.005
"242" 2017 78450 17.259
"243" 2017 83500 20.875
"244" 2017 87300 22.2615
"245" 2017 89550 23.73075
"246" 2017 90500 23.0775
"247" 2017 90950 18.64475
"248" 2017 94900 20.878
"249" 2017 100350 26.59275
"250" 2017 104800 25.152
"251" 2017 104450 27.157
"252" 2017 103100 31.961
"253" 2017 107500 41.925
"254" 2017 112550 44.45725
"255" 2017 115100 41.436
"256" 2017 118650 43.9005
"257" 2017 118800 44.55
"258" 2017 118950 51.1485
"259" 2017 119400 59.103
"260" 2017 116300 64.5465
"261" 2017 112350 79.20675
"262" 2017 111000 93.795
"263" 2017 110100 102.9435
"264" 2017 112500 114.75
"265" 2017 115850 133.2275
"266" 2017 118000 146.32
"267" 2017 115050 143.23725
"268" 2017 114650 142.166
"269" 2017 116000 156.6
"270" 2017 115350 177.639
"271" 2017 114000 201.21
"272" 2017 111100 217.756
"273" 2017 113450 245.61925
"274" 2017 123150 293.097
"275" 2017 130200 319.641
"276" 2017 135750 371.27625
"277" 2017 131750 391.95625
"278" 2017 127650 416.139
"279" 2017 128150 479.92175
"280" 2017 127000 530.86
"281" 2017 123750 562.44375
"282" 2017 120600 589.131
"283" 2017 114800 614.754
"284" 2017 108400 630.346
"285" 2017 102400 646.144
"286" 2017 95450 629.97
"287" 2017 89650 645.48
"288" 2017 87950 746.25575
"289" 2017 87250 800.51875
"290" 2017 82550 816.83225
"291" 2017 76400 797.998
"292" 2017 70850 761.99175
"293" 2017 59600 769.734
"294" 2017 49450 752.1345
"295" 2017 45750 778.89375
"296" 2017 42200 766.563
"297" 2017 38050 730.36975
"298" 2017 38400 837.888
"299" 2017 40300 983.9245
"300" 2017 41300 1146.6945
"301" 2017 41450 1296.1415
"302" 2017 40250 1377.15375
"303" 2017 37900 1421.8185
"304" 2017 34500 1495.92
"305" 2017 34050 1692.966
"306" 2017 32950 1745.691
"307" 2017 29500 1659.375
"308" 2017 27450 1673.0775
"309" 2017 28342.7 1943.742366
"310" 2017 24065.3 1884.6739695
"311" 2017 20336.22 1831.1749299
"312" 2017 17276.96 1788.2517448
"313" 2017 14245.74 1652.0784678
"314" 2017 11508.55 1451.40078325
"315" 2017 9232.08 1271.5343784
"316" 2017 7146.28 1121.6443774
"317" 2017 5495.2 951.301548
"318" 2017 4208.6 784.504083
"319" 2017 3092.68 632.9788156
"320" 2017 2193.27 491.3363454
"321" 2017 1529.83 373.85220625
"322" 2017 1085.09 288.2107549
"323" 2017 746.88 214.7765472
"324" 2017 498.86 154.6765316
"325" 2017 294.76 98.1241302
"326" 2017 175.91 62.59669395
"327" 2017 106.8 40.444092
"328" 2017 64.02 25.6851441
"329" 2017 34.56 14.6247552
"330" 2017 16.53 7.345932
"331" 2017 8.29 3.8526117
"332" 2017 3.71 2.73547575
"333" 2017 2.17 2.17
"334" 2018 49900 77.844
"335" 2018 53100 7.1685
"336" 2018 55550 8.888
"337" 2018 55900 6.708
"338" 2018 56100 3.366
"339" 2018 61850 4.3295
"340" 2018 66350 3.64925
"341" 2018 62800 5.338
"342" 2018 56800 5.396
"343" 2018 55800 4.464
"344" 2018 54650 3.8255
"345" 2018 56150 2.8075
"346" 2018 54650 4.64525
"347" 2018 51350 4.87825
"348" 2018 52050 4.164
"349" 2018 52550 3.6785
"350" 2018 56350 4.78975
"351" 2018 60600 8.787
"352" 2018 64050 11.20875
"353" 2018 70300 15.466
"354" 2018 75900 18.975
"355" 2018 83300 21.2415
"356" 2018 88900 23.5585
"357" 2018 91200 23.256
"358" 2018 91250 18.70625
"359" 2018 92300 20.306
"360" 2018 96750 25.63875
"361" 2018 101450 24.348
"362" 2018 105400 27.404
"363" 2018 105550 32.7205
"364" 2018 105050 40.9695
"365" 2018 108550 42.87725
"366" 2018 113750 40.95
"367" 2018 116150 42.9755
"368" 2018 119200 44.7
"369" 2018 120500 51.815
"370" 2018 120400 59.598
"371" 2018 120550 66.90525
"372" 2018 117700 82.9785
"373" 2018 113800 96.161
"374" 2018 112400 105.094
"375" 2018 111200 113.424
"376" 2018 112950 129.8925
"377" 2018 116350 144.274
"378" 2018 118800 147.906
"379" 2018 116150 144.026
"380" 2018 115750 156.2625
"381" 2018 116600 179.564
"382" 2018 116150 205.00475
"383" 2018 115000 225.4
"384" 2018 112500 243.5625
"385" 2018 114150 271.677
"386" 2018 122700 301.2285
"387" 2018 129000 352.815
"388" 2018 134750 400.88125
"389" 2018 132600 432.276
"390" 2018 128100 479.7345
"391" 2018 127700 533.786
"392" 2018 126750 576.07875
"393" 2018 123750 604.51875
"394" 2018 121400 650.097
"395" 2018 115250 670.17875
"396" 2018 108550 684.9505
"397" 2018 102500 676.5
"398" 2018 95650 688.68
"399" 2018 90050 764.07425
"400" 2018 87900 806.4825
"401" 2018 86550 856.41225
"402" 2018 82250 859.10125
"403" 2018 76300 820.6065
"404" 2018 70250 907.27875
"405" 2018 59050 898.1505
"406" 2018 48800 830.82
"407" 2018 44400 806.526
"408" 2018 41350 793.71325
"409" 2018 37700 822.614
"410" 2018 37400 913.121
"411" 2018 38800 1077.282
"412" 2018 39950 1249.2365
"413" 2018 39900 1365.1785
"414" 2018 38950 1461.20925
"415" 2018 36200 1569.632
"416" 2018 33150 1648.218
"417" 2018 32250 1708.605
"418" 2018 31050 1746.5625
"419" 2018 28050 1709.6475
"420" 2018 25850 1772.793
"421" 2018 26601.78 2083.3184007
"422" 2018 22388.65 2015.98598925
"423" 2018 18738.9 1939.5698445
"424" 2018 15740.32 1825.4049104
"425" 2018 12842.72 1619.6596328
"426" 2018 10248.23 1411.4887179
"427" 2018 8097.25 1270.90387375
"428" 2018 6162.84 1066.8800466
"429" 2018 4641.77 865.24913685
"430" 2018 3511.58 718.7150786
"431" 2018 2519.82 564.4900764
"432" 2018 1742.7 425.8723125
"433" 2018 1195.76 317.6058136
"434" 2018 819.55 235.67389575
"435" 2018 540.3 167.525418
"436" 2018 348.25 115.93068375
"437" 2018 197.77 70.37546565
"438" 2018 113.1 42.829839
"439" 2018 65.46 26.2628793
"440" 2018 37.31 15.7884727
"441" 2018 18.88 8.390272
"442" 2018 8.12 3.7736076
"443" 2018 3.83 2.82395475
"444" 2018 1.75 1.75
"445" 2019 47550 74.178
"446" 2019 50450 6.81075
"447" 2019 53450 8.552
"448" 2019 56300 6.756
"449" 2019 56900 3.414
"450" 2019 57850 4.0495
"451" 2019 63650 3.50075
"452" 2019 67800 5.763
"453" 2019 62800 5.966
"454" 2019 55700 4.456
"455" 2019 55300 3.871
"456" 2019 57950 2.8975
"457" 2019 58600 4.981
"458" 2019 54150 5.14425
"459" 2019 51650 4.132
"460" 2019 52150 3.6505
"461" 2019 52700 4.4795
"462" 2019 56400 8.178
"463" 2019 61150 10.70125
"464" 2019 66100 14.542
"465" 2019 67850 16.9625
"466" 2019 75800 19.329
"467" 2019 84850 22.48525
"468" 2019 90050 22.96275
"469" 2019 91650 18.78825
"470" 2019 92700 20.394
"471" 2019 94350 25.00275
"472" 2019 98400 23.616
"473" 2019 102550 26.663
"474" 2019 106000 32.86
"475" 2019 107150 41.7885
"476" 2019 107350 42.40325
"477" 2019 110150 39.654
"478" 2019 115100 42.587
"479" 2019 116800 43.8
"480" 2019 119800 51.514
"481" 2019 122050 60.41475
"482" 2019 122400 67.932
"483" 2019 122250 86.18625
"484" 2019 118850 100.42825
"485" 2019 115050 107.57175
"486" 2019 113550 115.821
"487" 2019 112400 129.26
"488" 2019 113550 140.802
"489" 2019 116900 145.5405
"490" 2019 119700 148.428
"491" 2019 117350 158.4225
"492" 2019 117100 180.334
"493" 2019 117200 206.858
"494" 2019 117150 229.614
"495" 2019 116100 251.3565
"496" 2019 113950 271.201
"497" 2019 114900 282.0795
"498" 2019 122150 334.08025
"499" 2019 128150 381.24625
"500" 2019 133800 436.188
"501" 2019 133400 499.583
"502" 2019 128750 538.175
"503" 2019 127200 578.124
"504" 2019 126250 616.73125
"505" 2019 123850 663.21675
"506" 2019 122150 710.30225
"507" 2019 115500 728.805
"508" 2019 108650 717.09
"509" 2019 102900 740.88
"510" 2019 95900 813.7115
"511" 2019 90300 828.5025
"512" 2019 87700 867.7915
"513" 2019 85600 894.092
"514" 2019 81850 880.29675
"515" 2019 76050 982.18575
"516" 2019 69200 1052.532
"517" 2019 58350 993.40875
"518" 2019 47950 871.01175
"519" 2019 42850 822.50575
"520" 2019 40400 881.528
"521" 2019 37150 907.01725
"522" 2019 36200 1005.093
"523" 2019 37300 1166.371
"524" 2019 38350 1312.14525
"525" 2019 38300 1436.8245
"526" 2019 37300 1617.328
"527" 2019 34600 1720.312
"528" 2019 31550 1671.519
"529" 2019 30400 1710
"530" 2019 29000 1767.55
"531" 2019 26450 1813.941
"532" 2019 24300 1903.0545
"533" 2019 24909.53 2242.97862885
"534" 2019 20744.44 2147.1532622
"535" 2019 17136.13 1987.2769961
"536" 2019 14262.94 1798.7706781
"537" 2019 11489.01 1582.3813473
"538" 2019 9045.72 1419.7709826
"539" 2019 7043.53 1219.34069595
"540" 2019 5255.75 979.69807875
"541" 2019 3895.7 797.332919
"542" 2019 2891.89 647.8411978
"543" 2019 2024.91 494.83738125
"544" 2019 1366.03 362.8312283
"545" 2019 914.02 262.8401613
"546" 2019 603.94 187.2576364
"547" 2019 386.48 128.6572596
"548" 2019 240.71 85.65544995
"549" 2019 131.59 49.8318171
"550" 2019 72.2 28.967001
"551" 2019 39.82 16.8506294
"552" 2019 21.54 9.572376
"553" 2019 10.08 4.6844784
"554" 2019 3.86 2.8460745
"555" 2019 2.01 2.01
"556" 2020 45700 71.292
"557" 2020 48050 6.48675
"558" 2020 50700 8.112
"559" 2020 53600 6.432
"560" 2020 56050 3.363
"561" 2020 56600 3.962
"562" 2020 58100 3.1955
"563" 2020 64100 5.4485
"564" 2020 66850 6.35075
"565" 2020 60750 4.86
"566" 2020 53100 3.717
"567" 2020 56650 2.8325
"568" 2020 61750 5.24875
"569" 2020 58300 5.5385
"570" 2020 53900 4.312
"571" 2020 51900 3.633
"572" 2020 52250 4.44125
"573" 2020 53050 7.69225
"574" 2020 56200 9.835
"575" 2020 62650 13.783
"576" 2020 64600 16.15
"577" 2020 67400 17.187
"578" 2020 76400 20.246
"579" 2020 84550 21.56025
"580" 2020 88850 18.21425
"581" 2020 92500 20.35
"582" 2020 94150 24.94975
"583" 2020 95700 22.968
"584" 2020 99500 25.87
"585" 2020 103200 31.992
"586" 2020 106350 41.4765
"587" 2020 108550 42.87725
"588" 2020 109200 39.312
"589" 2020 111050 41.0885
"590" 2020 115800 43.425
"591" 2020 117050 50.3315
"592" 2020 119900 59.3505
"593" 2020 123100 68.3205
"594" 2020 123900 87.3495
"595" 2020 123000 103.935
"596" 2020 119400 111.639
"597" 2020 115550 117.861
"598" 2020 114200 131.33
"599" 2020 113150 140.306
"600" 2020 113900 141.8055
"601" 2020 117300 145.452
"602" 2020 120300 162.405
"603" 2020 118650 182.721
"604" 2020 118050 208.35825
"605" 2020 117700 230.692
"606" 2020 117200 253.738
"607" 2020 115950 275.961
"608" 2020 114200 280.361
"609" 2020 114650 313.56775
"610" 2020 120850 359.52875
"611" 2020 126350 411.901
"612" 2020 133250 499.02125
"613" 2020 133850 559.493
"614" 2020 128950 586.07775
"615" 2020 126250 616.73125
"616" 2020 125350 671.24925
"617" 2020 123800 719.897
"618" 2020 122400 772.344
"619" 2020 115300 760.98
"620" 2020 108450 780.84
"621" 2020 102550 870.13675
"622" 2020 95700 878.0475
"623" 2020 89600 886.592
"624" 2020 86600 904.537
"625" 2020 83950 902.88225
"626" 2020 80400 1038.366
"627" 2020 74950 1139.9895
"628" 2020 67350 1146.63375
"629" 2020 57100 1037.2215
"630" 2020 46650 895.44675
"631" 2020 40800 890.256
"632" 2020 38950 950.96425
"633" 2020 36400 1010.646
"634" 2020 34850 1089.7595
"635" 2020 35550 1216.34325
"636" 2020 36400 1365.546
"637" 2020 36450 1580.472
"638" 2020 35550 1767.546
"639" 2020 32800 1737.744
"640" 2020 29800 1676.25
"641" 2020 28450 1734.0275
"642" 2020 26850 1841.373
"643" 2020 24850 1946.12775
"644" 2020 22750 2048.52375
"645" 2020 23168.29 2398.03385645
"646" 2020 19127.77 2218.2474869
"647" 2020 15626.66 1970.7562259
"648" 2020 12802.2 1763.247006
"649" 2020 10158.48 1594.4242284
"650" 2020 7860.36 1360.7462214
"651" 2020 6020.25 1122.20470125
"652" 2020 4415.66 903.7531322
"653" 2020 3205.58 718.1140316
"654" 2020 2352.12 574.799325
"655" 2020 1631.81 433.4250541
"656" 2020 1061.1 305.1352215
"657" 2020 675.29 209.3804174
"658" 2020 434.36 144.5962722
"659" 2020 270.68 96.3201246
"660" 2020 163.42 61.8855198
"661" 2020 86.32 34.6320156
"662" 2020 45.62 19.3050154
"663" 2020 23.98 10.656712
"664" 2020 12.3 5.716179
"665" 2020 5.43 4.00367475
"666" 2020 2.38 2.38
"667" 2021 42973.19 67.0381764
"668" 2021 45672.25 6.16575375
"669" 2021 48042.79 7.6868464
"670" 2021 50693.37 6.0832044
"671" 2021 53591.33 3.2154798
"672" 2021 56044.39 3.9231073
"673" 2021 56597.48 3.1128614
"674" 2021 58097.73 4.93830705
"675" 2021 64094.1 6.0889395
"676" 2021 66845.16 5.3476128
"677" 2021 60745.31 4.2521717
"678" 2021 53093.58 2.654679
"679" 2021 56645.57 4.81487345
"680" 2021 61744.84 5.8657598
"681" 2021 58292.92 4.6634336
"682" 2021 53894.7 3.772629
"683" 2021 51891.74 4.4107979
"684" 2021 52238.68 7.5746086
"685" 2021 53040.55 9.28209625
"686" 2021 56190.67 12.3619474
"687" 2021 62632.41 15.6581025
"688" 2021 64582.6 16.468563
"689" 2021 67384.61 17.85692165
"690" 2021 76382.85 19.47762675
"691" 2021 84531.45 17.32894725
"692" 2021 88828.18 19.5421996
"693" 2021 92475.09 24.50589885
"694" 2021 94119.2 22.588608
"695" 2021 95670.78 24.8744028
"696" 2021 99466.83 30.8347173
"697" 2021 103168.98 40.2359022
"698" 2021 106320.89 41.99675155
"699" 2021 108512.33 39.0644388
"700" 2021 109159.96 40.3891852
"701" 2021 111010.43 41.62891125
"702" 2021 115753.4 49.773962
"703" 2021 116993.95 57.91200525
"704" 2021 119838.34 66.5102787
"705" 2021 123032.98 86.7382509
"706" 2021 123827.42 104.6341699
"707" 2021 122922.74 114.9327619
"708" 2021 119320.78 121.7071956
"709" 2021 115457.25 132.7758375
"710" 2021 114099.93 141.4839132
"711" 2021 113042.01 140.73730245
"712" 2021 113772.42 141.0778008
"713" 2021 117161.79 158.1684165
"714" 2021 120139.7 185.015138
"715" 2021 118475.88 209.1099282
"716" 2021 117865.95 231.017262
"717" 2021 117476.91 254.33751015
"718" 2021 116956.64 278.3568032
"719" 2021 115694.72 284.0305376
"720" 2021 113913.26 311.5527661
"721" 2021 114347.28 340.183158
"722" 2021 120471.51 392.7371226
"723" 2021 125915.76 471.5545212
"724" 2021 132773.32 554.9924776
"725" 2021 133353.87 606.09333915
"726" 2021 128422.32 627.3430332
"727" 2021 125675.76 672.9936948
"728" 2021 124766.54 725.5174301
"729" 2021 123166.02 777.1775862
"730" 2021 121746.93 803.529738
"731" 2021 114585.58 825.016176
"732" 2021 107717.59 913.98375115
"733" 2021 101812.9 934.1333575
"734" 2021 94927.7 939.3095915
"735" 2021 88778.34 927.2897613
"736" 2021 85684.7 921.5389485
"737" 2021 83021.49 1072.22254335
"738" 2021 79444.13 1208.3452173
"739" 2021 73987.87 1259.64348675
"740" 2021 66369.5 1205.6019675
"741" 2021 56201.94 1078.7962383
"742" 2021 45818.87 999.7677434
"743" 2021 39903.8 974.251277
"744" 2021 37994.66 1054.9217349
"745" 2021 35400.51 1106.9739477
"746" 2021 33796.1 1156.3335615
"747" 2021 34389.23 1290.11196345
"748" 2021 35116.44 1522.6488384
"749" 2021 35047.07 1742.5403204
"750" 2021 34031.95 1803.012711
"751" 2021 31228.63 1756.6104375
"752" 2021 28179.87 1717.5630765
"753" 2021 26711.9 1831.902102
"754" 2021 25011.06 1958.7411639
"755" 2021 23029.22 2073.6661149
"756" 2021 20947.62 2168.1834081
"757" 2021 21349.99 2475.9583403
"758" 2021 17443.11 2199.83781765
"759" 2021 14125.4 1945.491342
"760" 2021 11431.91 1794.29543405
"761" 2021 8921.77 1544.49221355
"762" 2021 6770.31 1262.01963555
"763" 2021 5100.31 1043.8804477
"764" 2021 3689.1 826.432182
"765" 2021 2645.69 646.54049375
"766" 2021 1887.79 501.4159019
"767" 2021 1261.71 362.82363615
"768" 2021 792.1 245.598526
"769" 2021 489.68 163.0120236
"770" 2021 306.09 108.92059605
"771" 2021 185.55 70.2659295
"772" 2021 108.18 43.4023569
"773" 2021 54.79 23.1854843
"774" 2021 27.58 12.256552
"775" 2021 13.51 6.2785023
"776" 2021 6.36 4.689387
"777" 2021 3.06 3.06
