"year" "population" "expected"
"1" 2015 52700 92.225
"2" 2015 48200 6.989
"3" 2015 52850 6.8705
"4" 2015 59650 7.158
"5" 2015 60250 5.12125
"6" 2015 58500 4.3875
"7" 2015 57750 4.33125
"8" 2015 53900 3.5035
"9" 2015 51200 3.328
"10" 2015 49600 3.472
"11" 2015 47750 3.58125
"12" 2015 51200 4.352
"13" 2015 53400 5.073
"14" 2015 57250 5.725
"15" 2015 60750 7.8975
"16" 2015 61350 8.28225
"17" 2015 66300 9.6135
"18" 2015 74800 14.212
"19" 2015 83450 18.359
"20" 2015 88550 20.3665
"21" 2015 86700 21.2415
"22" 2015 86750 22.12125
"23" 2015 88650 21.71925
"24" 2015 91800 22.95
"25" 2015 95850 25.40025
"26" 2015 100550 28.65675
"27" 2015 101200 30.36
"28" 2015 98900 29.67
"29" 2015 103700 31.11
"30" 2015 109950 33.53475
"31" 2015 112450 38.233
"32" 2015 115700 44.5445
"33" 2015 116150 44.137
"34" 2015 116550 48.36825
"35" 2015 118050 54.303
"36" 2015 115450 53.68425
"37" 2015 111100 56.661
"38" 2015 109050 63.249
"39" 2015 109250 69.37375
"40" 2015 112950 82.4535
"41" 2015 115900 96.197
"42" 2015 116150 106.858
"43" 2015 114550 118.55925
"44" 2015 115150 129.54375
"45" 2015 116450 137.99325
"46" 2015 114950 137.94
"47" 2015 114600 152.418
"48" 2015 111950 176.881
"49" 2015 113700 197.838
"50" 2015 123300 231.804
"51" 2015 130700 271.2025
"52" 2015 136550 305.872
"53" 2015 132800 326.688
"54" 2015 126950 354.1905
"55" 2015 129800 389.4
"56" 2015 128500 405.4175
"57" 2015 125400 442.662
"58" 2015 121800 479.283
"59" 2015 115650 491.5125
"60" 2015 109200 512.694
"61" 2015 103500 528.885
"62" 2015 96350 532.33375
"63" 2015 90450 553.10175
"64" 2015 88400 586.976
"65" 2015 88300 637.526
"66" 2015 84600 675.531
"67" 2015 77400 671.058
"68" 2015 71600 670.176
"69" 2015 60450 612.05625
"70" 2015 50650 555.37725
"71" 2015 48000 583.68
"72" 2015 43600 605.386
"73" 2015 39350 616.02425
"74" 2015 39650 697.24525
"75" 2015 42000 826.98
"76" 2015 43950 947.34225
"77" 2015 44450 1039.46325
"78" 2015 43000 1110.26
"79" 2015 40400 1179.074
"80" 2015 37600 1234.972
"81" 2015 37100 1346.359
"82" 2015 36500 1476.6075
"83" 2015 32800 1499.616
"84" 2015 30600 1549.431
"85" 2015 31834 1766.62783
"86" 2015 27416.82 1667.7651606
"87" 2015 23552.02 1550.0761963
"88" 2015 20406.92 1452.7686348
"89" 2015 17241.8 1358.740049
"90" 2015 14347.82 1265.6929413
"91" 2015 11832.06 1173.2079093
"92" 2015 9444.9 1053.9091665
"93" 2015 7508.28 936.0197262
"94" 2015 6014.74 842.965811
"95" 2015 4609.92 709.1439936
"96" 2015 3379.39 562.5670533
"97" 2015 2477.4 451.976856
"98" 2015 1844.01 367.79701455
"99" 2015 1346.87 292.91055325
"100" 2015 971.18 229.6160874
"101" 2015 623.97 159.8798331
"102" 2015 402.37 111.3599212
"103" 2015 265.12 78.97262
"104" 2015 172.65 55.14527325
"105" 2015 102.69 35.03423385
"106" 2015 55.46 20.1300389
"107" 2015 31.3 12.038293
"108" 2015 16.96 6.8842336
"109" 2015 8.81 3.7590508
"110" 2015 4.26 3.0606183
"111" 2015 2.19 2.19
"112" 2016 54350 95.1125
"113" 2016 54200 7.859
"114" 2016 51950 6.7535
"115" 2016 56850 6.822
"116" 2016 63300 5.3805
"117" 2016 62500 4.6875
"118" 2016 58850 4.41375
"119" 2016 57800 3.757
"120" 2016 54450 3.53925
"121" 2016 51900 3.633
"122" 2016 50700 3.8025
"123" 2016 49850 4.23725
"124" 2016 52250 4.96375
"125" 2016 53000 5.3
"126" 2016 56500 7.345
"127" 2016 60750 8.20125
"128" 2016 61650 8.93925
"129" 2016 67050 12.7395
"130" 2016 76700 16.874
"131" 2016 85500 19.665
"132" 2016 86850 21.27825
"133" 2016 87600 22.338
"134" 2016 89000 21.805
"135" 2016 90450 22.6125
"136" 2016 93000 24.645
"137" 2016 98400 28.044
"138" 2016 103450 31.035
"139" 2016 103300 30.99
"140" 2016 100900 30.27
"141" 2016 105850 32.28425
"142" 2016 111600 37.944
"143" 2016 113600 43.736
"144" 2016 117500 44.65
"145" 2016 117950 48.94925
"146" 2016 117350 53.981
"147" 2016 118700 55.1955
"148" 2016 115900 59.109
"149" 2016 111150 64.467
"150" 2016 109850 69.75475
"151" 2016 109700 80.081
"152" 2016 112250 93.1675
"153" 2016 115450 106.214
"154" 2016 117000 121.095
"155" 2016 115250 129.65625
"156" 2016 114100 135.2085
"157" 2016 115750 138.9
"158" 2016 115000 152.95
"159" 2016 114100 180.278
"160" 2016 110750 192.705
"161" 2016 112850 212.158
"162" 2016 123050 255.32875
"163" 2016 130600 292.544
"164" 2016 136550 335.913
"165" 2016 132300 369.117
"166" 2016 126600 379.8
"167" 2016 129300 407.9415
"168" 2016 127400 449.722
"169" 2016 124600 490.301
"170" 2016 120600 512.55
"171" 2016 114750 538.75125
"172" 2016 108550 554.6905
"173" 2016 102700 567.4175
"174" 2016 95550 584.28825
"175" 2016 89900 596.936
"176" 2016 87900 634.638
"177" 2016 87850 701.48225
"178" 2016 83700 725.679
"179" 2016 76300 714.168
"180" 2016 71200 720.9
"181" 2016 60350 661.73775
"182" 2016 50000 608
"183" 2016 46750 649.12375
"184" 2016 43100 674.7305
"185" 2016 38650 679.66025
"186" 2016 38750 762.9875
"187" 2016 41650 897.76575
"188" 2016 42700 998.5395
"189" 2016 42900 1107.678
"190" 2016 41500 1211.1775
"191" 2016 39200 1287.524
"192" 2016 36250 1315.5125
"193" 2016 35450 1434.12975
"194" 2016 34850 1593.342
"195" 2016 31150 1577.28025
"196" 2016 28900 1603.8055
"197" 2016 30113.77 1831.8206291
"198" 2016 25745.2 1694.420338
"199" 2016 21932.97 1561.4081343
"200" 2016 18817.4 1482.905207
"201" 2016 15694.07 1384.45238505
"202" 2016 12853.6 1274.498708
"203" 2016 10470.05 1168.30052925
"204" 2016 8253.79 1028.95873035
"205" 2016 6472.86 907.171329
"206" 2016 5080.54 781.5394682
"207" 2016 3809.54 634.1741238
"208" 2016 2754.62 502.5528728
"209" 2016 1964.38 391.8054129
"210" 2016 1433.09 311.66124775
"211" 2016 1022.94 241.8537042
"212" 2016 711.92 182.4152616
"213" 2016 438 121.22088
"214" 2016 272.87 81.28115125
"215" 2016 173.53 55.42634965
"216" 2016 109.08 37.2142782
"217" 2016 62.32 22.6199788
"218" 2016 32.11 12.3498271
"219" 2016 17.36 7.0465976
"220" 2016 8.85 3.776118
"221" 2016 4.09 2.93848095
"222" 2016 2.72 2.72
"223" 2017 52400 91.7
"224" 2017 55400 8.033
"225" 2017 54750 7.1175
"226" 2017 54100 6.492
"227" 2017 59750 5.07875
"228" 2017 65100 4.8825
"229" 2017 62800 4.71
"230" 2017 57900 3.7635
"231" 2017 56750 3.68875
"232" 2017 54000 3.78
"233" 2017 52800 3.96
"234" 2017 52950 4.50075
"235" 2017 51200 4.864
"236" 2017 52050 5.205
"237" 2017 52450 6.8185
"238" 2017 56600 7.641
"239" 2017 60450 8.76525
"240" 2017 62500 11.875
"241" 2017 68600 15.092
"242" 2017 78450 18.0435
"243" 2017 83500 20.4575
"244" 2017 87300 22.2615
"245" 2017 89550 21.93975
"246" 2017 90500 22.625
"247" 2017 90950 24.10175
"248" 2017 94900 27.0465
"249" 2017 100350 30.105
"250" 2017 104800 31.44
"251" 2017 104450 31.335
"252" 2017 103100 31.4455
"253" 2017 107500 36.55
"254" 2017 112550 43.33175
"255" 2017 115100 43.738
"256" 2017 118650 49.23975
"257" 2017 118800 54.648
"258" 2017 118950 55.31175
"259" 2017 119400 60.894
"260" 2017 116300 67.454
"261" 2017 112350 71.34225
"262" 2017 111000 81.03
"263" 2017 110100 91.383
"264" 2017 112500 103.5
"265" 2017 115850 119.90475
"266" 2017 118000 132.75
"267" 2017 115050 136.33425
"268" 2017 114650 137.58
"269" 2017 116000 154.28
"270" 2017 115350 182.253
"271" 2017 114000 198.36
"272" 2017 111100 208.868
"273" 2017 113450 235.40875
"274" 2017 123150 275.856
"275" 2017 130200 320.292
"276" 2017 135750 378.7425
"277" 2017 131750 395.25
"278" 2017 127650 402.73575
"279" 2017 128150 452.3695
"280" 2017 127000 499.745
"281" 2017 123750 525.9375
"282" 2017 120600 566.217
"283" 2017 114800 586.628
"284" 2017 108400 598.91
"285" 2017 102400 626.176
"286" 2017 95450 633.788
"287" 2017 89650 647.273
"288" 2017 87950 702.28075
"289" 2017 87250 756.4575
"290" 2017 82550 772.668
"291" 2017 76400 773.55
"292" 2017 70850 776.87025
"293" 2017 59600 724.736
"294" 2017 49450 686.61325
"295" 2017 45750 716.21625
"296" 2017 42200 742.087
"297" 2017 38050 749.2045
"298" 2017 38400 827.712
"299" 2017 40300 942.4155
"300" 2017 41300 1066.366
"301" 2017 41450 1209.71825
"302" 2017 40250 1322.01125
"303" 2017 37900 1375.391
"304" 2017 34500 1395.6975
"305" 2017 34050 1556.766
"306" 2017 32950 1668.42325
"307" 2017 29500 1637.1025
"308" 2017 27450 1669.7835
"309" 2017 28342.7 1865.3748005
"310" 2017 24065.3 1713.208707
"311" 2017 20336.22 1602.5958171
"312" 2017 17276.96 1524.0870264
"313" 2017 14245.74 1412.5363497
"314" 2017 11508.55 1284.18155175
"315" 2017 9232.08 1150.9172532
"316" 2017 7146.28 1001.551142
"317" 2017 5495.2 845.326616
"318" 2017 4208.6 700.605642
"319" 2017 3092.68 564.2285392
"320" 2017 2193.27 437.45866785
"321" 2017 1529.83 332.69977925
"322" 2017 1085.09 256.5478287
"323" 2017 746.88 191.3730624
"324" 2017 498.86 138.0644936
"325" 2017 294.76 87.801635
"326" 2017 175.91 56.18653355
"327" 2017 106.8 36.436422
"328" 2017 64.02 23.2370193
"329" 2017 34.56 13.2921216
"330" 2017 16.53 6.7096923
"331" 2017 8.29 3.5371772
"332" 2017 3.71 2.66546805
"333" 2017 2.17 2.17
"334" 2018 49900 87.325
"335" 2018 53100 7.6995
"336" 2018 55550 7.2215
"337" 2018 55900 6.708
"338" 2018 56100 4.7685
"339" 2018 61850 4.63875
"340" 2018 66350 4.97625
"341" 2018 62800 4.082
"342" 2018 56800 3.692
"343" 2018 55800 3.906
"344" 2018 54650 4.09875
"345" 2018 56150 4.77275
"346" 2018 54650 5.19175
"347" 2018 51350 5.135
"348" 2018 52050 6.7665
"349" 2018 52550 7.09425
"350" 2018 56350 8.17075
"351" 2018 60600 11.514
"352" 2018 64050 14.091
"353" 2018 70300 16.169
"354" 2018 75900 18.5955
"355" 2018 83300 21.2415
"356" 2018 88900 21.7805
"357" 2018 91200 22.8
"358" 2018 91250 24.18125
"359" 2018 92300 26.3055
"360" 2018 96750 29.025
"361" 2018 101450 30.435
"362" 2018 105400 31.62
"363" 2018 105550 32.19275
"364" 2018 105050 35.717
"365" 2018 108550 41.79175
"366" 2018 113750 43.225
"367" 2018 116150 48.20225
"368" 2018 119200 54.832
"369" 2018 120500 56.0325
"370" 2018 120400 61.404
"371" 2018 120550 69.919
"372" 2018 117700 74.7395
"373" 2018 113800 83.074
"374" 2018 112400 93.292
"375" 2018 111200 102.304
"376" 2018 112950 116.90325
"377" 2018 116350 130.89375
"378" 2018 118800 140.778
"379" 2018 116150 139.38
"380" 2018 115750 153.9475
"381" 2018 116600 184.228
"382" 2018 116150 202.101
"383" 2018 115000 216.2
"384" 2018 112500 233.4375
"385" 2018 114150 255.696
"386" 2018 122700 301.842
"387" 2018 129000 359.91
"388" 2018 134750 404.25
"389" 2018 132600 418.353
"390" 2018 128100 452.193
"391" 2018 127700 502.4995
"392" 2018 126750 538.6875
"393" 2018 123750 581.00625
"394" 2018 121400 620.354
"395" 2018 115250 636.75625
"396" 2018 108550 663.78325
"397" 2018 102500 680.6
"398" 2018 95650 690.593
"399" 2018 90050 719.04925
"400" 2018 87900 762.093
"401" 2018 86550 810.108
"402" 2018 82250 832.78125
"403" 2018 76300 836.6295
"404" 2018 70250 854.24
"405" 2018 59050 819.90925
"406" 2018 48800 763.964
"407" 2018 44400 780.774
"408" 2018 41350 814.1815
"409" 2018 37700 812.6235
"410" 2018 37400 874.599
"411" 2018 38800 1001.816
"412" 2018 39950 1165.94075
"413" 2018 39900 1310.5155
"414" 2018 38950 1413.4955
"415" 2018 36200 1464.471
"416" 2018 33150 1515.618
"417" 2018 32250 1632.97875
"418" 2018 31050 1723.11975
"419" 2018 28050 1706.2815
"420" 2018 25850 1701.31775
"421" 2018 26601.78 1893.7807182
"422" 2018 22388.65 1764.33756325
"423" 2018 18738.9 1653.0520635
"424" 2018 15740.32 1560.7314296
"425" 2018 12842.72 1433.0549112
"426" 2018 10248.23 1277.59559295
"427" 2018 8097.25 1134.8295875
"428" 2018 6162.84 948.0296772
"429" 2018 4641.77 772.7154519
"430" 2018 3511.58 640.6526552
"431" 2018 2519.82 502.5906981
"432" 2018 1742.7 378.9936825
"433" 2018 1195.76 282.7135368
"434" 2018 819.55 209.9932965
"435" 2018 540.3 149.533428
"436" 2018 348.25 103.73496875
"437" 2018 197.77 63.16872685
"438" 2018 113.1 38.5857615
"439" 2018 65.46 23.7596889
"440" 2018 37.31 14.3497991
"441" 2018 18.88 7.6635808
"442" 2018 8.12 3.4646416
"443" 2018 3.83 2.75168265
"444" 2018 1.75 1.75
"445" 2019 47550 83.2125
"446" 2019 50450 7.31525
"447" 2019 53450 6.9485
"448" 2019 56300 6.756
"449" 2019 56900 4.8365
"450" 2019 57850 4.33875
"451" 2019 63650 4.77375
"452" 2019 67800 4.407
"453" 2019 62800 4.082
"454" 2019 55700 3.899
"455" 2019 55300 4.1475
"456" 2019 57950 4.92575
"457" 2019 58600 5.567
"458" 2019 54150 5.415
"459" 2019 51650 6.7145
"460" 2019 52150 7.04025
"461" 2019 52700 7.6415
"462" 2019 56400 10.716
"463" 2019 61150 13.453
"464" 2019 66100 15.203
"465" 2019 67850 16.62325
"466" 2019 75800 19.329
"467" 2019 84850 20.78825
"468" 2019 90050 22.5125
"469" 2019 91650 24.28725
"470" 2019 92700 26.4195
"471" 2019 94350 28.305
"472" 2019 98400 29.52
"473" 2019 102550 30.765
"474" 2019 106000 32.33
"475" 2019 107150 36.431
"476" 2019 107350 41.32975
"477" 2019 110150 41.857
"478" 2019 115100 47.7665
"479" 2019 116800 53.728
"480" 2019 119800 55.707
"481" 2019 122050 62.2455
"482" 2019 122400 70.992
"483" 2019 122250 77.62875
"484" 2019 118850 86.7605
"485" 2019 115050 95.4915
"486" 2019 113550 104.466
"487" 2019 112400 116.334
"488" 2019 113550 127.74375
"489" 2019 116900 138.5265
"490" 2019 119700 143.64
"491" 2019 117350 156.0755
"492" 2019 117100 185.018
"493" 2019 117200 203.928
"494" 2019 117150 220.242
"495" 2019 116100 240.9075
"496" 2019 113950 255.248
"497" 2019 114900 282.654
"498" 2019 122150 340.7985
"499" 2019 128150 384.45
"500" 2019 133800 422.139
"501" 2019 133400 470.902
"502" 2019 128750 506.63125
"503" 2019 127200 540.6
"504" 2019 126250 592.74375
"505" 2019 123850 632.8735
"506" 2019 122150 674.87875
"507" 2019 115500 706.2825
"508" 2019 108650 721.436
"509" 2019 102900 742.938
"510" 2019 95900 765.7615
"511" 2019 90300 782.901
"512" 2019 87700 820.872
"513" 2019 85600 866.7
"514" 2019 81850 897.48525
"515" 2019 76050 924.768
"516" 2019 69200 960.842
"517" 2019 58350 913.46925
"518" 2019 47950 843.20075
"519" 2019 42850 843.7165
"520" 2019 40400 870.822
"521" 2019 37150 868.75275
"522" 2019 36200 934.684
"523" 2019 37300 1088.6005
"524" 2019 38350 1259.60575
"525" 2019 38300 1389.907
"526" 2019 37300 1508.9715
"527" 2019 34600 1581.912
"528" 2019 31550 1597.53425
"529" 2019 30400 1687.048
"530" 2019 29000 1764.07
"531" 2019 26450 1740.80675
"532" 2019 24300 1729.917
"533" 2019 24909.53 1962.99551165
"534" 2019 20744.44 1829.9707746
"535" 2019 17136.13 1699.13297015
"536" 2019 14262.94 1591.5301599
"537" 2019 11489.01 1432.27743165
"538" 2019 9045.72 1267.757658
"539" 2019 7043.53 1083.5062199
"540" 2019 5255.75 874.9247025
"541" 2019 3895.7 710.731508
"542" 2019 2891.89 576.80191995
"543" 2019 2024.91 440.36730225
"544" 2019 1366.03 322.9704729
"545" 2019 914.02 234.1993446
"546" 2019 603.94 167.1464344
"547" 2019 386.48 115.12273
"548" 2019 240.71 76.88397755
"549" 2019 131.59 44.89390235
"550" 2019 72.2 26.206073
"551" 2019 39.82 15.3151702
"552" 2019 21.54 8.7433014
"553" 2019 10.08 4.3009344
"554" 2019 3.86 2.7732363
"555" 2019 2.01 2.01
"556" 2020 45700 79.975
"557" 2020 48050 6.96725
"558" 2020 50700 6.591
"559" 2020 53600 6.432
"560" 2020 56050 4.76425
"561" 2020 56600 4.245
"562" 2020 58100 4.3575
"563" 2020 64100 4.1665
"564" 2020 66850 4.34525
"565" 2020 60750 4.2525
"566" 2020 53100 3.9825
"567" 2020 56650 4.81525
"568" 2020 61750 5.86625
"569" 2020 58300 5.83
"570" 2020 53900 7.007
"571" 2020 51900 7.0065
"572" 2020 52250 7.57625
"573" 2020 53050 10.0795
"574" 2020 56200 12.364
"575" 2020 62650 14.4095
"576" 2020 64600 15.827
"577" 2020 67400 17.187
"578" 2020 76400 18.718
"579" 2020 84550 21.1375
"580" 2020 88850 23.54525
"581" 2020 92500 26.3625
"582" 2020 94150 28.245
"583" 2020 95700 28.71
"584" 2020 99500 29.85
"585" 2020 103200 31.476
"586" 2020 106350 36.159
"587" 2020 108550 41.79175
"588" 2020 109200 41.496
"589" 2020 111050 46.08575
"590" 2020 115800 53.268
"591" 2020 117050 54.42825
"592" 2020 119900 61.149
"593" 2020 123100 71.398
"594" 2020 123900 78.6765
"595" 2020 123000 89.79
"596" 2020 119400 99.102
"597" 2020 115550 106.306
"598" 2020 114200 118.197
"599" 2020 113150 127.29375
"600" 2020 113900 134.9715
"601" 2020 117300 140.76
"602" 2020 120300 159.999
"603" 2020 118650 187.467
"604" 2020 118050 205.407
"605" 2020 117700 221.276
"606" 2020 117200 243.19
"607" 2020 115950 259.728
"608" 2020 114200 280.932
"609" 2020 114650 319.8735
"610" 2020 120850 362.55
"611" 2020 126350 398.63425
"612" 2020 133250 470.3725
"613" 2020 133850 526.69975
"614" 2020 128950 548.0375
"615" 2020 126250 592.74375
"616" 2020 125350 640.5385
"617" 2020 123800 683.995
"618" 2020 122400 748.476
"619" 2020 115300 765.592
"620" 2020 108450 783.009
"621" 2020 102550 818.86175
"622" 2020 95700 829.719
"623" 2020 89600 838.656
"624" 2020 86600 876.825
"625" 2020 83950 920.51175
"626" 2020 80400 977.664
"627" 2020 74950 1040.68075
"628" 2020 67350 1054.36425
"629" 2020 57100 1004.1035
"630" 2020 46650 918.5385
"631" 2020 40800 879.444
"632" 2020 38950 910.84575
"633" 2020 36400 939.848
"634" 2020 34850 1017.09725
"635" 2020 35550 1167.63975
"636" 2020 36400 1320.956
"637" 2020 36450 1474.58475
"638" 2020 35550 1625.346
"639" 2020 32800 1660.828
"640" 2020 29800 1653.751
"641" 2020 28450 1730.6135
"642" 2020 26850 1767.13275
"643" 2020 24850 1769.0715
"644" 2020 22750 1792.81375
"645" 2020 23168.29 2043.79070235
"646" 2020 19127.77 1896.61403435
"647" 2020 15626.66 1743.7008561
"648" 2020 12802.2 1595.986263
"649" 2020 10158.48 1423.710972
"650" 2020 7860.36 1209.1591788
"651" 2020 6020.25 1002.1910175
"652" 2020 4415.66 805.5930104
"653" 2020 3205.58 639.3689589
"654" 2020 2352.12 511.527297
"655" 2020 1631.81 385.8088383
"656" 2020 1061.1 271.885653
"657" 2020 675.29 186.8932604
"658" 2020 434.36 129.384985
"659" 2020 270.68 86.4565454
"660" 2020 163.42 55.7531843
"661" 2020 86.32 31.3311388
"662" 2020 45.62 17.5459082
"663" 2020 23.98 9.7337218
"664" 2020 12.3 5.248164
"665" 2020 5.43 3.90121065
"666" 2020 2.38 2.38
"667" 2021 42973.19 75.2030825
"668" 2021 45672.25 6.62247625
"669" 2021 48042.79 6.2455627
"670" 2021 50693.37 6.0832044
"671" 2021 53591.33 4.55526305
"672" 2021 56044.39 4.20332925
"673" 2021 56597.48 4.244811
"674" 2021 58097.73 3.77635245
"675" 2021 64094.1 4.1661165
"676" 2021 66845.16 4.6791612
"677" 2021 60745.31 4.55589825
"678" 2021 53093.58 4.5129543
"679" 2021 56645.57 5.38132915
"680" 2021 61744.84 6.174484
"681" 2021 58292.92 7.5780796
"682" 2021 53894.7 7.2757845
"683" 2021 51891.74 7.5243023
"684" 2021 52238.68 9.9253492
"685" 2021 53040.55 11.668921
"686" 2021 56190.67 12.9238541
"687" 2021 62632.41 15.34494045
"688" 2021 64582.6 16.468563
"689" 2021 67384.61 16.50922945
"690" 2021 76382.85 19.0957125
"691" 2021 84531.45 22.40083425
"692" 2021 88828.18 25.3160313
"693" 2021 92475.09 27.742527
"694" 2021 94119.2 28.23576
"695" 2021 95670.78 28.701234
"696" 2021 99466.83 30.33738315
"697" 2021 103168.98 35.0774532
"698" 2021 106320.89 40.93354265
"699" 2021 108512.33 41.2346854
"700" 2021 109159.96 45.3013834
"701" 2021 111010.43 51.0647978
"702" 2021 115753.4 53.825331
"703" 2021 116993.95 59.6669145
"704" 2021 119838.34 69.5062372
"705" 2021 123032.98 78.1259423
"706" 2021 123827.42 90.3940166
"707" 2021 122922.74 102.0258742
"708" 2021 119320.78 109.7751176
"709" 2021 115457.25 119.49825375
"710" 2021 114099.93 128.36242125
"711" 2021 113042.01 133.95478185
"712" 2021 113772.42 136.526904
"713" 2021 117161.79 155.8251807
"714" 2021 120139.7 189.820726
"715" 2021 118475.88 206.1480312
"716" 2021 117865.95 221.587986
"717" 2021 117476.91 243.76458825
"718" 2021 116956.64 261.9828736
"719" 2021 115694.72 284.6090112
"720" 2021 113913.26 317.8179954
"721" 2021 114347.28 343.04184
"722" 2021 120471.51 380.08761405
"723" 2021 125915.76 444.4826328
"724" 2021 132773.32 522.4630142
"725" 2021 133353.87 566.7539475
"726" 2021 128422.32 602.9427924
"727" 2021 125675.76 642.2031336
"728" 2021 124766.54 689.3351335
"729" 2021 123166.02 753.1602123
"730" 2021 121746.93 808.3996152
"731" 2021 114585.58 827.3078876
"732" 2021 107717.59 860.12495615
"733" 2021 101812.9 882.717843
"734" 2021 94927.7 888.523272
"735" 2021 88778.34 898.8806925
"736" 2021 85684.7 939.5327355
"737" 2021 83021.49 1009.5413184
"738" 2021 79444.13 1103.08174505
"739" 2021 73987.87 1158.28010485
"740" 2021 66369.5 1167.1076575
"741" 2021 56201.94 1106.6161986
"742" 2021 45818.87 987.62574285
"743" 2021 39903.8 933.150363
"744" 2021 37994.66 981.0221212
"745" 2021 35400.51 1033.16388435
"746" 2021 33796.1 1110.0329045
"747" 2021 34389.23 1247.9851567
"748" 2021 35116.44 1420.6355802
"749" 2021 35047.07 1602.3520404
"750" 2021 34031.95 1723.20778825
"751" 2021 31228.63 1733.03282185
"752" 2021 28179.87 1714.1814921
"753" 2021 26711.9 1758.0436985
"754" 2021 25011.06 1780.5373614
"755" 2021 23029.22 1814.8176821
"756" 2021 20947.62 1847.8942983
"757" 2021 21349.99 2116.95825845
"758" 2021 17443.11 1946.38942935
"759" 2021 14125.4 1760.942991
"760" 2021 11431.91 1602.1821865
"761" 2021 8921.77 1372.4358791
"762" 2021 6770.31 1127.0535057
"763" 2021 5100.31 930.5005564
"764" 2021 3689.1 735.8094405
"765" 2021 2645.69 575.37143275
"766" 2021 1887.79 446.3301897
"767" 2021 1261.71 323.2879533
"768" 2021 792.1 219.221596
"769" 2021 489.68 145.86343
"770" 2021 306.09 97.76667645
"771" 2021 185.55 63.30316575
"772" 2021 108.18 39.2655537
"773" 2021 54.79 21.0727819
"774" 2021 27.58 11.1949978
"775" 2021 13.51 5.7644468
"776" 2021 6.36 4.5693738
"777" 2021 3.06 3.06
