"year" "population" "expected"
"1" 2015 52700 84.847
"2" 2015 48200 8.435
"3" 2015 52850 7.399
"4" 2015 59650 4.772
"5" 2015 60250 0.90375
"6" 2015 58500 0.8775
"7" 2015 57750 2.59875
"8" 2015 53900 2.4255
"9" 2015 51200 3.328
"10" 2015 49600 4.712
"11" 2015 47750 3.3425
"12" 2015 51200 5.12
"13" 2015 53400 5.874
"14" 2015 57250 5.725
"15" 2015 60750 10.02375
"16" 2015 61350 10.73625
"17" 2015 66300 14.9175
"18" 2015 74800 17.578
"19" 2015 83450 18.359
"20" 2015 88550 16.8245
"21" 2015 86700 15.606
"22" 2015 86750 22.98875
"23" 2015 88650 21.71925
"24" 2015 91800 18.36
"25" 2015 95850 21.56625
"26" 2015 100550 26.143
"27" 2015 101200 27.83
"28" 2015 98900 27.692
"29" 2015 103700 35.7765
"30" 2015 109950 38.4825
"31" 2015 112450 42.731
"32" 2015 115700 54.9575
"33" 2015 116150 52.2675
"34" 2015 116550 47.7855
"35" 2015 118050 45.44925
"36" 2015 115450 49.06625
"37" 2015 111100 58.3275
"38" 2015 109050 63.79425
"39" 2015 109250 66.6425
"40" 2015 112950 79.62975
"41" 2015 115900 89.243
"42" 2015 116150 110.3425
"43" 2015 114550 126.57775
"44" 2015 115150 116.87725
"45" 2015 116450 124.6015
"46" 2015 114950 143.11275
"47" 2015 114600 144.396
"48" 2015 111950 167.36525
"49" 2015 113700 207.5025
"50" 2015 123300 228.7215
"51" 2015 130700 257.479
"52" 2015 136550 300.41
"53" 2015 132800 331.336
"54" 2015 126950 373.86775
"55" 2015 129800 428.989
"56" 2015 128500 414.4125
"57" 2015 125400 399.399
"58" 2015 121800 432.39
"59" 2015 115650 457.974
"60" 2015 109200 475.566
"61" 2015 103500 513.8775
"62" 2015 96350 536.6695
"63" 2015 90450 533.655
"64" 2015 88400 573.274
"65" 2015 88300 638.8505
"66" 2015 84600 663.264
"67" 2015 77400 653.643
"68" 2015 71600 650.844
"69" 2015 60450 584.5515
"70" 2015 50650 570.06575
"71" 2015 48000 588.24
"72" 2015 43600 578.572
"73" 2015 39350 571.7555
"74" 2015 39650 627.85775
"75" 2015 42000 809.97
"76" 2015 43950 962.9445
"77" 2015 44450 1045.464
"78" 2015 43000 1046.19
"79" 2015 40400 1099.486
"80" 2015 37600 1173.12
"81" 2015 37100 1283.1035
"82" 2015 36500 1423.5
"83" 2015 32800 1424.176
"84" 2015 30600 1460.079
"85" 2015 31834 1665.87322
"86" 2015 27416.82 1648.2992184
"87" 2015 23552.02 1585.9930268
"88" 2015 20406.92 1435.116649
"89" 2015 17241.8 1264.513612
"90" 2015 14347.82 1110.3060507
"91" 2015 11832.06 1040.8071579
"92" 2015 9444.9 973.674741
"93" 2015 7508.28 873.4757538
"94" 2015 6014.74 789.4646987
"95" 2015 4609.92 659.1494112
"96" 2015 3379.39 519.42913995
"97" 2015 2477.4 416.57481
"98" 2015 1844.01 338.51413575
"99" 2015 1346.87 269.31339085
"100" 2015 971.18 210.9985668
"101" 2015 623.97 146.90437695
"102" 2015 402.37 102.3589043
"103" 2015 265.12 72.6508336
"104" 2015 172.65 50.7988095
"105" 2015 102.69 32.33040615
"106" 2015 55.46 18.6176447
"107" 2015 31.3 11.162832
"108" 2015 16.96 6.4023152
"109" 2015 8.81 3.50712885
"110" 2015 4.26 2.9996577
"111" 2015 2.19 2.19
"112" 2016 54350 87.5035
"113" 2016 54200 9.485
"114" 2016 51950 7.273
"115" 2016 56850 4.548
"116" 2016 63300 0.9495
"117" 2016 62500 0.9375
"118" 2016 58850 2.64825
"119" 2016 57800 2.601
"120" 2016 54450 3.53925
"121" 2016 51900 4.9305
"122" 2016 50700 3.549
"123" 2016 49850 4.985
"124" 2016 52250 5.7475
"125" 2016 53000 5.3
"126" 2016 56500 9.3225
"127" 2016 60750 10.63125
"128" 2016 61650 13.87125
"129" 2016 67050 15.75675
"130" 2016 76700 16.874
"131" 2016 85500 16.245
"132" 2016 86850 15.633
"133" 2016 87600 23.214
"134" 2016 89000 21.805
"135" 2016 90450 18.09
"136" 2016 93000 20.925
"137" 2016 98400 25.584
"138" 2016 103450 28.44875
"139" 2016 103300 28.924
"140" 2016 100900 34.8105
"141" 2016 105850 37.0475
"142" 2016 111600 42.408
"143" 2016 113600 53.96
"144" 2016 117500 52.875
"145" 2016 117950 48.3595
"146" 2016 117350 45.17975
"147" 2016 118700 50.4475
"148" 2016 115900 60.8475
"149" 2016 111150 65.02275
"150" 2016 109850 67.0085
"151" 2016 109700 77.3385
"152" 2016 112250 86.4325
"153" 2016 115450 109.6775
"154" 2016 117000 129.285
"155" 2016 115250 116.97875
"156" 2016 114100 122.087
"157" 2016 115750 144.10875
"158" 2016 115000 144.9
"159" 2016 114100 170.5795
"160" 2016 110750 202.11875
"161" 2016 112850 209.33675
"162" 2016 123050 242.4085
"163" 2016 130600 287.32
"164" 2016 136550 340.69225
"165" 2016 132300 389.6235
"166" 2016 126600 418.413
"167" 2016 129300 416.9925
"168" 2016 127400 405.769
"169" 2016 124600 442.33
"170" 2016 120600 477.576
"171" 2016 114750 499.73625
"172" 2016 108550 538.95075
"173" 2016 102700 572.039
"174" 2016 95550 563.745
"175" 2016 89900 583.0015
"176" 2016 87900 635.9565
"177" 2016 87850 688.744
"178" 2016 83700 706.8465
"179" 2016 76300 693.567
"180" 2016 71200 688.504
"181" 2016 60350 679.23925
"182" 2016 50000 612.75
"183" 2016 46750 620.3725
"184" 2016 43100 626.243
"185" 2016 38650 612.02275
"186" 2016 38750 747.29375
"187" 2016 41650 912.5515
"188" 2016 42700 1004.304
"189" 2016 42900 1043.757
"190" 2016 41500 1129.4225
"191" 2016 39200 1223.04
"192" 2016 36250 1253.70625
"193" 2016 35450 1382.55
"194" 2016 34850 1513.187
"195" 2016 31150 1486.32225
"196" 2016 28900 1512.337
"197" 2016 30113.77 1810.4398524
"198" 2016 25745.2 1733.681768
"199" 2016 21932.97 1542.43611525
"200" 2016 18817.4 1380.068116
"201" 2016 15694.07 1214.48560695
"202" 2016 12853.6 1130.666924
"203" 2016 10470.05 1079.3574545
"204" 2016 8253.79 960.20465965
"205" 2016 6472.86 849.5952393
"206" 2016 5080.54 726.4410119
"207" 2016 3809.54 585.5453457
"208" 2016 2754.62 463.189353
"209" 2016 1964.38 360.6110585
"210" 2016 1433.09 286.55351095
"211" 2016 1022.94 222.2439444
"212" 2016 711.92 167.6108852
"213" 2016 438 111.42282
"214" 2016 272.87 74.7745661
"215" 2016 173.53 51.0577319
"216" 2016 109.08 34.3422018
"217" 2016 62.32 20.9205124
"218" 2016 32.11 11.4517104
"219" 2016 17.36 6.5533132
"220" 2016 8.85 3.52305225
"221" 2016 4.09 2.87995305
"222" 2016 2.72 2.72
"223" 2017 52400 84.364
"224" 2017 55400 9.695
"225" 2017 54750 7.665
"226" 2017 54100 4.328
"227" 2017 59750 0.89625
"228" 2017 65100 0.9765
"229" 2017 62800 2.826
"230" 2017 57900 2.6055
"231" 2017 56750 3.68875
"232" 2017 54000 5.13
"233" 2017 52800 3.696
"234" 2017 52950 5.295
"235" 2017 51200 5.632
"236" 2017 52050 5.205
"237" 2017 52450 8.65425
"238" 2017 56600 9.905
"239" 2017 60450 13.60125
"240" 2017 62500 14.6875
"241" 2017 68600 15.092
"242" 2017 78450 14.9055
"243" 2017 83500 15.03
"244" 2017 87300 23.1345
"245" 2017 89550 21.93975
"246" 2017 90500 18.1
"247" 2017 90950 20.46375
"248" 2017 94900 24.674
"249" 2017 100350 27.59625
"250" 2017 104800 29.344
"251" 2017 104450 36.03525
"252" 2017 103100 36.085
"253" 2017 107500 40.85
"254" 2017 112550 53.46125
"255" 2017 115100 51.795
"256" 2017 118650 48.6465
"257" 2017 118800 45.738
"258" 2017 118950 50.55375
"259" 2017 119400 62.685
"260" 2017 116300 68.0355
"261" 2017 112350 68.5335
"262" 2017 111000 78.255
"263" 2017 110100 84.777
"264" 2017 112500 106.875
"265" 2017 115850 128.01425
"266" 2017 118000 119.77
"267" 2017 115050 123.1035
"268" 2017 114650 142.73925
"269" 2017 116000 146.16
"270" 2017 115350 172.44825
"271" 2017 114000 208.05
"272" 2017 111100 206.0905
"273" 2017 113450 223.4965
"274" 2017 123150 270.93
"275" 2017 130200 324.849
"276" 2017 135750 399.78375
"277" 2017 131750 435.43375
"278" 2017 127650 411.67125
"279" 2017 128150 408.15775
"280" 2017 127000 450.85
"281" 2017 123750 490.05
"282" 2017 120600 525.213
"283" 2017 114800 569.982
"284" 2017 108400 603.788
"285" 2017 102400 604.16
"286" 2017 95450 618.99325
"287" 2017 89650 648.61775
"288" 2017 87950 689.528
"289" 2017 87250 736.82625
"290" 2017 82550 750.3795
"291" 2017 76400 738.788
"292" 2017 70850 797.41675
"293" 2017 59600 730.398
"294" 2017 49450 656.2015
"295" 2017 45750 664.7475
"296" 2017 42200 668.237
"297" 2017 38050 733.79425
"298" 2017 38400 841.344
"299" 2017 40300 947.856
"300" 2017 41300 1004.829
"301" 2017 41450 1128.06175
"302" 2017 40250 1255.8
"303" 2017 37900 1310.7715
"304" 2017 34500 1345.5
"305" 2017 34050 1478.451
"306" 2017 32950 1572.20925
"307" 2017 29500 1543.735
"308" 2017 27450 1650.294
"309" 2017 28342.7 1908.597418
"310" 2017 24065.3 1692.3922225
"311" 2017 20336.22 1491.4583748
"312" 2017 17276.96 1336.9775496
"313" 2017 14245.74 1253.1265191
"314" 2017 11508.55 1186.4164195
"315" 2017 9232.08 1074.0140268
"316" 2017 7146.28 937.9849814
"317" 2017 5495.2 785.731172
"318" 2017 4208.6 646.882863
"319" 2017 3092.68 520.034142
"320" 2017 2193.27 402.62954025
"321" 2017 1529.83 305.89715765
"322" 2017 1085.09 235.7466534
"323" 2017 746.88 175.8416928
"324" 2017 498.86 126.9049954
"325" 2017 294.76 80.7730828
"326" 2017 175.91 51.7579993
"327" 2017 106.8 33.624378
"328" 2017 64.02 21.4911939
"329" 2017 34.56 12.3254784
"330" 2017 16.53 6.23999235
"331" 2017 8.29 3.30012465
"332" 2017 3.71 2.61237795
"333" 2017 2.17 2.17
"334" 2018 49900 80.339
"335" 2018 53100 9.2925
"336" 2018 55550 7.777
"337" 2018 55900 4.472
"338" 2018 56100 0.8415
"339" 2018 61850 0.92775
"340" 2018 66350 2.98575
"341" 2018 62800 2.826
"342" 2018 56800 3.692
"343" 2018 55800 5.301
"344" 2018 54650 3.8255
"345" 2018 56150 5.615
"346" 2018 54650 6.0115
"347" 2018 51350 5.135
"348" 2018 52050 8.58825
"349" 2018 52550 9.19625
"350" 2018 56350 12.67875
"351" 2018 60600 14.241
"352" 2018 64050 14.091
"353" 2018 70300 13.357
"354" 2018 75900 13.662
"355" 2018 83300 22.0745
"356" 2018 88900 21.7805
"357" 2018 91200 18.24
"358" 2018 91250 20.53125
"359" 2018 92300 23.998
"360" 2018 96750 26.60625
"361" 2018 101450 28.406
"362" 2018 105400 36.363
"363" 2018 105550 36.9425
"364" 2018 105050 39.919
"365" 2018 108550 51.56125
"366" 2018 113750 51.1875
"367" 2018 116150 47.6215
"368" 2018 119200 45.892
"369" 2018 120500 51.2125
"370" 2018 120400 63.21
"371" 2018 120550 70.52175
"372" 2018 117700 71.797
"373" 2018 113800 80.229
"374" 2018 112400 86.548
"375" 2018 111200 105.64
"376" 2018 112950 124.80975
"377" 2018 116350 118.09525
"378" 2018 118800 127.116
"379" 2018 116150 144.60675
"380" 2018 115750 145.845
"381" 2018 116600 174.317
"382" 2018 116150 211.97375
"383" 2018 115000 213.325
"384" 2018 112500 221.625
"385" 2018 114150 251.13
"386" 2018 122700 306.1365
"387" 2018 129000 379.905
"388" 2018 134750 445.34875
"389" 2018 132600 427.635
"390" 2018 128100 407.9985
"391" 2018 127700 453.335
"392" 2018 126750 501.93
"393" 2018 123750 538.93125
"394" 2018 121400 602.751
"395" 2018 115250 641.9425
"396" 2018 108550 640.445
"397" 2018 102500 664.7125
"398" 2018 95650 692.02775
"399" 2018 90050 705.992
"400" 2018 87900 742.3155
"401" 2018 86550 786.7395
"402" 2018 82250 795.3575
"403" 2018 76300 858.7565
"404" 2018 70250 860.91375
"405" 2018 59050 783.5935
"406" 2018 48800 709.064
"407" 2018 44400 703.074
"408" 2018 41350 797.43475
"409" 2018 37700 826.007
"410" 2018 37400 879.648
"411" 2018 38800 944.004
"412" 2018 39950 1087.23925
"413" 2018 39900 1244.88
"414" 2018 38950 1347.08575
"415" 2018 36200 1411.8
"416" 2018 33150 1439.373
"417" 2018 32250 1538.80875
"418" 2018 31050 1624.8465
"419" 2018 28050 1686.366
"420" 2018 25850 1740.739
"421" 2018 26601.78 1870.7701785
"422" 2018 22388.65 1641.983591
"423" 2018 18738.9 1450.1097765
"424" 2018 15740.32 1384.5972488
"425" 2018 12842.72 1323.9560048
"426" 2018 10248.23 1192.22783705
"427" 2018 8097.25 1062.80454875
"428" 2018 6162.84 881.1936774
"429" 2018 4641.77 713.46325785
"430" 2018 3511.58 590.472177
"431" 2018 2519.82 462.5759565
"432" 2018 1742.7 348.4615785
"433" 2018 1195.76 259.7908176
"434" 2018 819.55 192.95075425
"435" 2018 540.3 137.446917
"436" 2018 348.25 95.4309475
"437" 2018 197.77 58.1898671
"438" 2018 113.1 35.6078385
"439" 2018 65.46 21.9745947
"440" 2018 37.31 13.3062384
"441" 2018 18.88 7.1271056
"442" 2018 8.12 3.2324502
"443" 2018 3.83 2.69687535
"444" 2018 1.75 1.75
"445" 2019 47550 76.5555
"446" 2019 50450 8.82875
"447" 2019 53450 7.483
"448" 2019 56300 4.504
"449" 2019 56900 0.8535
"450" 2019 57850 0.86775
"451" 2019 63650 2.86425
"452" 2019 67800 3.051
"453" 2019 62800 4.082
"454" 2019 55700 5.2915
"455" 2019 55300 3.871
"456" 2019 57950 5.795
"457" 2019 58600 6.446
"458" 2019 54150 5.415
"459" 2019 51650 8.52225
"460" 2019 52150 9.12625
"461" 2019 52700 11.8575
"462" 2019 56400 13.254
"463" 2019 61150 13.453
"464" 2019 66100 12.559
"465" 2019 67850 12.213
"466" 2019 75800 20.087
"467" 2019 84850 20.78825
"468" 2019 90050 18.01
"469" 2019 91650 20.62125
"470" 2019 92700 24.102
"471" 2019 94350 25.94625
"472" 2019 98400 27.552
"473" 2019 102550 35.37975
"474" 2019 106000 37.1
"475" 2019 107150 40.717
"476" 2019 107350 50.99125
"477" 2019 110150 49.5675
"478" 2019 115100 47.191
"479" 2019 116800 44.968
"480" 2019 119800 50.915
"481" 2019 122050 64.07625
"482" 2019 122400 71.604
"483" 2019 122250 74.5725
"484" 2019 118850 83.78925
"485" 2019 115050 88.5885
"486" 2019 113550 107.8725
"487" 2019 112400 124.202
"488" 2019 113550 115.25325
"489" 2019 116900 125.083
"490" 2019 119700 149.0265
"491" 2019 117350 147.861
"492" 2019 117100 175.0645
"493" 2019 117200 213.89
"494" 2019 117150 217.31325
"495" 2019 116100 228.717
"496" 2019 113950 250.69
"497" 2019 114900 286.6755
"498" 2019 122150 359.73175
"499" 2019 128150 423.53575
"500" 2019 133800 431.505
"501" 2019 133400 424.879
"502" 2019 128750 457.0625
"503" 2019 127200 503.712
"504" 2019 126250 549.81875
"505" 2019 123850 614.91525
"506" 2019 122150 680.3755
"507" 2019 115500 681.45
"508" 2019 108650 704.59525
"509" 2019 102900 744.4815
"510" 2019 95900 751.856
"511" 2019 90300 762.5835
"512" 2019 87700 797.193
"513" 2019 85600 827.752
"514" 2019 81850 921.22175
"515" 2019 76050 931.99275
"516" 2019 69200 918.284
"517" 2019 58350 847.8255
"518" 2019 47950 759.28825
"519" 2019 42850 826.36225
"520" 2019 40400 885.164
"521" 2019 37150 873.768
"522" 2019 36200 880.746
"523" 2019 37300 1015.1195
"524" 2019 38350 1196.52
"525" 2019 38300 1324.6055
"526" 2019 37300 1454.7
"527" 2019 34600 1502.332
"528" 2019 31550 1505.40825
"529" 2019 30400 1590.832
"530" 2019 29000 1743.48
"531" 2019 26450 1781.143
"532" 2019 24300 1708.8975
"533" 2019 24909.53 1826.8649302
"534" 2019 20744.44 1605.3084894
"535" 2019 17136.13 1507.37967545
"536" 2019 14262.94 1470.3664846
"537" 2019 11489.01 1336.57397835
"538" 2019 9045.72 1187.2959786
"539" 2019 7043.53 1007.11913705
"540" 2019 5255.75 807.83505375
"541" 2019 3895.7 655.061955
"542" 2019 2891.89 530.87870675
"543" 2019 2024.91 404.89087905
"544" 2019 1366.03 296.7836778
"545" 2019 914.02 215.1922987
"546" 2019 603.94 153.6362966
"547" 2019 386.48 105.9071144
"548" 2019 240.71 70.8241033
"549" 2019 131.59 41.42913765
"550" 2019 72.2 24.237179
"551" 2019 39.82 14.2014048
"552" 2019 21.54 8.1312423
"553" 2019 10.08 4.0126968
"554" 2019 3.86 2.7179997
"555" 2019 2.01 2.01
"556" 2020 45700 73.577
"557" 2020 48050 8.40875
"558" 2020 50700 7.098
"559" 2020 53600 4.288
"560" 2020 56050 0.84075
"561" 2020 56600 0.849
"562" 2020 58100 2.6145
"563" 2020 64100 2.8845
"564" 2020 66850 4.34525
"565" 2020 60750 5.77125
"566" 2020 53100 3.717
"567" 2020 56650 5.665
"568" 2020 61750 6.7925
"569" 2020 58300 5.83
"570" 2020 53900 8.8935
"571" 2020 51900 9.0825
"572" 2020 52250 11.75625
"573" 2020 53050 12.46675
"574" 2020 56200 12.364
"575" 2020 62650 11.9035
"576" 2020 64600 11.628
"577" 2020 67400 17.861
"578" 2020 76400 18.718
"579" 2020 84550 16.91
"580" 2020 88850 19.99125
"581" 2020 92500 24.05
"582" 2020 94150 25.89125
"583" 2020 95700 26.796
"584" 2020 99500 34.3275
"585" 2020 103200 36.12
"586" 2020 106350 40.413
"587" 2020 108550 51.56125
"588" 2020 109200 49.14
"589" 2020 111050 45.5305
"590" 2020 115800 44.583
"591" 2020 117050 49.74625
"592" 2020 119900 62.9475
"593" 2020 123100 72.0135
"594" 2020 123900 75.579
"595" 2020 123000 86.715
"596" 2020 119400 91.938
"597" 2020 115550 109.7725
"598" 2020 114200 126.191
"599" 2020 113150 114.84725
"600" 2020 113900 121.873
"601" 2020 117300 146.0385
"602" 2020 120300 151.578
"603" 2020 118650 177.38175
"604" 2020 118050 215.44125
"605" 2020 117700 218.3335
"606" 2020 117200 230.884
"607" 2020 115950 255.09
"608" 2020 114200 284.929
"609" 2020 114650 337.64425
"610" 2020 120850 399.40925
"611" 2020 126350 407.47875
"612" 2020 133250 424.40125
"613" 2020 133850 475.1675
"614" 2020 128950 510.642
"615" 2020 126250 549.81875
"616" 2020 125350 622.36275
"617" 2020 123800 689.566
"618" 2020 122400 722.16
"619" 2020 115300 747.7205
"620" 2020 108450 784.63575
"621" 2020 102550 803.992
"622" 2020 95700 808.1865
"623" 2020 89600 814.464
"624" 2020 86600 837.422
"625" 2020 83950 944.85725
"626" 2020 80400 985.302
"627" 2020 74950 994.5865
"628" 2020 67350 978.5955
"629" 2020 57100 904.1785
"630" 2020 46650 899.64525
"631" 2020 40800 893.928
"632" 2020 38950 916.104
"633" 2020 36400 885.612
"634" 2020 34850 948.44275
"635" 2020 35550 1109.16
"636" 2020 36400 1258.894
"637" 2020 36450 1421.55
"638" 2020 35550 1543.581
"639" 2020 32800 1565.052
"640" 2020 29800 1559.434
"641" 2020 28450 1710.414
"642" 2020 26850 1808.079
"643" 2020 24850 1747.57625
"644" 2020 22750 1668.485
"645" 2020 23168.29 1792.87812165
"646" 2020 19127.77 1682.57428805
"647" 2020 15626.66 1610.9523794
"648" 2020 12802.2 1489.343937
"649" 2020 10158.48 1333.3512924
"650" 2020 7860.36 1123.9135746
"651" 2020 6020.25 925.34252625
"652" 2020 4415.66 742.493229
"653" 2020 3205.58 588.4643485
"654" 2020 2352.12 470.3181546
"655" 2020 1631.81 354.5270406
"656" 2020 1061.1 249.8200785
"657" 2020 675.29 171.7870231
"658" 2020 434.36 119.0276708
"659" 2020 270.68 79.6421764
"660" 2020 163.42 51.4503357
"661" 2020 86.32 28.9771924
"662" 2020 45.62 16.2699168
"663" 2020 23.98 9.0523301
"664" 2020 12.3 4.8964455
"665" 2020 5.43 3.82350735
"666" 2020 2.38 2.38
"667" 2021 42973.19 69.1868359
"668" 2021 45672.25 7.99264375
"669" 2021 48042.79 6.7259906
"670" 2021 50693.37 4.0554696
"671" 2021 53591.33 0.80386995
"672" 2021 56044.39 0.84066585
"673" 2021 56597.48 2.5468866
"674" 2021 58097.73 2.61439785
"675" 2021 64094.1 4.1661165
"676" 2021 66845.16 6.3502902
"677" 2021 60745.31 4.2521717
"678" 2021 53093.58 5.309358
"679" 2021 56645.57 6.2310127
"680" 2021 61744.84 6.174484
"681" 2021 58292.92 9.6183318
"682" 2021 53894.7 9.4315725
"683" 2021 51891.74 11.6756415
"684" 2021 52238.68 12.2760898
"685" 2021 53040.55 11.668921
"686" 2021 56190.67 10.6762273
"687" 2021 62632.41 11.2738338
"688" 2021 64582.6 17.114389
"689" 2021 67384.61 16.50922945
"690" 2021 76382.85 15.27657
"691" 2021 84531.45 19.01957625
"692" 2021 88828.18 23.0953268
"693" 2021 92475.09 25.43064975
"694" 2021 94119.2 26.353376
"695" 2021 95670.78 33.0064191
"696" 2021 99466.83 34.8133905
"697" 2021 103168.98 39.2042124
"698" 2021 106320.89 50.50242275
"699" 2021 108512.33 48.8305485
"700" 2021 109159.96 44.7555836
"701" 2021 111010.43 42.73901555
"702" 2021 115753.4 49.195195
"703" 2021 116993.95 61.42182375
"704" 2021 119838.34 70.1054289
"705" 2021 123032.98 75.0501178
"706" 2021 123827.42 87.2983311
"707" 2021 122922.74 94.6505098
"708" 2021 119320.78 113.354741
"709" 2021 115457.25 127.58026125
"710" 2021 114099.93 115.81142895
"711" 2021 113042.01 120.9549507
"712" 2021 113772.42 141.6466629
"713" 2021 117161.79 147.6238554
"714" 2021 120139.7 179.6088515
"715" 2021 118475.88 216.218481
"716" 2021 117865.95 218.64133725
"717" 2021 117476.91 231.4295127
"718" 2021 116956.64 257.304608
"719" 2021 115694.72 288.6583264
"720" 2021 113913.26 335.4745507
"721" 2021 114347.28 377.9177604
"722" 2021 120471.51 388.52061975
"723" 2021 125915.76 401.0416956
"724" 2021 132773.32 471.345286
"725" 2021 133353.87 528.0813252
"726" 2021 128422.32 559.2792036
"727" 2021 125675.76 623.9801484
"728" 2021 124766.54 694.9496278
"729" 2021 123166.02 726.679518
"730" 2021 121746.93 789.52884105
"731" 2021 114585.58 829.0266713
"732" 2021 107717.59 844.5059056
"733" 2021 101812.9 859.8099405
"734" 2021 94927.7 862.892793
"735" 2021 88778.34 858.4865478
"736" 2021 85684.7 964.3812985
"737" 2021 83021.49 1017.42835995
"738" 2021 79444.13 1054.2236051
"739" 2021 73987.87 1075.0437511
"740" 2021 66369.5 1050.9610325
"741" 2021 56201.94 1083.8544129
"742" 2021 45818.87 1003.8914417
"743" 2021 39903.8 938.537376
"744" 2021 37994.66 924.4100778
"745" 2021 35400.51 963.42487965
"746" 2021 33796.1 1054.43832
"747" 2021 34389.23 1189.35151955
"748" 2021 35116.44 1369.54116
"749" 2021 35047.07 1521.7437794
"750" 2021 34031.95 1623.83449425
"751" 2021 31228.63 1634.1942079
"752" 2021 28179.87 1694.1737844
"753" 2021 26711.9 1798.779346
"754" 2021 25011.06 1758.9027945
"755" 2021 23029.22 1688.9629948
"756" 2021 20947.62 1621.0315737
"757" 2021 21349.99 1878.05187035
"758" 2021 17443.11 1798.2102099
"759" 2021 14125.4 1643.278409
"760" 2021 11431.91 1500.49534705
"761" 2021 8921.77 1275.67928345
"762" 2021 6770.31 1040.63049855
"763" 2021 5100.31 857.6171265
"764" 2021 3689.1 677.2265325
"765" 2021 2645.69 529.01894395
"766" 2021 1887.79 410.1412554
"767" 2021 1261.71 297.05069385
"768" 2021 792.1 201.502319
"769" 2021 489.68 134.1870104
"770" 2021 306.09 90.0608607
"771" 2021 185.55 58.41763425
"772" 2021 108.18 36.3154851
"773" 2021 54.79 19.5403056
"774" 2021 27.58 10.4113121
"775" 2021 13.51 5.37812835
"776" 2021 6.36 4.4783622
"777" 2021 3.06 3.06
