"year" "population" "expected"
"1" 2015 4358 3.22492
"2" 2015 4352 1.00096
"3" 2015 4574 1.02915
"4" 2015 4513 1.511855
"5" 2015 4882 1.09845
"6" 2015 4875 0
"7" 2015 4720 0
"8" 2015 4542 0.47691
"9" 2015 4469 0.469245
"10" 2015 4392 0.48312
"11" 2015 4380 0.4818
"12" 2015 4228 0
"13" 2015 4096 0
"14" 2015 4207 0
"15" 2015 4414 0.50761
"16" 2015 4254 0.97842
"17" 2015 4346 1.49937
"18" 2015 4404 2.00382
"19" 2015 4566 2.00904
"20" 2015 4540 1.9295
"21" 2015 4845 1.01745
"22" 2015 5032 1.0064
"23" 2015 5043 2.92494
"24" 2015 4916 2.35968
"25" 2015 5203 2.003155
"26" 2015 4876 1.85288
"27" 2015 5015 2.95885
"28" 2015 4561 4.082095
"29" 2015 4368 1.7472
"30" 2015 4414 2.44977
"31" 2015 4539 3.54042
"32" 2015 4647 1.53351
"33" 2015 4704 2.96352
"34" 2015 4670 4.3898
"35" 2015 4809 5.04945
"36" 2015 4679 2.971165
"37" 2015 4288 2.76576
"38" 2015 4143 3.64584
"39" 2015 4367 3.559105
"40" 2015 4304 2.99128
"41" 2015 4173 2.441205
"42" 2015 4475 5.191
"43" 2015 4547 4.115035
"44" 2015 4130 2.29215
"45" 2015 3897 3.253995
"46" 2015 4055 2.5141
"47" 2015 4031 2.98294
"48" 2015 4120 6.0152
"49" 2015 4412 9.33138
"50" 2015 4360 9.0252
"51" 2015 4414 7.0624
"52" 2015 4380 6.9642
"53" 2015 4351 5.895605
"54" 2015 4119 9.576675
"55" 2015 4341 16.257045
"56" 2015 4376 14.74712
"57" 2015 4167 14.5845
"58" 2015 4144 18.21288
"59" 2015 4046 18.08562
"60" 2015 3893 16.93455
"61" 2015 3736 20.23044
"62" 2015 3689 20.51084
"63" 2015 3455 20.1081
"64" 2015 3356 23.30742
"65" 2015 3357 26.402805
"66" 2015 3167 25.826885
"67" 2015 3076 28.97592
"68" 2015 2903 34.008645
"69" 2015 2685 33.69675
"70" 2015 2656 35.20528
"71" 2015 2411 35.00772
"72" 2015 2277 43.80948
"73" 2015 2141 50.581125
"74" 2015 1854 49.42764
"75" 2015 1695 44.73105
"76" 2015 1652 47.18938
"77" 2015 1557 46.33632
"78" 2015 1522 46.82433
"79" 2015 1485 57.4101
"80" 2015 1408 60.70592
"81" 2015 1349 64.097735
"82" 2015 1295 70.6293
"83" 2015 1246 77.85008
"84" 2015 1216 86.8528
"85" 2015 1171 95.37795
"86" 2015 982 90.96757
"87" 2015 874 91.81807
"88" 2015 769 91.330285
"89" 2015 694 92.86414
"90" 2015 566 85.01886
"91" 2015 447 75.075885
"92" 2015 390 72.9339
"93" 2015 305 63.228025
"94" 2015 244 55.81134
"95" 2015 157.58 39.5777928
"96" 2015 108.38 29.739472
"97" 2015 87.97 26.23749235
"98" 2015 56.73 18.295425
"99" 2015 33.74 11.7038999
"100" 2015 24.29 9.0154764
"101" 2015 12.09 4.7765172
"102" 2015 8.71 3.6443511
"103" 2015 6.21 2.73820635
"104" 2015 1.87 0.8648189
"105" 2015 2.09 1.0091774
"106" 2015 1.9 0.9537715
"107" 2015 0.44 0.228701
"108" 2015 0 0
"109" 2015 0.56 0.3086804
"110" 2015 0.44 0.3428436
"111" 2015 0 0
"112" 2016 4113 3.04362
"113" 2016 4351 1.00073
"114" 2016 4349 0.978525
"115" 2016 4546 1.52291
"116" 2016 4486 1.00935
"117" 2016 4853 0
"118" 2016 4856 0
"119" 2016 4708 0.49434
"120" 2016 4531 0.475755
"121" 2016 4460 0.4906
"122" 2016 4361 0.47971
"123" 2016 4379 0
"124" 2016 4229 0
"125" 2016 4120 0
"126" 2016 4198 0.48277
"127" 2016 4411 1.01453
"128" 2016 4254 1.46763
"129" 2016 4350 1.97925
"130" 2016 4437 1.95228
"131" 2016 4669 1.984325
"132" 2016 4657 0.97797
"133" 2016 4952 0.9904
"134" 2016 5145 2.9841
"135" 2016 5104 2.44992
"136" 2016 5028 1.93578
"137" 2016 5255 1.9969
"138" 2016 4985 2.94115
"139" 2016 5070 4.53765
"140" 2016 4622 1.8488
"141" 2016 4438 2.46309
"142" 2016 4438 3.46164
"143" 2016 4542 1.49886
"144" 2016 4673 2.94399
"145" 2016 4746 4.46124
"146" 2016 4710 4.9455
"147" 2016 4826 3.06451
"148" 2016 4724 3.04698
"149" 2016 4336 3.81568
"150" 2016 4161 3.391215
"151" 2016 4384 3.04688
"152" 2016 4344 2.54124
"153" 2016 4175 4.843
"154" 2016 4488 4.06164
"155" 2016 4568 2.53524
"156" 2016 4146 3.46191
"157" 2016 3915 2.4273
"158" 2016 4069 3.01106
"159" 2016 4034 5.88964
"160" 2016 4124 8.72226
"161" 2016 4425 9.15975
"162" 2016 4359 6.9744
"163" 2016 4415 7.01985
"164" 2016 4382 5.93761
"165" 2016 4352 10.1184
"166" 2016 4141 15.508045
"167" 2016 4334 14.60558
"168" 2016 4362 15.267
"169" 2016 4158 18.27441
"170" 2016 4148 18.54156
"171" 2016 4028 17.5218
"172" 2016 3876 20.98854
"173" 2016 3720 20.6832
"174" 2016 3652 21.25464
"175" 2016 3446 23.93247
"176" 2016 3338 26.25337
"177" 2016 3329 27.147995
"178" 2016 3127 29.45634
"179" 2016 3057 35.812755
"180" 2016 2872 36.0436
"181" 2016 2660 35.2583
"182" 2016 2627 38.14404
"183" 2016 2372 45.63728
"184" 2016 2241 52.943625
"185" 2016 2098 55.93268
"186" 2016 1813 47.84507
"187" 2016 1667 47.617855
"188" 2016 1612 47.97312
"189" 2016 1519 46.732035
"190" 2016 1470 56.8302
"191" 2016 1450 62.51675
"192" 2016 1343 63.812645
"193" 2016 1291 70.41114
"194" 2016 1223 76.41304
"195" 2016 1169 83.495825
"196" 2016 1127 91.79415
"197" 2016 1080 100.0458
"198" 2016 909 95.494995
"199" 2016 797 94.655705
"200" 2016 661 88.44841
"201" 2016 608 91.32768
"202" 2016 486 81.62613
"203" 2016 370 69.1937
"204" 2016 314 65.09377
"205" 2016 246 56.26881
"206" 2016 187 46.96692
"207" 2016 113.58 31.166352
"208" 2016 73.38 21.8859519
"209" 2016 63.97 20.630325
"210" 2016 40.73 14.12862605
"211" 2016 20.74 7.6978584
"212" 2016 14.14 5.5864312
"213" 2016 9.53 3.9874473
"214" 2016 5.19 2.28845265
"215" 2016 3.89 1.7990083
"216" 2016 0.85 0.410431
"217" 2016 1.12 0.5622232
"218" 2016 0.88 0.457402
"219" 2016 0 0
"220" 2016 0 0
"221" 2016 0 0
"222" 2016 0 0
"223" 2017 4049 2.99626
"224" 2017 4154 0.95542
"225" 2017 4373 0.983925
"226" 2017 4366 1.46261
"227" 2017 4555 1.024875
"228" 2017 4534 0
"229" 2017 4868 0
"230" 2017 4904 0.51492
"231" 2017 4748 0.49854
"232" 2017 4552 0.50072
"233" 2017 4501 0.49511
"234" 2017 4360 0
"235" 2017 4416 0
"236" 2017 4265 0
"237" 2017 4171 0.479665
"238" 2017 4232 0.97336
"239" 2017 4455 1.536975
"240" 2017 4281 1.947855
"241" 2017 4416 1.94304
"242" 2017 4559 1.937575
"243" 2017 4804 1.00884
"244" 2017 4775 0.955
"245" 2017 5048 2.92784
"246" 2017 5321 2.55408
"247" 2017 5238 2.01663
"248" 2017 5201 1.97638
"249" 2017 5421 3.19839
"250" 2017 5106 4.56987
"251" 2017 5218 2.0872
"252" 2017 4755 2.639025
"253" 2017 4570 3.5646
"254" 2017 4536 1.49688
"255" 2017 4638 2.92194
"256" 2017 4790 4.5026
"257" 2017 4807 5.04735
"258" 2017 4783 3.037205
"259" 2017 4906 3.16437
"260" 2017 4827 4.24776
"261" 2017 4437 3.616155
"262" 2017 4225 2.936375
"263" 2017 4445 2.600325
"264" 2017 4393 5.09588
"265" 2017 4259 3.854395
"266" 2017 4558 2.52969
"267" 2017 4642 3.87607
"268" 2017 4213 2.61206
"269" 2017 3977 2.94298
"270" 2017 4127 6.02542
"271" 2017 4062 8.59113
"272" 2017 4168 8.62776
"273" 2017 4467 7.1472
"274" 2017 4392 6.98328
"275" 2017 4439 6.014845
"276" 2017 4431 10.302075
"277" 2017 4354 16.30573
"278" 2017 4155 14.00235
"279" 2017 4347 15.2145
"280" 2017 4356 19.14462
"281" 2017 4150 18.5505
"282" 2017 4151 18.05685
"283" 2017 4030 21.82245
"284" 2017 3857 21.44492
"285" 2017 3709 21.58638
"286" 2017 3642 25.29369
"287" 2017 3419 26.890435
"288" 2017 3327 27.131685
"289" 2017 3282 30.91644
"290" 2017 3105 36.375075
"291" 2017 3022 37.9261
"292" 2017 2831 37.524905
"293" 2017 2624 38.10048
"294" 2017 2590 49.8316
"295" 2017 2331 55.069875
"296" 2017 2187 58.30542
"297" 2017 2042 53.88838
"298" 2017 1763 50.360095
"299" 2017 1624 48.33024
"300" 2017 1560 47.9934
"301" 2017 1465 56.6369
"302" 2017 1417 61.093955
"303" 2017 1399 66.473485
"304" 2017 1283 69.97482
"305" 2017 1212 75.72576
"306" 2017 1140 81.4245
"307" 2017 1090 88.7805
"308" 2017 1044 96.71094
"309" 2017 971 102.008405
"310" 2017 822 97.62483
"311" 2017 705 94.33605
"312" 2017 574 86.22054
"313" 2017 495 83.137725
"314" 2017 406 75.92606
"315" 2017 300 62.1915
"316" 2017 248 56.72628
"317" 2017 186 46.71576
"318" 2017 136 37.3184
"319" 2017 88.58 26.4194279
"320" 2017 51.38 16.57005
"321" 2017 45.97 15.94630345
"322" 2017 33.73 12.5192268
"323" 2017 14.94 5.9024952
"324" 2017 9.02 3.7740582
"325" 2017 5.69 2.50892015
"326" 2017 2.8 1.294916
"327" 2017 3.04 1.4678944
"328" 2017 0.85 0.42668725
"329" 2017 1.12 0.582148
"330" 2017 0.88 0.4718472
"331" 2017 0 0
"332" 2017 0 0
"333" 2017 0 0
"334" 2018 4093 3.02882
"335" 2018 4118 0.94714
"336" 2018 4218 0.94905
"337" 2018 4410 1.47735
"338" 2018 4433 0.997425
"339" 2018 4597 0
"340" 2018 4579 0
"341" 2018 4909 0.515445
"342" 2018 4957 0.520485
"343" 2018 4793 0.52723
"344" 2018 4591 0.50501
"345" 2018 4550 0
"346" 2018 4407 0
"347" 2018 4451 0
"348" 2018 4301 0.494615
"349" 2018 4206 0.96738
"350" 2018 4278 1.47591
"351" 2018 4492 2.04386
"352" 2018 4354 1.91576
"353" 2018 4595 1.952875
"354" 2018 4748 0.99708
"355" 2018 5009 1.0018
"356" 2018 5021 2.91218
"357" 2018 5348 2.56704
"358" 2018 5595 2.154075
"359" 2018 5529 2.10102
"360" 2018 5594 3.30046
"361" 2018 5838 5.22501
"362" 2018 5448 2.1792
"363" 2018 5522 3.06471
"364" 2018 5022 3.91716
"365" 2018 4822 1.59126
"366" 2018 4796 3.02148
"367" 2018 4886 4.59284
"368" 2018 5034 5.2857
"369" 2018 5000 3.175
"370" 2018 4920 3.1734
"371" 2018 5101 4.48888
"372" 2018 4983 4.061145
"373" 2018 4591 3.190745
"374" 2018 4398 2.57283
"375" 2018 4589 5.32324
"376" 2018 4533 4.102365
"377" 2018 4392 2.43756
"378" 2018 4710 3.93285
"379" 2018 4787 2.96794
"380" 2018 4336 3.20864
"381" 2018 4089 5.96994
"382" 2018 4229 8.944335
"383" 2018 4161 8.61327
"384" 2018 4259 6.8144
"385" 2018 4532 7.20588
"386" 2018 4443 6.020265
"387" 2018 4494 10.44855
"388" 2018 4493 16.826285
"389" 2018 4411 14.86507
"390" 2018 4175 14.6125
"391" 2018 4384 19.26768
"392" 2018 4381 19.58307
"393" 2018 4181 18.18735
"394" 2018 4157 22.510155
"395" 2018 4032 22.41792
"396" 2018 3836 22.32552
"397" 2018 3700 25.6965
"398" 2018 3626 28.51849
"399" 2018 3404 27.75962
"400" 2018 3306 31.14252
"401" 2018 3251 38.085465
"402" 2018 3077 38.61635
"403" 2018 2989 39.619195
"404" 2018 2800 40.656
"405" 2018 2585 49.7354
"406" 2018 2542 60.05475
"407" 2018 2298 61.26468
"408" 2018 2141 56.50099
"409" 2018 1995 56.987175
"410" 2018 1715 51.0384
"411" 2018 1579 48.577935
"412" 2018 1509 58.33794
"413" 2018 1411 60.835265
"414" 2018 1363 64.762945
"415" 2018 1330 72.5382
"416" 2018 1203 75.16344
"417" 2018 1136 81.1388
"418" 2018 1054 85.8483
"419" 2018 1005 93.098175
"420" 2018 945 99.276975
"421" 2018 891 105.819615
"422" 2018 734 98.21654
"423" 2018 615 92.37915
"424" 2018 492 82.63386
"425" 2018 431 80.60131
"426" 2018 329 68.203345
"427" 2018 241 55.125135
"428" 2018 199 49.98084
"429" 2018 140 38.416
"430" 2018 96 28.63248
"431" 2018 59.58 19.21455
"432" 2018 37.38 12.9665613
"433" 2018 33.97 12.6083052
"434" 2018 20.35 8.039878
"435" 2018 9.53 3.9874473
"436" 2018 6.24 2.7514344
"437" 2018 5.26 2.4325922
"438" 2018 1.69 0.8160334
"439" 2018 1.57 0.78811645
"440" 2018 0.43 0.22350325
"441" 2018 0.56 0.3002664
"442" 2018 0.44 0.2425346
"443" 2018 0 0
"444" 2018 0 0
"445" 2019 4231 3.13094
"446" 2019 4125 0.94875
"447" 2019 4157 0.935325
"448" 2019 4259 1.426765
"449" 2019 4456 1.0026
"450" 2019 4459 0
"451" 2019 4618 0
"452" 2019 4627 0.485835
"453" 2019 4933 0.517965
"454" 2019 4983 0.54813
"455" 2019 4834 0.53174
"456" 2019 4630 0
"457" 2019 4580 0
"458" 2019 4440 0
"459" 2019 4485 0.515775
"460" 2019 4329 0.99567
"461" 2019 4241 1.463145
"462" 2019 4321 1.966055
"463" 2019 4542 1.99848
"464" 2019 4512 1.9176
"465" 2019 4778 1.00338
"466" 2019 4971 0.9942
"467" 2019 5219 3.02702
"468" 2019 5284 2.53632
"469" 2019 5661 2.179485
"470" 2019 5952 2.26176
"471" 2019 5860 3.4574
"472" 2019 5904 5.28408
"473" 2019 6090 2.436
"474" 2019 5765 3.199575
"475" 2019 5724 4.46472
"476" 2019 5222 1.72326
"477" 2019 5032 3.17016
"478" 2019 4946 4.64924
"479" 2019 5065 5.31825
"480" 2019 5167 3.281045
"481" 2019 5155 3.324975
"482" 2019 5050 4.444
"483" 2019 5179 4.220885
"484" 2019 5110 3.55145
"485" 2019 4701 2.750085
"486" 2019 4529 5.25364
"487" 2019 4680 4.2354
"488" 2019 4656 2.58408
"489" 2019 4477 3.738295
"490" 2019 4826 2.99212
"491" 2019 4875 3.6075
"492" 2019 4379 6.39334
"493" 2019 4165 8.808975
"494" 2019 4309 8.91963
"495" 2019 4224 6.7584
"496" 2019 4307 6.84813
"497" 2019 4591 6.220805
"498" 2019 4452 10.3509
"499" 2019 4516 16.91242
"500" 2019 4496 15.15152
"501" 2019 4414 15.449
"502" 2019 4177 18.357915
"503" 2019 4377 19.56519
"504" 2019 4373 19.02255
"505" 2019 4171 22.585965
"506" 2019 4149 23.06844
"507" 2019 4009 23.33238
"508" 2019 3828 26.58546
"509" 2019 3675 28.903875
"510" 2019 3608 29.42324
"511" 2019 3365 31.6983
"512" 2019 3289 38.530635
"513" 2019 3228 40.5114
"514" 2019 3055 40.494025
"515" 2019 2958 42.95016
"516" 2019 2760 53.1024
"517" 2019 2537 59.936625
"518" 2019 2512 66.96992
"519" 2019 2247 59.29833
"520" 2019 2097 59.900805
"521" 2019 1950 58.032
"522" 2019 1672 51.43908
"523" 2019 1535 59.3431
"524" 2019 1448 62.43052
"525" 2019 1336 63.48004
"526" 2019 1303 71.06562
"527" 2019 1263 78.91224
"528" 2019 1120 79.996
"529" 2019 1060 86.337
"530" 2019 975 90.319125
"531" 2019 920 96.6506
"532" 2019 833 98.931245
"533" 2019 790 105.7099
"534" 2019 651 97.78671
"535" 2019 538 90.35979
"536" 2019 430 80.4143
"537" 2019 363 75.251715
"538" 2019 266 60.84351
"539" 2019 196 49.22736
"540" 2019 148 40.6112
"541" 2019 97 28.930735
"542" 2019 63 20.3175
"543" 2019 44.58 15.4641333
"544" 2019 29.38 10.9046808
"545" 2019 23.55 9.304134
"546" 2019 14.34 5.9999994
"547" 2019 4.71 2.07680385
"548" 2019 2.76 1.2764172
"549" 2019 1.68 0.8112048
"550" 2019 0 0
"551" 2019 1.57 0.81604675
"552" 2019 0.43 0.2305617
"553" 2019 0.56 0.3086804
"554" 2019 0.44 0.3428436
"555" 2019 0 0
"556" 2020 4462 3.30188
"557" 2020 4275 0.98325
"558" 2020 4156 0.9351
"559" 2020 4183 1.401305
"560" 2020 4286 0.96435
"561" 2020 4473 0
"562" 2020 4481 0
"563" 2020 4647 0.487935
"564" 2020 4663 0.489615
"565" 2020 4963 0.54593
"566" 2020 5025 0.55275
"567" 2020 4870 0
"568" 2020 4664 0
"569" 2020 4601 0
"570" 2020 4470 0.51405
"571" 2020 4521 1.03983
"572" 2020 4350 1.50075
"573" 2020 4274 1.94467
"574" 2020 4398 1.93512
"575" 2020 4700 1.9975
"576" 2020 4696 0.98616
"577" 2020 4947 0.9894
"578" 2020 5161 2.99338
"579" 2020 5448 2.61504
"580" 2020 5518 2.12443
"581" 2020 5886 2.23668
"582" 2020 6201 3.65859
"583" 2020 6123 5.480085
"584" 2020 6081 2.4324
"585" 2020 6276 3.48318
"586" 2020 5938 4.63164
"587" 2020 5896 1.94568
"588" 2020 5341 3.36483
"589" 2020 5146 4.83724
"590" 2020 5067 5.32035
"591" 2020 5168 3.28168
"592" 2020 5265 3.395925
"593" 2020 5234 4.60592
"594" 2020 5126 4.17769
"595" 2020 5280 3.6696
"596" 2020 5168 3.02328
"597" 2020 4774 5.53784
"598" 2020 4600 4.163
"599" 2020 4746 2.63403
"600" 2020 4723 3.943705
"601" 2020 4554 2.82348
"602" 2020 4871 3.60454
"603" 2020 4903 7.15838
"604" 2020 4423 9.354645
"605" 2020 4214 8.72298
"606" 2020 4340 6.944
"607" 2020 4266 6.78294
"608" 2020 4353 5.898315
"609" 2020 4589 10.669425
"610" 2020 4479 16.773855
"611" 2020 4508 15.19196
"612" 2020 4500 15.75
"613" 2020 4408 19.37316
"614" 2020 4177 18.67119
"615" 2020 4372 19.0182
"616" 2020 4363 23.625645
"617" 2020 4160 23.1296
"618" 2020 4133 24.05406
"619" 2020 3977 27.620265
"620" 2020 3800 29.887
"621" 2020 3641 29.692355
"622" 2020 3582 33.74244
"623" 2020 3327 38.975805
"624" 2020 3249 40.77495
"625" 2020 3182 42.17741
"626" 2020 3015 43.7778
"627" 2020 2923 56.23852
"628" 2020 2722 64.30725
"629" 2020 2499 66.62334
"630" 2020 2458 64.86662
"631" 2020 2211 63.157215
"632" 2020 2044 60.82944
"633" 2020 1899 58.422735
"634" 2020 1637 63.28642
"635" 2020 1482 63.89643
"636" 2020 1396 66.33094
"637" 2020 1275 69.5385
"638" 2020 1242 77.60016
"639" 2020 1181 84.352925
"640" 2020 1044 85.0338
"641" 2020 971 89.948585
"642" 2020 881 92.553455
"643" 2020 829 98.456185
"644" 2020 752 100.62512
"645" 2020 720 108.1512
"646" 2020 561 94.222755
"647" 2020 440 82.2844
"648" 2020 355 73.593275
"649" 2020 309 70.679115
"650" 2020 201 50.48316
"651" 2020 153 41.9832
"652" 2020 98 29.22899
"653" 2020 73 23.5425
"654" 2020 40 13.8754
"655" 2020 29.58 10.9789128
"656" 2020 18.73 7.3998484
"657" 2020 14.52 6.0753132
"658" 2020 10.45 4.60777075
"659" 2020 3.72 1.7203884
"660" 2020 0.57 0.2752302
"661" 2020 0.43 0.21585355
"662" 2020 0 0
"663" 2020 1 0.53619
"664" 2020 0 0
"665" 2020 0 0
"666" 2020 0 0
"667" 2021 4527 3.34998
"668" 2021 4517 1.03891
"669" 2021 4327 0.973575
"670" 2021 4216 1.41236
"671" 2021 4240 0.954
"672" 2021 4325 0
"673" 2021 4542 0
"674" 2021 4529 0.475545
"675" 2021 4712 0.49476
"676" 2021 4715 0.51865
"677" 2021 5020 0.5522
"678" 2021 5078 0
"679" 2021 4907 0
"680" 2021 4711 0
"681" 2021 4623 0.531645
"682" 2021 4505 1.03615
"683" 2021 4546 1.56837
"684" 2021 4396 2.00018
"685" 2021 4345 1.9118
"686" 2021 4511 1.917175
"687" 2021 4846 1.01766
"688" 2021 4798 0.9596
"689" 2021 5026 2.91508
"690" 2021 5288 2.53824
"691" 2021 5508 2.12058
"692" 2021 5615 2.1337
"693" 2021 5964 3.51876
"694" 2021 6284 5.62418
"695" 2021 6220 2.488
"696" 2021 6138 3.40659
"697" 2021 6311 4.92258
"698" 2021 5994 1.97802
"699" 2021 5900 3.717
"700" 2021 5367 5.04498
"701" 2021 5152 5.4096
"702" 2021 5127 3.255645
"703" 2021 5208 3.35916
"704" 2021 5295 4.6596
"705" 2021 5288 4.30972
"706" 2021 5148 3.57786
"707" 2021 5305 3.103425
"708" 2021 5196 6.02736
"709" 2021 4756 4.30418
"710" 2021 4594 2.54967
"711" 2021 4765 3.978775
"712" 2021 4729 2.93198
"713" 2021 4576 3.38624
"714" 2021 4877 7.12042
"715" 2021 4898 10.35927
"716" 2021 4433 9.17631
"717" 2021 4222 6.7552
"718" 2021 4308 6.84972
"719" 2021 4260 5.7723
"720" 2021 4349 10.111425
"721" 2021 4574 17.12963
"722" 2021 4469 15.06053
"723" 2021 4490 15.715
"724" 2021 4479 19.685205
"725" 2021 4382 19.58754
"726" 2021 4138 18.0003
"727" 2021 4351 23.560665
"728" 2021 4331 24.08036
"729" 2021 4127 24.01914
"730" 2021 4102 28.48839
"731" 2021 3953 31.090345
"732" 2021 3771 30.752505
"733" 2021 3612 34.02504
"734" 2021 3547 41.553105
"735" 2021 3280 41.164
"736" 2021 3205 42.482275
"737" 2021 3153 45.78156
"738" 2021 2991 57.54684
"739" 2021 2879 68.016375
"740" 2021 2685 71.5821
"741" 2021 2460 64.9194
"742" 2021 2407 68.755955
"743" 2021 2151 64.01376
"744" 2021 1995 61.376175
"745" 2021 1847 71.40502
"746" 2021 1581 68.164815
"747" 2021 1428 67.85142
"748" 2021 1344 73.30176
"749" 2021 1220 76.2256
"750" 2021 1158 82.71015
"751" 2021 1095 89.18775
"752" 2021 968 89.67068
"753" 2021 896 94.12928
"754" 2021 814 96.67471
"755" 2021 732 97.94892
"756" 2021 662 99.43902
"757" 2021 633 106.315515
"758" 2021 479 89.57779
"759" 2021 362 75.04441
"760" 2021 290 66.33315
"761" 2021 248 62.28768
"762" 2021 156 42.8064
"763" 2021 111 33.106305
"764" 2021 64 20.64
"765" 2021 62 21.50687
"766" 2021 30 11.1348
"767" 2021 15 5.9262
"768" 2021 10 4.1841
"769" 2021 9 3.968415
"770" 2021 6 2.77482
"771" 2021 2 0.96572
"772" 2021 0 0
"773" 2021 0 0
"774" 2021 0 0
"775" 2021 1 0.551215
"776" 2021 0 0
"777" 2021 0 0
