"year" "population" "expected"
"1" 2015 4358 7.27786
"2" 2015 4352 1.02272
"3" 2015 4574 0.84619
"4" 2015 4513 0.609255
"5" 2015 4882 0.63466
"6" 2015 4875 0.316875
"7" 2015 4720 0
"8" 2015 4542 0.09084
"9" 2015 4469 0.08938
"10" 2015 4392 0.19764
"11" 2015 4380 0.3942
"12" 2015 4228 0.48622
"13" 2015 4096 0.28672
"14" 2015 4207 0
"15" 2015 4414 0.30898
"16" 2015 4254 0.70191
"17" 2015 4346 1.02131
"18" 2015 4404 1.89372
"19" 2015 4566 2.21451
"20" 2015 4540 1.6571
"21" 2015 4845 1.30815
"22" 2015 5032 1.0064
"23" 2015 5043 1.285965
"24" 2015 4916 2.13846
"25" 2015 5203 2.783605
"26" 2015 4876 2.48676
"27" 2015 5015 2.482425
"28" 2015 4561 2.029645
"29" 2015 4368 1.98744
"30" 2015 4414 2.78082
"31" 2015 4539 3.018435
"32" 2015 4647 2.764965
"33" 2015 4704 3.8808
"34" 2015 4670 4.22635
"35" 2015 4809 4.111695
"36" 2015 4679 3.50925
"37" 2015 4288 3.62336
"38" 2015 4143 3.915135
"39" 2015 4367 3.384425
"40" 2015 4304 3.29256
"41" 2015 4173 3.71397
"42" 2015 4475 3.89325
"43" 2015 4547 4.72888
"44" 2015 4130 4.8734
"45" 2015 3897 3.42936
"46" 2015 4055 3.142625
"47" 2015 4031 3.95038
"48" 2015 4120 6.3448
"49" 2015 4412 8.51516
"50" 2015 4360 8.6982
"51" 2015 4414 8.89421
"52" 2015 4380 8.6286
"53" 2015 4351 8.854285
"54" 2015 4119 10.482855
"55" 2015 4341 15.736125
"56" 2015 4376 15.95052
"57" 2015 4167 14.04279
"58" 2015 4144 15.56072
"59" 2015 4046 18.49022
"60" 2015 3893 17.82994
"61" 2015 3736 17.29768
"62" 2015 3689 20.62151
"63" 2015 3455 21.2828
"64" 2015 3356 21.41128
"65" 2015 3357 24.992865
"66" 2015 3167 26.53946
"67" 2015 3076 27.31488
"68" 2015 2903 27.81074
"69" 2015 2685 27.830025
"70" 2015 2656 32.58912
"71" 2015 2411 33.090975
"72" 2015 2277 35.93106
"73" 2015 2141 38.60223
"74" 2015 1854 38.44269
"75" 2015 1695 39.0189
"76" 2015 1652 40.20142
"77" 2015 1557 41.377275
"78" 2015 1522 46.29924
"79" 2015 1485 52.85115
"80" 2015 1408 56.08768
"81" 2015 1349 63.139945
"82" 2015 1295 73.057425
"83" 2015 1246 79.53841
"84" 2015 1216 85.60032
"85" 2015 1171 92.1577
"86" 2015 982 85.71878
"87" 2015 874 87.68842
"88" 2015 769 86.99697
"89" 2015 694 85.60143
"90" 2015 566 78.81833
"91" 2015 447 70.47402
"92" 2015 390 69.42
"93" 2015 305 60.004175
"94" 2015 244 52.66496
"95" 2015 157.58 37.5402834
"96" 2015 108.38 28.211314
"97" 2015 87.97 24.90122805
"98" 2015 56.73 17.3781009
"99" 2015 33.74 11.1298138
"100" 2015 24.29 8.58542195
"101" 2015 12.09 4.5562374
"102" 2015 8.71 3.4827806
"103" 2015 6.21 2.6221104
"104" 2015 1.87 0.82993405
"105" 2015 2.09 0.97064825
"106" 2015 1.9 0.919486
"107" 2015 0.44 0.2209966
"108" 2015 0 0
"109" 2015 0.56 0.29967
"110" 2015 0.44 0.3393918
"111" 2015 0 0
"112" 2016 4113 6.86871
"113" 2016 4351 1.022485
"114" 2016 4349 0.804565
"115" 2016 4546 0.61371
"116" 2016 4486 0.58318
"117" 2016 4853 0.315445
"118" 2016 4856 0
"119" 2016 4708 0.09416
"120" 2016 4531 0.09062
"121" 2016 4460 0.2007
"122" 2016 4361 0.39249
"123" 2016 4379 0.503585
"124" 2016 4229 0.29603
"125" 2016 4120 0
"126" 2016 4198 0.29386
"127" 2016 4411 0.727815
"128" 2016 4254 0.99969
"129" 2016 4350 1.8705
"130" 2016 4437 2.151945
"131" 2016 4669 1.704185
"132" 2016 4657 1.25739
"133" 2016 4952 0.9904
"134" 2016 5145 1.311975
"135" 2016 5104 2.22024
"136" 2016 5028 2.68998
"137" 2016 5255 2.68005
"138" 2016 4985 2.467575
"139" 2016 5070 2.25615
"140" 2016 4622 2.10301
"141" 2016 4438 2.79594
"142" 2016 4438 2.95127
"143" 2016 4542 2.70249
"144" 2016 4673 3.855225
"145" 2016 4746 4.29513
"146" 2016 4710 4.02705
"147" 2016 4826 3.6195
"148" 2016 4724 3.99178
"149" 2016 4336 4.09752
"150" 2016 4161 3.224775
"151" 2016 4384 3.35376
"152" 2016 4344 3.86616
"153" 2016 4175 3.63225
"154" 2016 4488 4.66752
"155" 2016 4568 5.39024
"156" 2016 4146 3.64848
"157" 2016 3915 3.034125
"158" 2016 4069 3.98762
"159" 2016 4034 6.21236
"160" 2016 4124 7.95932
"161" 2016 4425 8.827875
"162" 2016 4359 8.783385
"163" 2016 4415 8.69755
"164" 2016 4382 8.91737
"165" 2016 4352 11.07584
"166" 2016 4141 15.011125
"167" 2016 4334 15.79743
"168" 2016 4362 14.69994
"169" 2016 4158 15.61329
"170" 2016 4148 18.95636
"171" 2016 4028 18.44824
"172" 2016 3876 17.94588
"173" 2016 3720 20.7948
"174" 2016 3652 22.49632
"175" 2016 3446 21.98548
"176" 2016 3338 24.85141
"177" 2016 3329 27.89702
"178" 2016 3127 27.76776
"179" 2016 3057 29.28606
"180" 2016 2872 29.76828
"181" 2016 2660 32.6382
"182" 2016 2627 36.055575
"183" 2016 2372 37.43016
"184" 2016 2241 40.40523
"185" 2016 2098 43.50203
"186" 2016 1813 41.73526
"187" 2016 1667 40.566445
"188" 2016 1612 42.8389
"189" 2016 1519 46.20798
"190" 2016 1470 52.3173
"191" 2016 1450 57.76075
"192" 2016 1343 62.859115
"193" 2016 1291 72.831765
"194" 2016 1223 78.070205
"195" 2016 1169 82.291755
"196" 2016 1127 88.6949
"197" 2016 1080 94.2732
"198" 2016 909 91.19997
"199" 2016 797 90.16461
"200" 2016 661 81.531045
"201" 2016 608 84.66704
"202" 2016 486 76.62276
"203" 2016 370 65.86
"204" 2016 314 61.77479
"205" 2016 246 53.09664
"206" 2016 187 44.54901
"207" 2016 113.58 29.564874
"208" 2016 73.38 20.7713097
"209" 2016 63.97 19.5959301
"210" 2016 40.73 13.4356051
"211" 2016 20.74 7.3306567
"212" 2016 14.14 5.3288004
"213" 2016 9.53 3.8106658
"214" 2016 5.19 2.1914256
"215" 2016 3.89 1.72644035
"216" 2016 0.85 0.39476125
"217" 2016 1.12 0.5420128
"218" 2016 0.88 0.4419932
"219" 2016 0 0
"220" 2016 0 0
"221" 2016 0 0
"222" 2016 0 0
"223" 2017 4049 6.76183
"224" 2017 4154 0.97619
"225" 2017 4373 0.809005
"226" 2017 4366 0.58941
"227" 2017 4555 0.59215
"228" 2017 4534 0.29471
"229" 2017 4868 0
"230" 2017 4904 0.09808
"231" 2017 4748 0.09496
"232" 2017 4552 0.20484
"233" 2017 4501 0.40509
"234" 2017 4360 0.5014
"235" 2017 4416 0.30912
"236" 2017 4265 0
"237" 2017 4171 0.29197
"238" 2017 4232 0.69828
"239" 2017 4455 1.046925
"240" 2017 4281 1.84083
"241" 2017 4416 2.14176
"242" 2017 4559 1.664035
"243" 2017 4804 1.29708
"244" 2017 4775 0.955
"245" 2017 5048 1.28724
"246" 2017 5321 2.314635
"247" 2017 5238 2.80233
"248" 2017 5201 2.65251
"249" 2017 5421 2.683395
"250" 2017 5106 2.27217
"251" 2017 5218 2.37419
"252" 2017 4755 2.99565
"253" 2017 4570 3.03905
"254" 2017 4536 2.69892
"255" 2017 4638 3.82635
"256" 2017 4790 4.33495
"257" 2017 4807 4.109985
"258" 2017 4783 3.58725
"259" 2017 4906 4.14557
"260" 2017 4827 4.561515
"261" 2017 4437 3.438675
"262" 2017 4225 3.232125
"263" 2017 4445 3.95605
"264" 2017 4393 3.82191
"265" 2017 4259 4.42936
"266" 2017 4558 5.37844
"267" 2017 4642 4.08496
"268" 2017 4213 3.265075
"269" 2017 3977 3.89746
"270" 2017 4127 6.35558
"271" 2017 4062 7.83966
"272" 2017 4168 8.31516
"273" 2017 4467 9.001005
"274" 2017 4392 8.65224
"275" 2017 4439 9.033365
"276" 2017 4431 11.276895
"277" 2017 4354 15.78325
"278" 2017 4155 15.144975
"279" 2017 4347 14.64939
"280" 2017 4356 16.35678
"281" 2017 4150 18.9655
"282" 2017 4151 19.01158
"283" 2017 4030 18.6589
"284" 2017 3857 21.56063
"285" 2017 3709 22.84744
"286" 2017 3642 23.23596
"287" 2017 3419 25.454455
"288" 2017 3327 27.88026
"289" 2017 3282 29.14416
"290" 2017 3105 29.7459
"291" 2017 3022 31.32303
"292" 2017 2831 34.73637
"293" 2017 2624 36.0144
"294" 2017 2590 40.8702
"295" 2017 2331 42.02793
"296" 2017 2187 45.347445
"297" 2017 2042 47.00684
"298" 2017 1763 42.902605
"299" 2017 1624 43.1578
"300" 2017 1560 47.4552
"301" 2017 1465 52.13935
"302" 2017 1417 56.446195
"303" 2017 1399 65.480195
"304" 2017 1283 72.380445
"305" 2017 1212 77.36802
"306" 2017 1140 80.2503
"307" 2017 1090 85.783
"308" 2017 1044 91.13076
"309" 2017 971 97.42043
"310" 2017 822 92.99286
"311" 2017 705 86.958225
"312" 2017 574 79.93237
"313" 2017 495 78.0417
"314" 2017 406 72.268
"315" 2017 300 59.0205
"316" 2017 248 53.52832
"317" 2017 186 44.31078
"318" 2017 136 35.4008
"319" 2017 88.58 25.0738977
"320" 2017 51.38 15.7392354
"321" 2017 45.97 15.1641239
"322" 2017 33.73 11.92203715
"323" 2017 14.94 5.6302884
"324" 2017 9.02 3.6067372
"325" 2017 5.69 2.4025456
"326" 2017 2.8 1.242682
"327" 2017 3.04 1.411852
"328" 2017 0.85 0.411349
"329" 2017 1.12 0.5625368
"330" 2017 0.88 0.4570192
"331" 2017 0 0
"332" 2017 0 0
"333" 2017 0 0
"334" 2018 4093 6.83531
"335" 2018 4118 0.96773
"336" 2018 4218 0.78033
"337" 2018 4410 0.59535
"338" 2018 4433 0.57629
"339" 2018 4597 0.298805
"340" 2018 4579 0
"341" 2018 4909 0.09818
"342" 2018 4957 0.09914
"343" 2018 4793 0.215685
"344" 2018 4591 0.41319
"345" 2018 4550 0.52325
"346" 2018 4407 0.30849
"347" 2018 4451 0
"348" 2018 4301 0.30107
"349" 2018 4206 0.69399
"350" 2018 4278 1.00533
"351" 2018 4492 1.93156
"352" 2018 4354 2.11169
"353" 2018 4595 1.677175
"354" 2018 4748 1.28196
"355" 2018 5009 1.0018
"356" 2018 5021 1.280355
"357" 2018 5348 2.32638
"358" 2018 5595 2.993325
"359" 2018 5529 2.81979
"360" 2018 5594 2.76903
"361" 2018 5838 2.59791
"362" 2018 5448 2.47884
"363" 2018 5522 3.47886
"364" 2018 5022 3.33963
"365" 2018 4822 2.86909
"366" 2018 4796 3.9567
"367" 2018 4886 4.42183
"368" 2018 5034 4.30407
"369" 2018 5000 3.75
"370" 2018 4920 4.1574
"371" 2018 5101 4.820445
"372" 2018 4983 3.861825
"373" 2018 4591 3.512115
"374" 2018 4398 3.91422
"375" 2018 4589 3.99243
"376" 2018 4533 4.71432
"377" 2018 4392 5.18256
"378" 2018 4710 4.1448
"379" 2018 4787 3.709925
"380" 2018 4336 4.24928
"381" 2018 4089 6.29706
"382" 2018 4229 8.16197
"383" 2018 4161 8.301195
"384" 2018 4259 8.581885
"385" 2018 4532 8.92804
"386" 2018 4443 9.041505
"387" 2018 4494 11.43723
"388" 2018 4493 16.287125
"389" 2018 4411 16.078095
"390" 2018 4175 14.06975
"391" 2018 4384 16.46192
"392" 2018 4381 20.02117
"393" 2018 4181 19.14898
"394" 2018 4157 19.24691
"395" 2018 4032 22.53888
"396" 2018 3836 23.62976
"397" 2018 3700 23.606
"398" 2018 3626 26.99557
"399" 2018 3404 28.52552
"400" 2018 3306 29.35728
"401" 2018 3251 31.14458
"402" 2018 3077 31.893105
"403" 2018 2989 36.67503
"404" 2018 2800 38.43
"405" 2018 2585 40.7913
"406" 2018 2542 45.83226
"407" 2018 2298 47.64903
"408" 2018 2141 49.28582
"409" 2018 1995 48.548325
"410" 2018 1715 45.576125
"411" 2018 1579 48.03318
"412" 2018 1509 53.70531
"413" 2018 1411 56.207185
"414" 2018 1363 63.795215
"415" 2018 1330 75.03195
"416" 2018 1203 76.793505
"417" 2018 1136 79.96872
"418" 2018 1054 82.9498
"419" 2018 1005 87.72645
"420" 2018 945 94.81185
"421" 2018 891 100.79883
"422" 2018 734 90.53523
"423" 2018 615 85.641825
"424" 2018 492 77.56872
"425" 2018 431 76.718
"426" 2018 329 64.725815
"427" 2018 241 52.01744
"428" 2018 199 47.40777
"429" 2018 140 36.442
"430" 2018 96 27.17424
"431" 2018 59.58 18.2511414
"432" 2018 37.38 12.3305406
"433" 2018 33.97 12.00686635
"434" 2018 20.35 7.669101
"435" 2018 9.53 3.8106658
"436" 2018 6.24 2.6347776
"437" 2018 5.26 2.3344669
"438" 2018 1.69 0.78487825
"439" 2018 1.57 0.7597858
"440" 2018 0.43 0.21597395
"441" 2018 0.56 0.2908304
"442" 2018 0.44 0.235455
"443" 2018 0 0
"444" 2018 0 0
"445" 2019 4231 7.06577
"446" 2019 4125 0.969375
"447" 2019 4157 0.769045
"448" 2019 4259 0.574965
"449" 2019 4456 0.57928
"450" 2019 4459 0.289835
"451" 2019 4618 0
"452" 2019 4627 0.09254
"453" 2019 4933 0.09866
"454" 2019 4983 0.224235
"455" 2019 4834 0.43506
"456" 2019 4630 0.53245
"457" 2019 4580 0.3206
"458" 2019 4440 0
"459" 2019 4485 0.31395
"460" 2019 4329 0.714285
"461" 2019 4241 0.996635
"462" 2019 4321 1.85803
"463" 2019 4542 2.20287
"464" 2019 4512 1.64688
"465" 2019 4778 1.29006
"466" 2019 4971 0.9942
"467" 2019 5219 1.330845
"468" 2019 5284 2.29854
"469" 2019 5661 3.028635
"470" 2019 5952 3.03552
"471" 2019 5860 2.9007
"472" 2019 5904 2.62728
"473" 2019 6090 2.77095
"474" 2019 5765 3.63195
"475" 2019 5724 3.80646
"476" 2019 5222 3.10709
"477" 2019 5032 4.1514
"478" 2019 4946 4.47613
"479" 2019 5065 4.330575
"480" 2019 5167 3.87525
"481" 2019 5155 4.355975
"482" 2019 5050 4.77225
"483" 2019 5179 4.013725
"484" 2019 5110 3.90915
"485" 2019 4701 4.18389
"486" 2019 4529 3.94023
"487" 2019 4680 4.8672
"488" 2019 4656 5.49408
"489" 2019 4477 3.93976
"490" 2019 4826 3.74015
"491" 2019 4875 4.7775
"492" 2019 4379 6.74366
"493" 2019 4165 8.03845
"494" 2019 4309 8.596455
"495" 2019 4224 8.51136
"496" 2019 4307 8.48479
"497" 2019 4591 9.342685
"498" 2019 4452 11.33034
"499" 2019 4516 16.3705
"500" 2019 4496 16.38792
"501" 2019 4414 14.87518
"502" 2019 4177 15.684635
"503" 2019 4377 20.00289
"504" 2019 4373 20.02834
"505" 2019 4171 19.31173
"506" 2019 4149 23.19291
"507" 2019 4009 24.69544
"508" 2019 3828 24.42264
"509" 2019 3675 27.360375
"510" 2019 3608 30.23504
"511" 2019 3365 29.8812
"512" 2019 3289 31.50862
"513" 2019 3228 33.45822
"514" 2019 3055 37.48485
"515" 2019 2958 40.59855
"516" 2019 2760 43.5528
"517" 2019 2537 45.74211
"518" 2019 2512 52.08632
"519" 2019 2247 51.72594
"520" 2019 2097 51.030495
"521" 2019 1950 51.82125
"522" 2019 1672 50.86224
"523" 2019 1535 54.63065
"524" 2019 1448 57.68108
"525" 2019 1336 62.53148
"526" 2019 1303 73.508745
"527" 2019 1263 80.623605
"528" 2019 1120 78.8424
"529" 2019 1060 83.422
"530" 2019 975 85.10775
"531" 2019 920 92.3036
"532" 2019 833 94.23729
"533" 2019 790 97.44255
"534" 2019 651 90.655005
"535" 2019 538 84.82108
"536" 2019 430 76.54
"537" 2019 363 71.414805
"538" 2019 266 57.41344
"539" 2019 196 46.69308
"540" 2019 148 38.5244
"541" 2019 97 27.457305
"542" 2019 63 19.29879
"543" 2019 44.58 14.7056046
"544" 2019 29.38 10.3845079
"545" 2019 23.55 8.875053
"546" 2019 14.34 5.7339924
"547" 2019 4.71 1.9887504
"548" 2019 2.76 1.2249294
"549" 2019 1.68 0.780234
"550" 2019 0 0
"551" 2019 1.57 0.78855605
"552" 2019 0.43 0.2233162
"553" 2019 0.56 0.29967
"554" 2019 0.44 0.3393918
"555" 2019 0 0
"556" 2020 4462 7.45154
"557" 2020 4275 1.004625
"558" 2020 4156 0.76886
"559" 2020 4183 0.564705
"560" 2020 4286 0.55718
"561" 2020 4473 0.290745
"562" 2020 4481 0
"563" 2020 4647 0.09294
"564" 2020 4663 0.09326
"565" 2020 4963 0.223335
"566" 2020 5025 0.45225
"567" 2020 4870 0.56005
"568" 2020 4664 0.32648
"569" 2020 4601 0
"570" 2020 4470 0.3129
"571" 2020 4521 0.745965
"572" 2020 4350 1.02225
"573" 2020 4274 1.83782
"574" 2020 4398 2.13303
"575" 2020 4700 1.7155
"576" 2020 4696 1.26792
"577" 2020 4947 0.9894
"578" 2020 5161 1.316055
"579" 2020 5448 2.36988
"580" 2020 5518 2.95213
"581" 2020 5886 3.00186
"582" 2020 6201 3.069495
"583" 2020 6123 2.724735
"584" 2020 6081 2.766855
"585" 2020 6276 3.95388
"586" 2020 5938 3.94877
"587" 2020 5896 3.50812
"588" 2020 5341 4.406325
"589" 2020 5146 4.65713
"590" 2020 5067 4.332285
"591" 2020 5168 3.876
"592" 2020 5265 4.448925
"593" 2020 5234 4.94613
"594" 2020 5126 3.97265
"595" 2020 5280 4.0392
"596" 2020 5168 4.59952
"597" 2020 4774 4.15338
"598" 2020 4600 4.784
"599" 2020 4746 5.60028
"600" 2020 4723 4.15624
"601" 2020 4554 3.52935
"602" 2020 4871 4.77358
"603" 2020 4903 7.55062
"604" 2020 4423 8.53639
"605" 2020 4214 8.40693
"606" 2020 4340 8.7451
"607" 2020 4266 8.40402
"608" 2020 4353 8.858355
"609" 2020 4589 11.679005
"610" 2020 4479 16.236375
"611" 2020 4508 16.43166
"612" 2020 4500 15.165
"613" 2020 4408 16.55204
"614" 2020 4177 19.08889
"615" 2020 4372 20.02376
"616" 2020 4363 20.20069
"617" 2020 4160 23.2544
"618" 2020 4133 25.45928
"619" 2020 3977 25.37326
"620" 2020 3800 28.291
"621" 2020 3641 30.51158
"622" 2020 3582 31.80816
"623" 2020 3327 31.87266
"624" 2020 3249 33.675885
"625" 2020 3182 39.04314
"626" 2020 3015 41.380875
"627" 2020 2923 46.12494
"628" 2020 2722 49.07766
"629" 2020 2499 51.816765
"630" 2020 2458 56.58316
"631" 2020 2211 53.804685
"632" 2020 2044 54.3193
"633" 2020 1899 57.76758
"634" 2020 1637 58.26083
"635" 2020 1482 59.03547
"636" 2020 1396 65.33978
"637" 2020 1275 71.929125
"638" 2020 1242 79.28307
"639" 2020 1181 83.136495
"640" 2020 1044 82.1628
"641" 2020 971 84.75859
"642" 2020 881 88.39073
"643" 2020 829 93.78477
"644" 2020 752 92.75544
"645" 2020 720 100.2636
"646" 2020 561 88.44726
"647" 2020 440 78.32
"648" 2020 355 69.840925
"649" 2020 309 66.69456
"650" 2020 201 47.88423
"651" 2020 153 39.8259
"652" 2020 98 27.74037
"653" 2020 73 22.36209
"654" 2020 40 13.1948
"655" 2020 29.58 10.4551989
"656" 2020 18.73 7.0585878
"657" 2020 14.52 5.8059672
"658" 2020 10.45 4.412408
"659" 2020 3.72 1.6509918
"660" 2020 0.57 0.26472225
"661" 2020 0.43 0.2080942
"662" 2020 0 0
"663" 2020 1 0.51934
"664" 2020 0 0
"665" 2020 0 0
"666" 2020 0 0
"667" 2021 4527 7.56009
"668" 2021 4517 1.061495
"669" 2021 4327 0.800495
"670" 2021 4216 0.56916
"671" 2021 4240 0.5512
"672" 2021 4325 0.281125
"673" 2021 4542 0
"674" 2021 4529 0.09058
"675" 2021 4712 0.09424
"676" 2021 4715 0.212175
"677" 2021 5020 0.4518
"678" 2021 5078 0.58397
"679" 2021 4907 0.34349
"680" 2021 4711 0
"681" 2021 4623 0.32361
"682" 2021 4505 0.743325
"683" 2021 4546 1.06831
"684" 2021 4396 1.89028
"685" 2021 4345 2.107325
"686" 2021 4511 1.646515
"687" 2021 4846 1.30842
"688" 2021 4798 0.9596
"689" 2021 5026 1.28163
"690" 2021 5288 2.30028
"691" 2021 5508 2.94678
"692" 2021 5615 2.86365
"693" 2021 5964 2.95218
"694" 2021 6284 2.79638
"695" 2021 6220 2.8301
"696" 2021 6138 3.86694
"697" 2021 6311 4.196815
"698" 2021 5994 3.56643
"699" 2021 5900 4.8675
"700" 2021 5367 4.857135
"701" 2021 5152 4.40496
"702" 2021 5127 3.84525
"703" 2021 5208 4.40076
"704" 2021 5295 5.003775
"705" 2021 5288 4.0982
"706" 2021 5148 3.93822
"707" 2021 5305 4.72145
"708" 2021 5196 4.52052
"709" 2021 4756 4.94624
"710" 2021 4594 5.42092
"711" 2021 4765 4.1932
"712" 2021 4729 3.664975
"713" 2021 4576 4.48448
"714" 2021 4877 7.51058
"715" 2021 4898 9.45314
"716" 2021 4433 8.843835
"717" 2021 4222 8.50733
"718" 2021 4308 8.48676
"719" 2021 4260 8.6691
"720" 2021 4349 11.068205
"721" 2021 4574 16.58075
"722" 2021 4469 16.289505
"723" 2021 4490 15.1313
"724" 2021 4479 16.818645
"725" 2021 4382 20.02574
"726" 2021 4138 18.95204
"727" 2021 4351 20.14513
"728" 2021 4331 24.21029
"729" 2021 4127 25.42232
"730" 2021 4102 26.17076
"731" 2021 3953 29.430085
"732" 2021 3771 31.60098
"733" 2021 3612 32.07456
"734" 2021 3547 33.98026
"735" 2021 3280 33.9972
"736" 2021 3205 39.32535
"737" 2021 3153 43.274925
"738" 2021 2991 47.19798
"739" 2021 2879 51.90837
"740" 2021 2685 55.673475
"741" 2021 2460 56.6292
"742" 2021 2407 58.574345
"743" 2021 2151 57.162825
"744" 2021 1995 60.6879
"745" 2021 1847 65.73473
"746" 2021 1581 62.979135
"747" 2021 1428 66.83754
"748" 2021 1344 75.82176
"749" 2021 1220 77.8787
"750" 2021 1158 81.51741
"751" 2021 1095 86.1765
"752" 2021 968 84.49672
"753" 2021 896 89.89568
"754" 2021 814 92.08782
"755" 2021 732 90.28854
"756" 2021 662 92.18681
"757" 2021 633 99.79878
"758" 2021 479 85.262
"759" 2021 362 71.21807
"760" 2021 290 62.5936
"761" 2021 248 59.08104
"762" 2021 156 40.6068
"763" 2021 111 31.420215
"764" 2021 64 19.60512
"765" 2021 62 20.45194
"766" 2021 30 10.60365
"767" 2021 15 5.6529
"768" 2021 10 3.9986
"769" 2021 9 3.80016
"770" 2021 6 2.66289
"771" 2021 2 0.92885
"772" 2021 0 0
"773" 2021 0 0
"774" 2021 0 0
"775" 2021 1 0.535125
"776" 2021 0 0
"777" 2021 0 0
