"year" "population" "expected"
"1" 2015 4358 4.96812
"2" 2015 4352 0.52224
"3" 2015 4574 0
"4" 2015 4513 0
"5" 2015 4882 0
"6" 2015 4875 0
"7" 2015 4720 0
"8" 2015 4542 0
"9" 2015 4469 0
"10" 2015 4392 0
"11" 2015 4380 0
"12" 2015 4228 0
"13" 2015 4096 0
"14" 2015 4207 0
"15" 2015 4414 0
"16" 2015 4254 0.51048
"17" 2015 4346 1.02131
"18" 2015 4404 0.50646
"19" 2015 4566 1.00452
"20" 2015 4540 1.9522
"21" 2015 4845 1.50195
"22" 2015 5032 0.98124
"23" 2015 5043 0.479085
"24" 2015 4916 1.32732
"25" 2015 5203 2.28932
"26" 2015 4876 2.02354
"27" 2015 5015 2.05615
"28" 2015 4561 1.87001
"29" 2015 4368 3.23232
"30" 2015 4414 2.56012
"31" 2015 4539 1.99716
"32" 2015 4647 3.43878
"33" 2015 4704 5.08032
"34" 2015 4670 4.17965
"35" 2015 4809 2.35641
"36" 2015 4679 3.158325
"37" 2015 4288 3.70912
"38" 2015 4143 3.210825
"39" 2015 4367 2.53286
"40" 2015 4304 3.37864
"41" 2015 4173 5.25798
"42" 2015 4475 5.32525
"43" 2015 4547 5.31999
"44" 2015 4130 6.21565
"45" 2015 3897 4.228245
"46" 2015 4055 3.77115
"47" 2015 4031 5.058905
"48" 2015 4120 6.0358
"49" 2015 4412 7.721
"50" 2015 4360 9.1778
"51" 2015 4414 8.73972
"52" 2015 4380 7.9059
"53" 2015 4351 8.723755
"54" 2015 4119 11.03892
"55" 2015 4341 16.40898
"56" 2015 4376 14.59396
"57" 2015 4167 14.313645
"58" 2015 4144 15.8508
"59" 2015 4046 19.07689
"60" 2015 3893 20.730225
"61" 2015 3736 17.72732
"62" 2015 3689 19.643925
"63" 2015 3455 21.714675
"64" 2015 3356 25.37136
"65" 2015 3357 24.33825
"66" 2015 3167 25.446845
"67" 2015 3076 28.56066
"68" 2015 2903 24.283595
"69" 2015 2685 28.48785
"70" 2015 2656 32.85472
"71" 2015 2411 28.37747
"72" 2015 2277 27.62001
"73" 2015 2141 32.35051
"74" 2015 1854 36.92241
"75" 2015 1695 37.451025
"76" 2015 1652 36.07968
"77" 2015 1557 37.04103
"78" 2015 1522 42.03003
"79" 2015 1485 46.265175
"80" 2015 1408 52.75776
"81" 2015 1349 60.05748
"82" 2015 1295 65.934925
"83" 2015 1246 72.44867
"84" 2015 1216 80.61472
"85" 2015 1171 88.35195
"86" 2015 982 84.15249
"87" 2015 874 84.88288
"88" 2015 769 84.4362
"89" 2015 694 85.91373
"90" 2015 566 78.76456
"91" 2015 447 69.69624
"92" 2015 390 67.8873
"93" 2015 305 59.040375
"94" 2015 244 52.3075
"95" 2015 157.58 37.2448209
"96" 2015 108.38 28.1088949
"97" 2015 87.97 24.91266415
"98" 2015 56.73 17.45270085
"99" 2015 33.74 11.216863
"100" 2015 24.29 8.6797886
"101" 2015 12.09 4.61880315
"102" 2015 8.71 3.53856815
"103" 2015 6.21 2.66890275
"104" 2015 1.87 0.84588515
"105" 2015 2.09 0.99021065
"106" 2015 1.9 0.9384955
"107" 2015 0.44 0.225599
"108" 2015 0 0
"109" 2015 0.56 0.3057236
"110" 2015 0.44 0.3417722
"111" 2015 0 0
"112" 2016 4113 4.68882
"113" 2016 4351 0.52212
"114" 2016 4349 0
"115" 2016 4546 0
"116" 2016 4486 0
"117" 2016 4853 0
"118" 2016 4856 0
"119" 2016 4708 0
"120" 2016 4531 0
"121" 2016 4460 0
"122" 2016 4361 0
"123" 2016 4379 0
"124" 2016 4229 0
"125" 2016 4120 0
"126" 2016 4198 0
"127" 2016 4411 0.52932
"128" 2016 4254 0.99969
"129" 2016 4350 0.50025
"130" 2016 4437 0.97614
"131" 2016 4669 2.00767
"132" 2016 4657 1.44367
"133" 2016 4952 0.96564
"134" 2016 5145 0.488775
"135" 2016 5104 1.37808
"136" 2016 5028 2.21232
"137" 2016 5255 2.180825
"138" 2016 4985 2.04385
"139" 2016 5070 2.0787
"140" 2016 4622 3.42028
"141" 2016 4438 2.57404
"142" 2016 4438 1.95272
"143" 2016 4542 3.36108
"144" 2016 4673 5.04684
"145" 2016 4746 4.24767
"146" 2016 4710 2.3079
"147" 2016 4826 3.25755
"148" 2016 4724 4.08626
"149" 2016 4336 3.3604
"150" 2016 4161 2.41338
"151" 2016 4384 3.44144
"152" 2016 4344 5.47344
"153" 2016 4175 4.96825
"154" 2016 4488 5.25096
"155" 2016 4568 6.87484
"156" 2016 4146 4.49841
"157" 2016 3915 3.64095
"158" 2016 4069 5.106595
"159" 2016 4034 5.90981
"160" 2016 4124 7.217
"161" 2016 4425 9.314625
"162" 2016 4359 8.63082
"163" 2016 4415 7.969075
"164" 2016 4382 8.78591
"165" 2016 4352 11.66336
"166" 2016 4141 15.65298
"167" 2016 4334 14.45389
"168" 2016 4362 14.98347
"169" 2016 4158 15.90435
"170" 2016 4148 19.55782
"171" 2016 4028 21.4491
"172" 2016 3876 18.39162
"173" 2016 3720 19.809
"174" 2016 3652 22.95282
"175" 2016 3446 26.05176
"176" 2016 3338 24.2005
"177" 2016 3329 26.748515
"178" 2016 3127 29.034195
"179" 2016 3057 25.571805
"180" 2016 2872 30.47192
"181" 2016 2660 32.9042
"182" 2016 2627 30.91979
"183" 2016 2372 28.77236
"184" 2016 2241 33.86151
"185" 2016 2098 41.78167
"186" 2016 1813 40.058235
"187" 2016 1667 36.40728
"188" 2016 1612 38.34948
"189" 2016 1519 41.947185
"190" 2016 1470 45.79785
"191" 2016 1450 54.3315
"192" 2016 1343 59.79036
"193" 2016 1291 65.731265
"194" 2016 1223 71.111335
"195" 2016 1169 77.498855
"196" 2016 1127 85.03215
"197" 2016 1080 92.5506
"198" 2016 909 88.28208
"199" 2016 797 87.5106
"200" 2016 661 81.828495
"201" 2016 608 84.60928
"202" 2016 486 75.77712
"203" 2016 370 64.4059
"204" 2016 314 60.78255
"205" 2016 246 52.73625
"206" 2016 187 44.198385
"207" 2016 113.58 29.4575409
"208" 2016 73.38 20.7808491
"209" 2016 63.97 19.68005065
"210" 2016 40.73 13.5406885
"211" 2016 20.74 7.4112316
"212" 2016 14.14 5.4019749
"213" 2016 9.53 3.87170545
"214" 2016 5.19 2.23053225
"215" 2016 3.89 1.75962205
"216" 2016 0.85 0.40271725
"217" 2016 1.12 0.5532184
"218" 2016 0.88 0.451198
"219" 2016 0 0
"220" 2016 0 0
"221" 2016 0 0
"222" 2016 0 0
"223" 2017 4049 4.61586
"224" 2017 4154 0.49848
"225" 2017 4373 0
"226" 2017 4366 0
"227" 2017 4555 0
"228" 2017 4534 0
"229" 2017 4868 0
"230" 2017 4904 0
"231" 2017 4748 0
"232" 2017 4552 0
"233" 2017 4501 0
"234" 2017 4360 0
"235" 2017 4416 0
"236" 2017 4265 0
"237" 2017 4171 0
"238" 2017 4232 0.50784
"239" 2017 4455 1.046925
"240" 2017 4281 0.492315
"241" 2017 4416 0.97152
"242" 2017 4559 1.96037
"243" 2017 4804 1.48924
"244" 2017 4775 0.931125
"245" 2017 5048 0.47956
"246" 2017 5321 1.43667
"247" 2017 5238 2.30472
"248" 2017 5201 2.158415
"249" 2017 5421 2.22261
"250" 2017 5106 2.09346
"251" 2017 5218 3.86132
"252" 2017 4755 2.7579
"253" 2017 4570 2.0108
"254" 2017 4536 3.35664
"255" 2017 4638 5.00904
"256" 2017 4790 4.28705
"257" 2017 4807 2.35543
"258" 2017 4783 3.228525
"259" 2017 4906 4.24369
"260" 2017 4827 3.740925
"261" 2017 4437 2.57346
"262" 2017 4225 3.316625
"263" 2017 4445 5.6007
"264" 2017 4393 5.22767
"265" 2017 4259 4.98303
"266" 2017 4558 6.85979
"267" 2017 4642 5.03657
"268" 2017 4213 3.91809
"269" 2017 3977 4.991135
"270" 2017 4127 6.046055
"271" 2017 4062 7.1085
"272" 2017 4168 8.77364
"273" 2017 4467 8.84466
"274" 2017 4392 7.92756
"275" 2017 4439 8.900195
"276" 2017 4431 11.87508
"277" 2017 4354 16.45812
"278" 2017 4155 13.856925
"279" 2017 4347 14.931945
"280" 2017 4356 16.6617
"281" 2017 4150 19.56725
"282" 2017 4151 22.104075
"283" 2017 4030 19.12235
"284" 2017 3857 20.538525
"285" 2017 3709 23.311065
"286" 2017 3642 27.53352
"287" 2017 3419 24.78775
"288" 2017 3327 26.732445
"289" 2017 3282 30.47337
"290" 2017 3105 25.973325
"291" 2017 3022 32.06342
"292" 2017 2831 35.01947
"293" 2017 2624 30.88448
"294" 2017 2590 31.4167
"295" 2017 2331 35.22141
"296" 2017 2187 43.554105
"297" 2017 2042 45.11799
"298" 2017 1763 38.50392
"299" 2017 1624 38.63496
"300" 2017 1560 43.0794
"301" 2017 1465 45.642075
"302" 2017 1417 53.09499
"303" 2017 1399 62.28348
"304" 2017 1283 65.323945
"305" 2017 1212 70.47174
"306" 2017 1140 75.5763
"307" 2017 1090 82.2405
"308" 2017 1044 89.46558
"309" 2017 971 94.30352
"310" 2017 822 90.2556
"311" 2017 705 87.275475
"312" 2017 574 79.87784
"313" 2017 495 77.1804
"314" 2017 406 70.67242
"315" 2017 300 58.0725
"316" 2017 248 53.165
"317" 2017 186 43.96203
"318" 2017 136 35.27228
"319" 2017 88.58 25.0854131
"320" 2017 51.38 15.8068001
"321" 2017 45.97 15.2827265
"322" 2017 33.73 12.0530782
"323" 2017 14.94 5.7076029
"324" 2017 9.02 3.6645103
"325" 2017 5.69 2.44541975
"326" 2017 2.8 1.266566
"327" 2017 3.04 1.4403064
"328" 2017 0.85 0.41985325
"329" 2017 1.12 0.574252
"330" 2017 0.88 0.4664528
"331" 2017 0 0
"332" 2017 0 0
"333" 2017 0 0
"334" 2018 4093 4.66602
"335" 2018 4118 0.49416
"336" 2018 4218 0
"337" 2018 4410 0
"338" 2018 4433 0
"339" 2018 4597 0
"340" 2018 4579 0
"341" 2018 4909 0
"342" 2018 4957 0
"343" 2018 4793 0
"344" 2018 4591 0
"345" 2018 4550 0
"346" 2018 4407 0
"347" 2018 4451 0
"348" 2018 4301 0
"349" 2018 4206 0.50472
"350" 2018 4278 1.00533
"351" 2018 4492 0.51658
"352" 2018 4354 0.95788
"353" 2018 4595 1.97585
"354" 2018 4748 1.47188
"355" 2018 5009 0.976755
"356" 2018 5021 0.476995
"357" 2018 5348 1.44396
"358" 2018 5595 2.4618
"359" 2018 5529 2.294535
"360" 2018 5594 2.29354
"361" 2018 5838 2.39358
"362" 2018 5448 4.03152
"363" 2018 5522 3.20276
"364" 2018 5022 2.20968
"365" 2018 4822 3.56828
"366" 2018 4796 5.17968
"367" 2018 4886 4.37297
"368" 2018 5034 2.46666
"369" 2018 5000 3.375
"370" 2018 4920 4.2558
"371" 2018 5101 3.953275
"372" 2018 4983 2.89014
"373" 2018 4591 3.603935
"374" 2018 4398 5.54148
"375" 2018 4589 5.46091
"376" 2018 4533 5.30361
"377" 2018 4392 6.60996
"378" 2018 4710 5.11035
"379" 2018 4787 4.45191
"380" 2018 4336 5.44168
"381" 2018 4089 5.990385
"382" 2018 4229 7.40075
"383" 2018 4161 8.758905
"384" 2018 4259 8.43282
"385" 2018 4532 8.18026
"386" 2018 4443 8.908215
"387" 2018 4494 12.04392
"388" 2018 4493 16.98354
"389" 2018 4411 14.710685
"390" 2018 4175 14.341125
"391" 2018 4384 16.7688
"392" 2018 4381 20.656415
"393" 2018 4181 22.263825
"394" 2018 4157 19.724965
"395" 2018 4032 21.4704
"396" 2018 3836 24.10926
"397" 2018 3700 27.972
"398" 2018 3626 26.2885
"399" 2018 3404 27.35114
"400" 2018 3306 30.69621
"401" 2018 3251 27.194615
"402" 2018 3077 32.64697
"403" 2018 2989 36.97393
"404" 2018 2800 32.956
"405" 2018 2585 31.35605
"406" 2018 2542 38.40962
"407" 2018 2298 45.76467
"408" 2018 2141 47.305395
"409" 2018 1995 43.5708
"410" 2018 1715 40.79985
"411" 2018 1579 43.604085
"412" 2018 1509 47.012895
"413" 2018 1411 52.87017
"414" 2018 1363 60.68076
"415" 2018 1330 67.71695
"416" 2018 1203 69.948435
"417" 2018 1136 75.31112
"418" 2018 1054 79.5243
"419" 2018 1005 86.123475
"420" 2018 945 91.7784
"421" 2018 891 97.8318
"422" 2018 734 90.86553
"423" 2018 615 85.5834
"424" 2018 492 76.71264
"425" 2018 431 75.02417
"426" 2018 329 63.686175
"427" 2018 241 51.664375
"428" 2018 199 47.034645
"429" 2018 140 36.3097
"430" 2018 96 27.18672
"431" 2018 59.58 18.3294891
"432" 2018 37.38 12.426981
"433" 2018 33.97 12.1388398
"434" 2018 20.35 7.77441225
"435" 2018 9.53 3.87170545
"436" 2018 6.24 2.681796
"437" 2018 5.26 2.3793347
"438" 2018 1.69 0.80069665
"439" 2018 1.57 0.77549365
"440" 2018 0.43 0.22047175
"441" 2018 0.56 0.2968336
"442" 2018 0.44 0.2402114
"443" 2018 0 0
"444" 2018 0 0
"445" 2019 4231 4.82334
"446" 2019 4125 0.495
"447" 2019 4157 0
"448" 2019 4259 0
"449" 2019 4456 0
"450" 2019 4459 0
"451" 2019 4618 0
"452" 2019 4627 0
"453" 2019 4933 0
"454" 2019 4983 0
"455" 2019 4834 0
"456" 2019 4630 0
"457" 2019 4580 0
"458" 2019 4440 0
"459" 2019 4485 0
"460" 2019 4329 0.51948
"461" 2019 4241 0.996635
"462" 2019 4321 0.496915
"463" 2019 4542 0.99924
"464" 2019 4512 1.94016
"465" 2019 4778 1.48118
"466" 2019 4971 0.969345
"467" 2019 5219 0.495805
"468" 2019 5284 1.42668
"469" 2019 5661 2.49084
"470" 2019 5952 2.47008
"471" 2019 5860 2.4026
"472" 2019 5904 2.42064
"473" 2019 6090 4.5066
"474" 2019 5765 3.3437
"475" 2019 5724 2.51856
"476" 2019 5222 3.86428
"477" 2019 5032 5.43456
"478" 2019 4946 4.42667
"479" 2019 5065 2.48185
"480" 2019 5167 3.487725
"481" 2019 5155 4.459075
"482" 2019 5050 3.91375
"483" 2019 5179 3.00382
"484" 2019 5110 4.01135
"485" 2019 4701 5.92326
"486" 2019 4529 5.38951
"487" 2019 4680 5.4756
"488" 2019 4656 7.00728
"489" 2019 4477 4.857545
"490" 2019 4826 4.48818
"491" 2019 4875 6.118125
"492" 2019 4379 6.415235
"493" 2019 4165 7.28875
"494" 2019 4309 9.070445
"495" 2019 4224 8.36352
"496" 2019 4307 7.774135
"497" 2019 4591 9.204955
"498" 2019 4452 11.93136
"499" 2019 4516 17.07048
"500" 2019 4496 14.99416
"501" 2019 4414 15.16209
"502" 2019 4177 15.977025
"503" 2019 4377 20.637555
"504" 2019 4373 23.286225
"505" 2019 4171 19.791395
"506" 2019 4149 22.093425
"507" 2019 4009 25.196565
"508" 2019 3828 28.93968
"509" 2019 3675 26.64375
"510" 2019 3608 28.99028
"511" 2019 3365 31.244025
"512" 2019 3289 27.512485
"513" 2019 3228 34.24908
"514" 2019 3055 37.79035
"515" 2019 2958 34.81566
"516" 2019 2760 33.4788
"517" 2019 2537 38.33407
"518" 2019 2512 50.02648
"519" 2019 2247 49.647465
"520" 2019 2097 45.79848
"521" 2019 1950 46.3905
"522" 2019 1672 46.17228
"523" 2019 1535 47.822925
"524" 2019 1448 54.25656
"525" 2019 1336 59.47872
"526" 2019 1303 66.342245
"527" 2019 1263 73.437135
"528" 2019 1120 74.2504
"529" 2019 1060 79.977
"530" 2019 975 83.552625
"531" 2019 920 89.3504
"532" 2019 833 91.4634
"533" 2019 790 97.79805
"534" 2019 651 90.59316
"535" 2019 538 83.88496
"536" 2019 430 74.8501
"537" 2019 363 70.267725
"538" 2019 266 57.02375
"539" 2019 196 46.32558
"540" 2019 148 38.38454
"541" 2019 97 27.469915
"542" 2019 63 19.381635
"543" 2019 44.58 14.820621
"544" 2019 29.38 10.4986492
"545" 2019 23.55 8.99692425
"546" 2019 14.34 5.8258401
"547" 2019 4.71 2.02424025
"548" 2019 2.76 1.2484722
"549" 2019 1.68 0.7959588
"550" 2019 0 0
"551" 2019 1.57 0.80497825
"552" 2019 0.43 0.2279258
"553" 2019 0.56 0.3057236
"554" 2019 0.44 0.3417722
"555" 2019 0 0
"556" 2020 4462 5.08668
"557" 2020 4275 0.513
"558" 2020 4156 0
"559" 2020 4183 0
"560" 2020 4286 0
"561" 2020 4473 0
"562" 2020 4481 0
"563" 2020 4647 0
"564" 2020 4663 0
"565" 2020 4963 0
"566" 2020 5025 0
"567" 2020 4870 0
"568" 2020 4664 0
"569" 2020 4601 0
"570" 2020 4470 0
"571" 2020 4521 0.54252
"572" 2020 4350 1.02225
"573" 2020 4274 0.49151
"574" 2020 4398 0.96756
"575" 2020 4700 2.021
"576" 2020 4696 1.45576
"577" 2020 4947 0.964665
"578" 2020 5161 0.490295
"579" 2020 5448 1.47096
"580" 2020 5518 2.42792
"581" 2020 5886 2.44269
"582" 2020 6201 2.54241
"583" 2020 6123 2.51043
"584" 2020 6081 4.49994
"585" 2020 6276 3.64008
"586" 2020 5938 2.61272
"587" 2020 5896 4.36304
"588" 2020 5341 5.76828
"589" 2020 5146 4.60567
"590" 2020 5067 2.48283
"591" 2020 5168 3.4884
"592" 2020 5265 4.554225
"593" 2020 5234 4.05635
"594" 2020 5126 2.97308
"595" 2020 5280 4.1448
"596" 2020 5168 6.51168
"597" 2020 4774 5.68106
"598" 2020 4600 5.382
"599" 2020 4746 7.14273
"600" 2020 4723 5.124455
"601" 2020 4554 4.23522
"602" 2020 4871 6.113105
"603" 2020 4903 7.182895
"604" 2020 4423 7.74025
"605" 2020 4214 8.87047
"606" 2020 4340 8.5932
"607" 2020 4266 7.70013
"608" 2020 4353 8.727765
"609" 2020 4589 12.29852
"610" 2020 4479 16.93062
"611" 2020 4508 15.03418
"612" 2020 4500 15.4575
"613" 2020 4408 16.8606
"614" 2020 4177 19.694555
"615" 2020 4372 23.2809
"616" 2020 4363 20.702435
"617" 2020 4160 22.152
"618" 2020 4133 25.975905
"619" 2020 3977 30.06612
"620" 2020 3800 27.55
"621" 2020 3641 29.255435
"622" 2020 3582 33.25887
"623" 2020 3327 27.830355
"624" 2020 3249 34.47189
"625" 2020 3182 39.36134
"626" 2020 3015 35.48655
"627" 2020 2923 35.45599
"628" 2020 2722 41.12942
"629" 2020 2499 49.767585
"630" 2020 2458 54.30951
"631" 2020 2211 48.28824
"632" 2020 2044 48.62676
"633" 2020 1899 52.440885
"634" 2020 1637 51.000735
"635" 2020 1482 55.53054
"636" 2020 1396 62.14992
"637" 2020 1275 64.916625
"638" 2020 1242 72.21609
"639" 2020 1181 78.294395
"640" 2020 1044 78.7698
"641" 2020 971 83.209845
"642" 2020 881 85.56272
"643" 2020 829 91.0242
"644" 2020 752 93.09384
"645" 2020 720 100.1952
"646" 2020 561 87.47112
"647" 2020 440 76.5908
"648" 2020 355 68.719125
"649" 2020 309 66.241875
"650" 2020 201 47.507355
"651" 2020 153 39.681315
"652" 2020 98 27.75311
"653" 2020 73 22.458085
"654" 2020 40 13.298
"655" 2020 29.58 10.5701172
"656" 2020 18.73 7.15551555
"657" 2020 14.52 5.8989678
"658" 2020 10.45 4.49114875
"659" 2020 3.72 1.6827234
"660" 2020 0.57 0.27005745
"661" 2020 0.43 0.21239635
"662" 2020 0 0
"663" 2020 1 0.53006
"664" 2020 0 0
"665" 2020 0 0
"666" 2020 0 0
"667" 2021 4527 5.16078
"668" 2021 4517 0.54204
"669" 2021 4327 0
"670" 2021 4216 0
"671" 2021 4240 0
"672" 2021 4325 0
"673" 2021 4542 0
"674" 2021 4529 0
"675" 2021 4712 0
"676" 2021 4715 0
"677" 2021 5020 0
"678" 2021 5078 0
"679" 2021 4907 0
"680" 2021 4711 0
"681" 2021 4623 0
"682" 2021 4505 0.5406
"683" 2021 4546 1.06831
"684" 2021 4396 0.50554
"685" 2021 4345 0.9559
"686" 2021 4511 1.93973
"687" 2021 4846 1.50226
"688" 2021 4798 0.93561
"689" 2021 5026 0.47747
"690" 2021 5288 1.42776
"691" 2021 5508 2.42352
"692" 2021 5615 2.330225
"693" 2021 5964 2.44524
"694" 2021 6284 2.57644
"695" 2021 6220 4.6028
"696" 2021 6138 3.56004
"697" 2021 6311 2.77684
"698" 2021 5994 4.43556
"699" 2021 5900 6.372
"700" 2021 5367 4.803465
"701" 2021 5152 2.52448
"702" 2021 5127 3.460725
"703" 2021 5208 4.50492
"704" 2021 5295 4.103625
"705" 2021 5288 3.06704
"706" 2021 5148 4.04118
"707" 2021 5305 6.6843
"708" 2021 5196 6.18324
"709" 2021 4756 5.56452
"710" 2021 4594 6.91397
"711" 2021 4765 5.170025
"712" 2021 4729 4.39797
"713" 2021 4576 5.74288
"714" 2021 4877 7.144805
"715" 2021 4898 8.5715
"716" 2021 4433 9.331465
"717" 2021 4222 8.35956
"718" 2021 4308 7.77594
"719" 2021 4260 8.5413
"720" 2021 4349 11.65532
"721" 2021 4574 17.28972
"722" 2021 4469 14.904115
"723" 2021 4490 15.42315
"724" 2021 4479 17.132175
"725" 2021 4382 20.66113
"726" 2021 4138 22.03485
"727" 2021 4351 20.645495
"728" 2021 4331 23.062575
"729" 2021 4127 25.938195
"730" 2021 4102 31.01112
"731" 2021 3953 28.65925
"732" 2021 3771 30.299985
"733" 2021 3612 33.53742
"734" 2021 3547 29.670655
"735" 2021 3280 34.8008
"736" 2021 3205 39.64585
"737" 2021 3153 37.11081
"738" 2021 2991 36.28083
"739" 2021 2879 43.50169
"740" 2021 2685 53.471775
"741" 2021 2460 54.3537
"742" 2021 2407 52.56888
"743" 2021 2151 51.17229
"744" 2021 1995 55.091925
"745" 2021 1847 57.543285
"746" 2021 1581 59.24007
"747" 2021 1428 63.57456
"748" 2021 1344 68.42976
"749" 2021 1220 70.9369
"750" 2021 1158 76.76961
"751" 2021 1095 82.61775
"752" 2021 968 82.95276
"753" 2021 896 87.01952
"754" 2021 814 89.3772
"755" 2021 732 90.61794
"756" 2021 662 92.12392
"757" 2021 633 98.69736
"758" 2021 479 83.37953
"759" 2021 362 70.07415
"760" 2021 290 62.16875
"761" 2021 248 58.61604
"762" 2021 156 40.45938
"763" 2021 111 31.434645
"764" 2021 64 19.68928
"765" 2021 62 20.6119
"766" 2021 30 10.7202
"767" 2021 15 5.730525
"768" 2021 10 4.06265
"769" 2021 9 3.867975
"770" 2021 6 2.71407
"771" 2021 2 0.94757
"772" 2021 0 0
"773" 2021 0 0
"774" 2021 0 0
"775" 2021 1 0.545935
"776" 2021 0 0
"777" 2021 0 0
