"year" "population" "expected"
"1" 2015 4358 9.19538
"2" 2015 4352 1.45792
"3" 2015 4574 2.03543
"4" 2015 4513 0.49643
"5" 2015 4882 0.4882
"6" 2015 4875 0.4875
"7" 2015 4720 0
"8" 2015 4542 0
"9" 2015 4469 0
"10" 2015 4392 0
"11" 2015 4380 0.5037
"12" 2015 4228 1.52208
"13" 2015 4096 1.00352
"14" 2015 4207 0
"15" 2015 4414 0.50761
"16" 2015 4254 0.48921
"17" 2015 4346 0.99958
"18" 2015 4404 3.43512
"19" 2015 4566 3.01356
"20" 2015 4540 0.9761
"21" 2015 4845 0.508725
"22" 2015 5032 0
"23" 2015 5043 1.0086
"24" 2015 4916 2.40884
"25" 2015 5203 2.523455
"26" 2015 4876 1.43842
"27" 2015 5015 2.55765
"28" 2015 4561 2.37172
"29" 2015 4368 1.46328
"30" 2015 4414 2.49391
"31" 2015 4539 3.018435
"32" 2015 4647 2.50938
"33" 2015 4704 2.49312
"34" 2015 4670 2.4751
"35" 2015 4809 2.043825
"36" 2015 4679 2.01197
"37" 2015 4288 3.49472
"38" 2015 4143 3.915135
"39" 2015 4367 3.035065
"40" 2015 4304 3.0128
"41" 2015 4173 5.362305
"42" 2015 4475 5.6385
"43" 2015 4547 7.752635
"44" 2015 4130 6.195
"45" 2015 3897 1.9485
"46" 2015 4055 2.0275
"47" 2015 4031 3.42635
"48" 2015 4120 6.3448
"49" 2015 4412 8.66958
"50" 2015 4360 11.5104
"51" 2015 4414 12.09436
"52" 2015 4380 9.9645
"53" 2015 4351 9.071835
"54" 2015 4119 9.659055
"55" 2015 4341 14.58576
"56" 2015 4376 16.27872
"57" 2015 4167 15.855435
"58" 2015 4144 17.01112
"59" 2015 4046 18.12608
"60" 2015 3893 15.435745
"61" 2015 3736 13.9166
"62" 2015 3689 20.861295
"63" 2015 3455 19.296175
"64" 2015 3356 17.35052
"65" 2015 3357 32.39505
"66" 2015 3167 32.52509
"67" 2015 3076 25.71536
"68" 2015 2903 28.521975
"69" 2015 2685 27.7629
"70" 2015 2656 33.50544
"71" 2015 2411 38.52778
"72" 2015 2277 43.35408
"73" 2015 2141 41.92078
"74" 2015 1854 35.0406
"75" 2015 1695 37.5273
"76" 2015 1652 35.518
"77" 2015 1557 37.63269
"78" 2015 1522 47.14395
"79" 2015 1485 44.7282
"80" 2015 1408 50.57536
"81" 2015 1349 62.843165
"82" 2015 1295 69.39905
"83" 2015 1246 76.65392
"84" 2015 1216 85.6976
"85" 2015 1171 94.30063
"86" 2015 982 90.11323
"87" 2015 874 91.11887
"88" 2015 769 90.776605
"89" 2015 694 92.42692
"90" 2015 566 84.71605
"91" 2015 447 74.874735
"92" 2015 390 72.78375
"93" 2015 305 63.11975
"94" 2015 244 55.71862
"95" 2015 157.58 39.5037302
"96" 2015 108.38 29.6711926
"97" 2015 87.97 26.1605186
"98" 2015 56.73 18.2267817
"99" 2015 33.74 11.6492411
"100" 2015 24.29 8.96458885
"101" 2015 12.09 4.7448414
"102" 2015 8.71 3.6167404
"103" 2015 6.21 2.71510515
"104" 2015 1.87 0.8568714
"105" 2015 2.09 0.99928125
"106" 2015 1.9 0.943996
"107" 2015 0.44 0.226292
"108" 2015 0 0
"109" 2015 0.56 0.3053932
"110" 2015 0.44 0.3415412
"111" 2015 0 0
"112" 2016 4113 8.67843
"113" 2016 4351 1.457585
"114" 2016 4349 1.935305
"115" 2016 4546 0.50006
"116" 2016 4486 0.4486
"117" 2016 4853 0.4853
"118" 2016 4856 0
"119" 2016 4708 0
"120" 2016 4531 0
"121" 2016 4460 0
"122" 2016 4361 0.501515
"123" 2016 4379 1.57644
"124" 2016 4229 1.036105
"125" 2016 4120 0
"126" 2016 4198 0.48277
"127" 2016 4411 0.507265
"128" 2016 4254 0.97842
"129" 2016 4350 3.393
"130" 2016 4437 2.92842
"131" 2016 4669 1.003835
"132" 2016 4657 0.488985
"133" 2016 4952 0
"134" 2016 5145 1.029
"135" 2016 5104 2.50096
"136" 2016 5028 2.43858
"137" 2016 5255 1.550225
"138" 2016 4985 2.54235
"139" 2016 5070 2.6364
"140" 2016 4622 1.54837
"141" 2016 4438 2.50747
"142" 2016 4438 2.95127
"143" 2016 4542 2.45268
"144" 2016 4673 2.47669
"145" 2016 4746 2.51538
"146" 2016 4710 2.00175
"147" 2016 4826 2.07518
"148" 2016 4724 3.85006
"149" 2016 4336 4.09752
"150" 2016 4161 2.891895
"151" 2016 4384 3.0688
"152" 2016 4344 5.58204
"153" 2016 4175 5.2605
"154" 2016 4488 7.65204
"155" 2016 4568 6.852
"156" 2016 4146 2.073
"157" 2016 3915 1.9575
"158" 2016 4069 3.45865
"159" 2016 4034 6.21236
"160" 2016 4124 8.10366
"161" 2016 4425 11.682
"162" 2016 4359 11.94366
"163" 2016 4415 10.044125
"164" 2016 4382 9.13647
"165" 2016 4352 10.20544
"166" 2016 4141 13.91376
"167" 2016 4334 16.12248
"168" 2016 4362 16.59741
"169" 2016 4158 17.06859
"170" 2016 4148 18.58304
"171" 2016 4028 15.97102
"172" 2016 3876 14.4381
"173" 2016 3720 21.0366
"174" 2016 3652 20.39642
"175" 2016 3446 17.81582
"176" 2016 3338 32.2117
"177" 2016 3329 34.18883
"178" 2016 3127 26.14172
"179" 2016 3057 30.035025
"180" 2016 2872 29.69648
"181" 2016 2660 33.5559
"182" 2016 2627 41.97946
"183" 2016 2372 45.16288
"184" 2016 2241 43.87878
"185" 2016 2098 39.6522
"186" 2016 1813 40.13982
"187" 2016 1667 35.8405
"188" 2016 1612 38.96204
"189" 2016 1519 47.051025
"190" 2016 1470 44.2764
"191" 2016 1450 52.084
"192" 2016 1343 62.563655
"193" 2016 1291 69.18469
"194" 2016 1223 75.23896
"195" 2016 1169 82.385275
"196" 2016 1127 90.75731
"197" 2016 1080 99.1062
"198" 2016 909 94.767795
"199" 2016 797 94.081865
"200" 2016 661 88.03198
"201" 2016 608 91.0024
"202" 2016 486 81.40743
"203" 2016 370 69.05125
"204" 2016 314 64.9823
"205" 2016 246 56.17533
"206" 2016 187 46.87903
"207" 2016 113.58 31.0947966
"208" 2016 73.38 21.8217444
"209" 2016 63.97 20.5529213
"210" 2016 40.73 14.06264345
"211" 2016 20.74 7.6544081
"212" 2016 14.14 5.5493844
"213" 2016 9.53 3.9572372
"214" 2016 5.19 2.26914585
"215" 2016 3.89 1.7824758
"216" 2016 0.85 0.40640625
"217" 2016 1.12 0.5564608
"218" 2016 0.88 0.452584
"219" 2016 0 0
"220" 2016 0 0
"221" 2016 0 0
"222" 2016 0 0
"223" 2017 4049 8.54339
"224" 2017 4154 1.39159
"225" 2017 4373 1.945985
"226" 2017 4366 0.48026
"227" 2017 4555 0.4555
"228" 2017 4534 0.4534
"229" 2017 4868 0
"230" 2017 4904 0
"231" 2017 4748 0
"232" 2017 4552 0
"233" 2017 4501 0.517615
"234" 2017 4360 1.5696
"235" 2017 4416 1.08192
"236" 2017 4265 0
"237" 2017 4171 0.479665
"238" 2017 4232 0.48668
"239" 2017 4455 1.02465
"240" 2017 4281 3.33918
"241" 2017 4416 2.91456
"242" 2017 4559 0.980185
"243" 2017 4804 0.50442
"244" 2017 4775 0
"245" 2017 5048 1.0096
"246" 2017 5321 2.60729
"247" 2017 5238 2.54043
"248" 2017 5201 1.534295
"249" 2017 5421 2.76471
"250" 2017 5106 2.65512
"251" 2017 5218 1.74803
"252" 2017 4755 2.686575
"253" 2017 4570 3.03905
"254" 2017 4536 2.44944
"255" 2017 4638 2.45814
"256" 2017 4790 2.5387
"257" 2017 4807 2.042975
"258" 2017 4783 2.05669
"259" 2017 4906 3.99839
"260" 2017 4827 4.561515
"261" 2017 4437 3.083715
"262" 2017 4225 2.9575
"263" 2017 4445 5.711825
"264" 2017 4393 5.53518
"265" 2017 4259 7.261595
"266" 2017 4558 6.837
"267" 2017 4642 2.321
"268" 2017 4213 2.1065
"269" 2017 3977 3.38045
"270" 2017 4127 6.35558
"271" 2017 4062 7.98183
"272" 2017 4168 11.00352
"273" 2017 4467 12.23958
"274" 2017 4392 9.9918
"275" 2017 4439 9.255315
"276" 2017 4431 10.390695
"277" 2017 4354 14.62944
"278" 2017 4155 15.4566
"279" 2017 4347 16.540335
"280" 2017 4356 17.88138
"281" 2017 4150 18.592
"282" 2017 4151 16.458715
"283" 2017 4030 15.01175
"284" 2017 3857 21.811335
"285" 2017 3709 20.714765
"286" 2017 3642 18.82914
"287" 2017 3419 32.99335
"288" 2017 3327 34.16829
"289" 2017 3282 27.43752
"290" 2017 3105 30.506625
"291" 2017 3022 31.24748
"292" 2017 2831 35.713065
"293" 2017 2624 41.93152
"294" 2017 2590 49.3136
"295" 2017 2331 45.64098
"296" 2017 2187 41.3343
"297" 2017 2042 45.20988
"298" 2017 1763 37.9045
"299" 2017 1624 39.25208
"300" 2017 1560 48.321
"301" 2017 1465 44.1258
"302" 2017 1417 50.89864
"303" 2017 1399 65.172415
"304" 2017 1283 68.75597
"305" 2017 1212 74.56224
"306" 2017 1140 80.3415
"307" 2017 1090 87.7777
"308" 2017 1044 95.80266
"309" 2017 971 101.231605
"310" 2017 822 97.03299
"311" 2017 705 93.8919
"312" 2017 574 85.91345
"313" 2017 495 82.914975
"314" 2017 406 75.76975
"315" 2017 300 62.085
"316" 2017 248 56.63204
"317" 2017 186 46.62834
"318" 2017 136 37.23272
"319" 2017 88.58 26.3419204
"320" 2017 51.38 16.5078802
"321" 2017 45.97 15.87183205
"322" 2017 33.73 12.44856245
"323" 2017 14.94 5.8633524
"324" 2017 9.02 3.7454648
"325" 2017 5.69 2.48775335
"326" 2017 2.8 1.283016
"327" 2017 3.04 1.4535
"328" 2017 0.85 0.422314
"329" 2017 1.12 0.576016
"330" 2017 0.88 0.4668136
"331" 2017 0 0
"332" 2017 0 0
"333" 2017 0 0
"334" 2018 4093 8.63623
"335" 2018 4118 1.37953
"336" 2018 4218 1.87701
"337" 2018 4410 0.4851
"338" 2018 4433 0.4433
"339" 2018 4597 0.4597
"340" 2018 4579 0
"341" 2018 4909 0
"342" 2018 4957 0
"343" 2018 4793 0
"344" 2018 4591 0.527965
"345" 2018 4550 1.638
"346" 2018 4407 1.079715
"347" 2018 4451 0
"348" 2018 4301 0.494615
"349" 2018 4206 0.48369
"350" 2018 4278 0.98394
"351" 2018 4492 3.50376
"352" 2018 4354 2.87364
"353" 2018 4595 0.987925
"354" 2018 4748 0.49854
"355" 2018 5009 0
"356" 2018 5021 1.0042
"357" 2018 5348 2.62052
"358" 2018 5595 2.713575
"359" 2018 5529 1.631055
"360" 2018 5594 2.85294
"361" 2018 5838 3.03576
"362" 2018 5448 1.82508
"363" 2018 5522 3.11993
"364" 2018 5022 3.33963
"365" 2018 4822 2.60388
"366" 2018 4796 2.54188
"367" 2018 4886 2.58958
"368" 2018 5034 2.13945
"369" 2018 5000 2.15
"370" 2018 4920 4.0098
"371" 2018 5101 4.820445
"372" 2018 4983 3.463185
"373" 2018 4591 3.2137
"374" 2018 4398 5.65143
"375" 2018 4589 5.78214
"376" 2018 4533 7.728765
"377" 2018 4392 6.588
"378" 2018 4710 2.355
"379" 2018 4787 2.3935
"380" 2018 4336 3.6856
"381" 2018 4089 6.29706
"382" 2018 4229 8.309985
"383" 2018 4161 10.98504
"384" 2018 4259 11.66966
"385" 2018 4532 10.3103
"386" 2018 4443 9.263655
"387" 2018 4494 10.53843
"388" 2018 4493 15.09648
"389" 2018 4411 16.40892
"390" 2018 4175 15.885875
"391" 2018 4384 17.99632
"392" 2018 4381 19.62688
"393" 2018 4181 16.577665
"394" 2018 4157 15.484825
"395" 2018 4032 22.80096
"396" 2018 3836 21.42406
"397" 2018 3700 19.129
"398" 2018 3626 34.9909
"399" 2018 3404 34.95908
"400" 2018 3306 27.63816
"401" 2018 3251 31.941075
"402" 2018 3077 31.81618
"403" 2018 2989 37.706235
"404" 2018 2800 44.744
"405" 2018 2585 49.2184
"406" 2018 2542 49.77236
"407" 2018 2298 43.4322
"408" 2018 2141 47.40174
"409" 2018 1995 42.8925
"410" 2018 1715 41.45155
"411" 2018 1579 48.909525
"412" 2018 1509 45.45108
"413" 2018 1411 50.68312
"414" 2018 1363 63.495355
"415" 2018 1330 71.2747
"416" 2018 1203 74.00856
"417" 2018 1136 80.0596
"418" 2018 1054 84.87862
"419" 2018 1005 92.223825
"420" 2018 945 98.520975
"421" 2018 891 105.178095
"422" 2018 734 97.75412
"423" 2018 615 92.050125
"424" 2018 492 82.41246
"425" 2018 431 80.435375
"426" 2018 329 68.08655
"427" 2018 241 55.033555
"428" 2018 199 49.88731
"429" 2018 140 38.3278
"430" 2018 96 28.54848
"431" 2018 59.58 19.1424582
"432" 2018 37.38 12.9060057
"433" 2018 33.97 12.53713805
"434" 2018 20.35 7.986561
"435" 2018 9.53 3.9572372
"436" 2018 6.24 2.7282216
"437" 2018 5.26 2.4102372
"438" 2018 1.69 0.80803125
"439" 2018 1.57 0.7800388
"440" 2018 0.43 0.221149
"441" 2018 0.56 0.2970632
"442" 2018 0.44 0.2399518
"443" 2018 0 0
"444" 2018 0 0
"445" 2019 4231 8.92741
"446" 2019 4125 1.381875
"447" 2019 4157 1.849865
"448" 2019 4259 0.46849
"449" 2019 4456 0.4456
"450" 2019 4459 0.4459
"451" 2019 4618 0
"452" 2019 4627 0
"453" 2019 4933 0
"454" 2019 4983 0
"455" 2019 4834 0.55591
"456" 2019 4630 1.6668
"457" 2019 4580 1.1221
"458" 2019 4440 0
"459" 2019 4485 0.515775
"460" 2019 4329 0.497835
"461" 2019 4241 0.97543
"462" 2019 4321 3.37038
"463" 2019 4542 2.99772
"464" 2019 4512 0.97008
"465" 2019 4778 0.50169
"466" 2019 4971 0
"467" 2019 5219 1.0438
"468" 2019 5284 2.58916
"469" 2019 5661 2.745585
"470" 2019 5952 1.75584
"471" 2019 5860 2.9886
"472" 2019 5904 3.07008
"473" 2019 6090 2.04015
"474" 2019 5765 3.257225
"475" 2019 5724 3.80646
"476" 2019 5222 2.81988
"477" 2019 5032 2.66696
"478" 2019 4946 2.62138
"479" 2019 5065 2.152625
"480" 2019 5167 2.22181
"481" 2019 5155 4.201325
"482" 2019 5050 4.77225
"483" 2019 5179 3.599405
"484" 2019 5110 3.577
"485" 2019 4701 6.040785
"486" 2019 4529 5.70654
"487" 2019 4680 7.9794
"488" 2019 4656 6.984
"489" 2019 4477 2.2385
"490" 2019 4826 2.413
"491" 2019 4875 4.14375
"492" 2019 4379 6.74366
"493" 2019 4165 8.184225
"494" 2019 4309 11.37576
"495" 2019 4224 11.57376
"496" 2019 4307 9.798425
"497" 2019 4591 9.572235
"498" 2019 4452 10.43994
"499" 2019 4516 15.17376
"500" 2019 4496 16.72512
"501" 2019 4414 16.79527
"502" 2019 4177 17.146585
"503" 2019 4377 19.60896
"504" 2019 4373 17.338945
"505" 2019 4171 15.536975
"506" 2019 4149 23.462595
"507" 2019 4009 22.390265
"508" 2019 3828 19.79076
"509" 2019 3675 35.46375
"510" 2019 3608 37.05416
"511" 2019 3365 28.1314
"512" 2019 3289 32.314425
"513" 2019 3228 33.37752
"514" 2019 3055 38.538825
"515" 2019 2958 47.26884
"516" 2019 2760 52.5504
"517" 2019 2537 49.67446
"518" 2019 2512 47.4768
"519" 2019 2247 49.74858
"520" 2019 2097 45.0855
"521" 2019 1950 47.1315
"522" 2019 1672 51.7902
"523" 2019 1535 46.2342
"524" 2019 1448 52.01216
"525" 2019 1336 62.23756
"526" 2019 1303 69.82777
"527" 2019 1263 77.69976
"528" 2019 1120 78.932
"529" 2019 1060 85.3618
"530" 2019 975 89.470875
"531" 2019 920 95.9146
"532" 2019 833 98.331485
"533" 2019 790 105.2122
"534" 2019 651 97.438425
"535" 2019 538 90.11769
"536" 2019 430 80.24875
"537" 2019 363 75.12285
"538" 2019 266 60.74243
"539" 2019 196 49.13524
"540" 2019 148 40.51796
"541" 2019 97 28.84586
"542" 2019 63 20.24127
"543" 2019 44.58 15.3919137
"544" 2019 29.38 10.8431297
"545" 2019 23.55 9.242433
"546" 2019 14.34 5.9545416
"547" 2019 4.71 2.05928265
"548" 2019 2.76 1.2646872
"549" 2019 1.68 0.80325
"550" 2019 0 0
"551" 2019 1.57 0.807451
"552" 2019 0.43 0.2281021
"553" 2019 0.56 0.3053932
"554" 2019 0.44 0.3415412
"555" 2019 0 0
"556" 2020 4462 9.41482
"557" 2020 4275 1.432125
"558" 2020 4156 1.84942
"559" 2020 4183 0.46013
"560" 2020 4286 0.4286
"561" 2020 4473 0.4473
"562" 2020 4481 0
"563" 2020 4647 0
"564" 2020 4663 0
"565" 2020 4963 0
"566" 2020 5025 0.577875
"567" 2020 4870 1.7532
"568" 2020 4664 1.14268
"569" 2020 4601 0
"570" 2020 4470 0.51405
"571" 2020 4521 0.519915
"572" 2020 4350 1.0005
"573" 2020 4274 3.33372
"574" 2020 4398 2.90268
"575" 2020 4700 1.0105
"576" 2020 4696 0.49308
"577" 2020 4947 0
"578" 2020 5161 1.0322
"579" 2020 5448 2.66952
"580" 2020 5518 2.67623
"581" 2020 5886 1.73637
"582" 2020 6201 3.16251
"583" 2020 6123 3.18396
"584" 2020 6081 2.037135
"585" 2020 6276 3.54594
"586" 2020 5938 3.94877
"587" 2020 5896 3.18384
"588" 2020 5341 2.83073
"589" 2020 5146 2.72738
"590" 2020 5067 2.153475
"591" 2020 5168 2.22224
"592" 2020 5265 4.290975
"593" 2020 5234 4.94613
"594" 2020 5126 3.56257
"595" 2020 5280 3.696
"596" 2020 5168 6.64088
"597" 2020 4774 6.01524
"598" 2020 4600 7.843
"599" 2020 4746 7.119
"600" 2020 4723 2.3615
"601" 2020 4554 2.277
"602" 2020 4871 4.14035
"603" 2020 4903 7.55062
"604" 2020 4423 8.691195
"605" 2020 4214 11.12496
"606" 2020 4340 11.8916
"607" 2020 4266 9.70515
"608" 2020 4353 9.076005
"609" 2020 4589 10.761205
"610" 2020 4479 15.04944
"611" 2020 4508 16.76976
"612" 2020 4500 17.1225
"613" 2020 4408 18.09484
"614" 2020 4177 18.71296
"615" 2020 4372 17.33498
"616" 2020 4363 16.252175
"617" 2020 4160 23.5248
"618" 2020 4133 23.082805
"619" 2020 3977 20.56109
"620" 2020 3800 36.67
"621" 2020 3641 37.39307
"622" 2020 3582 29.94552
"623" 2020 3327 32.687775
"624" 2020 3249 33.59466
"625" 2020 3182 40.14093
"626" 2020 3015 48.1797
"627" 2020 2923 55.65392
"628" 2020 2722 53.29676
"629" 2020 2499 47.2311
"630" 2020 2458 54.42012
"631" 2020 2211 47.5365
"632" 2020 2044 49.40348
"633" 2020 1899 58.821525
"634" 2020 1637 49.30644
"635" 2020 1482 53.23344
"636" 2020 1396 65.03266
"637" 2020 1275 68.32725
"638" 2020 1242 76.40784
"639" 2020 1181 83.230975
"640" 2020 1044 84.07332
"641" 2020 971 89.103815
"642" 2020 881 91.848655
"643" 2020 829 97.859305
"644" 2020 752 100.15136
"645" 2020 720 107.766
"646" 2020 561 93.970305
"647" 2020 440 82.115
"648" 2020 355 73.46725
"649" 2020 309 70.561695
"650" 2020 201 50.38869
"651" 2020 153 41.88681
"652" 2020 98 29.14324
"653" 2020 73 23.45417
"654" 2020 40 13.8106
"655" 2020 29.58 10.9169427
"656" 2020 18.73 7.3507758
"657" 2020 14.52 6.0292848
"658" 2020 10.45 4.56889675
"659" 2020 3.72 1.7045784
"660" 2020 0.57 0.27253125
"661" 2020 0.43 0.2136412
"662" 2020 0 0
"663" 2020 1 0.53047
"664" 2020 0 0
"665" 2020 0 0
"666" 2020 0 0
"667" 2021 4527 9.55197
"668" 2021 4517 1.513195
"669" 2021 4327 1.925515
"670" 2021 4216 0.46376
"671" 2021 4240 0.424
"672" 2021 4325 0.4325
"673" 2021 4542 0
"674" 2021 4529 0
"675" 2021 4712 0
"676" 2021 4715 0
"677" 2021 5020 0.5773
"678" 2021 5078 1.82808
"679" 2021 4907 1.202215
"680" 2021 4711 0
"681" 2021 4623 0.531645
"682" 2021 4505 0.518075
"683" 2021 4546 1.04558
"684" 2021 4396 3.42888
"685" 2021 4345 2.8677
"686" 2021 4511 0.969865
"687" 2021 4846 0.50883
"688" 2021 4798 0
"689" 2021 5026 1.0052
"690" 2021 5288 2.59112
"691" 2021 5508 2.67138
"692" 2021 5615 1.656425
"693" 2021 5964 3.04164
"694" 2021 6284 3.26768
"695" 2021 6220 2.0837
"696" 2021 6138 3.46797
"697" 2021 6311 4.196815
"698" 2021 5994 3.23676
"699" 2021 5900 3.127
"700" 2021 5367 2.84451
"701" 2021 5152 2.1896
"702" 2021 5127 2.20461
"703" 2021 5208 4.24452
"704" 2021 5295 5.003775
"705" 2021 5288 3.67516
"706" 2021 5148 3.6036
"707" 2021 5305 6.816925
"708" 2021 5196 6.54696
"709" 2021 4756 8.10898
"710" 2021 4594 6.891
"711" 2021 4765 2.3825
"712" 2021 4729 2.3645
"713" 2021 4576 3.8896
"714" 2021 4877 7.51058
"715" 2021 4898 9.62457
"716" 2021 4433 11.70312
"717" 2021 4222 11.56828
"718" 2021 4308 9.8007
"719" 2021 4260 8.8821
"720" 2021 4349 10.198405
"721" 2021 4574 15.36864
"722" 2021 4469 16.62468
"723" 2021 4490 17.08445
"724" 2021 4479 18.386295
"725" 2021 4382 19.63136
"726" 2021 4138 16.40717
"727" 2021 4351 16.207475
"728" 2021 4331 24.491805
"729" 2021 4127 23.049295
"730" 2021 4102 21.20734
"731" 2021 3953 38.14645
"732" 2021 3771 38.72817
"733" 2021 3612 30.19632
"734" 2021 3547 34.849275
"735" 2021 3280 33.9152
"736" 2021 3205 40.431075
"737" 2021 3153 50.38494
"738" 2021 2991 56.94864
"739" 2021 2879 56.37082
"740" 2021 2685 50.7465
"741" 2021 2460 54.4644
"742" 2021 2407 51.7505
"743" 2021 2151 51.98967
"744" 2021 1995 61.795125
"745" 2021 1847 55.63164
"746" 2021 1581 56.78952
"747" 2021 1428 66.52338
"748" 2021 1344 72.02496
"749" 2021 1220 75.0544
"750" 2021 1158 81.61005
"751" 2021 1095 88.18035
"752" 2021 968 88.82852
"753" 2021 896 93.41248
"754" 2021 814 96.08863
"755" 2021 732 97.48776
"756" 2021 662 99.08485
"757" 2021 633 106.030665
"758" 2021 479 89.393375
"759" 2021 362 74.9159
"760" 2021 290 66.22295
"761" 2021 248 62.17112
"762" 2021 156 42.70812
"763" 2021 111 33.00918
"764" 2021 64 20.56256
"765" 2021 62 21.40643
"766" 2021 30 11.07195
"767" 2021 15 5.8869
"768" 2021 10 4.1524
"769" 2021 9 3.934935
"770" 2021 6 2.74932
"771" 2021 2 0.95625
"772" 2021 0 0
"773" 2021 0 0
"774" 2021 0 0
"775" 2021 1 0.545345
"776" 2021 0 0
"777" 2021 0 0
