"year" "population" "expected"
"1" 2015 57130 196.5272
"2" 2015 56748 9.07968
"3" 2015 59134 5.61773
"4" 2015 60389 4.83112
"5" 2015 64967 5.522195
"6" 2015 64546 4.84095
"7" 2015 67083 4.02498
"8" 2015 66122 3.96732
"9" 2015 67053 4.358445
"10" 2015 66143 3.96858
"11" 2015 66299 3.97794
"12" 2015 66211 3.31055
"13" 2015 65528 3.60404
"14" 2015 66661 5.33288
"15" 2015 68633 8.23596
"16" 2015 68119 10.89904
"17" 2015 68822 11.01152
"18" 2015 70306 13.35814
"19" 2015 70973 17.74325
"20" 2015 74684 20.5381
"21" 2015 76210 22.1009
"22" 2015 74883 20.21841
"23" 2015 76460 21.7911
"24" 2015 74419 23.81408
"25" 2015 75068 24.02176
"26" 2015 73224 24.16392
"27" 2015 71192 23.1374
"28" 2015 68448 22.93008
"29" 2015 67569 25.00053
"30" 2015 65925 25.0515
"31" 2015 63633 25.4532
"32" 2015 62306 26.79158
"33" 2015 63600 29.574
"34" 2015 63364 31.682
"35" 2015 66966 35.15715
"36" 2015 68267 40.618865
"37" 2015 70092 43.8075
"38" 2015 69770 45.3505
"39" 2015 72430 53.23605
"40" 2015 78306 64.99398
"41" 2015 77079 68.60031
"42" 2015 76944 71.1732
"43" 2015 80293 81.497395
"44" 2015 79273 91.560315
"45" 2015 76015 99.57965
"46" 2015 75617 108.88848
"47" 2015 78320 130.0112
"48" 2015 83592 164.25828
"49" 2015 89520 187.992
"50" 2015 86555 201.67315
"51" 2015 84374 225.70045
"52" 2015 82413 239.82183
"53" 2015 77725 244.445125
"54" 2015 75418 271.12771
"55" 2015 75167 309.312205
"56" 2015 71738 322.10362
"57" 2015 71921 363.92026
"58" 2015 71035 403.4788
"59" 2015 71167 441.591235
"60" 2015 69920 480.3504
"61" 2015 68151 524.7627
"62" 2015 68833 584.048005
"63" 2015 67151 614.43165
"64" 2015 65587 651.93478
"65" 2015 67095 730.66455
"66" 2015 66180 783.2403
"67" 2015 69005 881.8839
"68" 2015 72556 998.00778
"69" 2015 73822 1095.88759
"70" 2015 70317 1140.190155
"71" 2015 65645 1165.526975
"72" 2015 59414 1148.17555
"73" 2015 54998 1179.7071
"74" 2015 47876 1140.6457
"75" 2015 45513 1196.309205
"76" 2015 42093 1214.172585
"77" 2015 40434 1287.21639
"78" 2015 37706 1340.82536
"79" 2015 34612 1383.44164
"80" 2015 31549 1424.279605
"81" 2015 29131 1485.38969
"82" 2015 26327 1522.358775
"83" 2015 24214 1590.01231
"84" 2015 22121 1631.976775
"85" 2015 20154 1642.95408
"86" 2015 18403 1683.50644
"87" 2015 16844 1749.41784
"88" 2015 14721 1715.73255
"89" 2015 13314 1717.17315
"90" 2015 11412 1642.1868
"91" 2015 9743 1561.12089
"92" 2015 8061 1426.434255
"93" 2015 6245 1227.298625
"94" 2015 5421 1175.11017
"95" 2015 4242 1000.45449
"96" 2015 2827 722.18542
"97" 2015 2050 567.522
"98" 2015 1417 423.321665
"99" 2015 1083 347.643
"100" 2015 658 225.96378
"101" 2015 416 152.16864
"102" 2015 247 95.82365
"103" 2015 180 73.7442
"104" 2015 88 37.91304
"105" 2015 49 22.109535
"106" 2015 21 9.884805
"107" 2015 14 6.84859
"108" 2015 1 0.50657
"109" 2015 4 2.09118
"110" 2015 1 0.765305
"111" 2015 1 1
"112" 2016 58605 201.6012
"113" 2016 57894 9.26304
"114" 2016 57484 5.46098
"115" 2016 59803 4.78424
"116" 2016 60962 5.18177
"117" 2016 65616 4.9212
"118" 2016 65147 3.90882
"119" 2016 67681 4.06086
"120" 2016 66672 4.33368
"121" 2016 67509 4.05054
"122" 2016 66619 3.99714
"123" 2016 66703 3.33515
"124" 2016 66593 3.662615
"125" 2016 65887 5.27096
"126" 2016 67099 8.05188
"127" 2016 69127 11.06032
"128" 2016 68772 11.00352
"129" 2016 69287 13.16453
"130" 2016 71131 17.78275
"131" 2016 72647 19.977925
"132" 2016 76989 22.32681
"133" 2016 78470 21.1869
"134" 2016 76602 21.83157
"135" 2016 78420 25.0944
"136" 2016 76268 24.40576
"137" 2016 76637 25.29021
"138" 2016 74593 24.242725
"139" 2016 72478 24.28013
"140" 2016 69675 25.77975
"141" 2016 68600 26.068
"142" 2016 66944 26.7776
"143" 2016 64561 27.76123
"144" 2016 63164 29.37126
"145" 2016 64409 32.2045
"146" 2016 64090 33.64725
"147" 2016 67715 40.290425
"148" 2016 68896 43.06
"149" 2016 70636 45.9134
"150" 2016 70262 51.64257
"151" 2016 72916 60.52028
"152" 2016 78713 70.05457
"153" 2016 77450 71.64125
"154" 2016 77236 78.39454
"155" 2016 80591 93.082605
"156" 2016 79530 104.1843
"157" 2016 76230 109.7712
"158" 2016 75768 125.77488
"159" 2016 78457 154.168005
"160" 2016 83615 175.5915
"161" 2016 89569 208.69577
"162" 2016 86524 231.4517
"163" 2016 84268 245.21988
"164" 2016 82244 258.65738
"165" 2016 77537 278.745515
"166" 2016 75201 309.452115
"167" 2016 74921 336.39529
"168" 2016 71502 361.80012
"169" 2016 71602 406.69936
"170" 2016 70664 438.47012
"171" 2016 70785 486.29295
"172" 2016 69455 534.8035
"173" 2016 67597 573.560545
"174" 2016 68264 624.6156
"175" 2016 66543 661.43742
"176" 2016 65000 707.85
"177" 2016 66392 785.74932
"178" 2016 65395 835.7481
"179" 2016 68177 937.774635
"180" 2016 71636 1063.43642
"181" 2016 72748 1179.60882
"182" 2016 69189 1228.450695
"183" 2016 64462 1245.72815
"184" 2016 58270 1249.8915
"185" 2016 53758 1280.78435
"186" 2016 46764 1229.19174
"187" 2016 44315 1278.266175
"188" 2016 40935 1303.165725
"189" 2016 39125 1391.285
"190" 2016 36344 1452.66968
"191" 2016 33154 1496.73733
"192" 2016 30067 1533.11633
"193" 2016 27539 1592.442675
"194" 2016 24737 1624.355105
"195" 2016 22606 1667.75765
"196" 2016 20429 1665.37208
"197" 2016 18496 1692.01408
"198" 2016 16680 1732.3848
"199" 2016 15125 1762.81875
"200" 2016 12996 1676.1591
"201" 2016 11636 1674.4204
"202" 2016 9805 1571.05515
"203" 2016 8174 1446.43017
"204" 2016 6661 1309.053025
"205" 2016 4912 1064.77424
"206" 2016 4236 999.03942
"207" 2016 3267 834.58782
"208" 2016 2093 579.42612
"209" 2016 1503 449.013735
"210" 2016 1002 321.642
"211" 2016 749 257.21409
"212" 2016 425 155.46075
"213" 2016 258 100.0911
"214" 2016 161 65.96009
"215" 2016 111 47.82213
"216" 2016 52 23.46318
"217" 2016 22 10.35551
"218" 2016 15 7.337775
"219" 2016 9 4.55913
"220" 2016 0 0
"221" 2016 3 2.295915
"222" 2016 1 1
"223" 2017 62025 213.366
"224" 2017 59253 9.48048
"225" 2017 58520 5.5594
"226" 2017 57977 4.63816
"227" 2017 60288 5.12448
"228" 2017 61484 4.6113
"229" 2017 66047 3.96282
"230" 2017 65636 3.93816
"231" 2017 68121 4.427865
"232" 2017 67155 4.0293
"233" 2017 67907 4.07442
"234" 2017 66987 3.34935
"235" 2017 67022 3.68621
"236" 2017 66928 5.35424
"237" 2017 66218 7.94616
"238" 2017 67555 10.8088
"239" 2017 69839 11.17424
"240" 2017 69260 13.1594
"241" 2017 70008 17.502
"242" 2017 72688 19.9892
"243" 2017 74572 21.62588
"244" 2017 78567 21.21309
"245" 2017 79900 22.7715
"246" 2017 78399 25.08768
"247" 2017 79884 25.56288
"248" 2017 77491 25.57203
"249" 2017 77537 25.199525
"250" 2017 75429 25.268715
"251" 2017 73334 27.13358
"252" 2017 70326 26.72388
"253" 2017 69318 27.7272
"254" 2017 67511 29.02973
"255" 2017 65137 30.288705
"256" 2017 63691 31.8455
"257" 2017 64889 34.066725
"258" 2017 64543 38.403085
"259" 2017 68146 42.59125
"260" 2017 69259 45.01835
"261" 2017 70983 52.172505
"262" 2017 70492 58.50836
"263" 2017 73156 65.10884
"264" 2017 78923 73.003775
"265" 2017 77682 78.84723
"266" 2017 77344 89.33232
"267" 2017 80766 105.80346
"268" 2017 79623 114.65712
"269" 2017 76335 126.7161
"270" 2017 75795 148.937175
"271" 2017 78492 164.8332
"272" 2017 83596 194.77868
"273" 2017 89501 239.415175
"274" 2017 86422 251.48802
"275" 2017 84118 264.55111
"276" 2017 82117 295.210615
"277" 2017 77335 318.233525
"278" 2017 74929 336.43121
"279" 2017 74632 377.63792
"280" 2017 71143 404.09224
"281" 2017 71258 442.15589
"282" 2017 70248 482.60376
"283" 2017 70326 541.5102
"284" 2017 68926 584.83711
"285" 2017 67067 613.66305
"286" 2017 67677 672.70938
"287" 2017 65860 717.2154
"288" 2017 64274 760.68279
"289" 2017 65615 838.5597
"290" 2017 64559 888.009045
"291" 2017 67240 998.1778
"292" 2017 70608 1144.90872
"293" 2017 71639 1271.950445
"294" 2017 67932 1312.7859
"295" 2017 63158 1354.7391
"296" 2017 57059 1359.430675
"297" 2017 52500 1379.9625
"298" 2017 45541 1313.630145
"299" 2017 43056 1370.68776
"300" 2017 39650 1409.954
"301" 2017 37712 1507.34864
"302" 2017 34908 1575.92166
"303" 2017 31627 1612.66073
"304" 2017 28520 1649.169
"305" 2017 25960 1704.6634
"306" 2017 23077 1702.505675
"307" 2017 20943 1707.27336
"308" 2017 18758 1715.98184
"309" 2017 16838 1748.79468
"310" 2017 14923 1739.27565
"311" 2017 13341 1720.655475
"312" 2017 11373 1636.5747
"313" 2017 9980 1599.0954
"314" 2017 8256 1460.94048
"315" 2017 6792 1334.7978
"316" 2017 5403 1171.20831
"317" 2017 3811 898.805295
"318" 2017 3273 836.12058
"319" 2017 2446 677.15064
"320" 2017 1532 457.67734
"321" 2017 1061 340.581
"322" 2017 670 230.0847
"323" 2017 505 184.72395
"324" 2017 284 110.1778
"325" 2017 154 63.09226
"326" 2017 87 37.48221
"327" 2017 60 27.0729
"328" 2017 29 13.650445
"329" 2017 14 6.84859
"330" 2017 5 2.53285
"331" 2017 3 1.568385
"332" 2017 0 0
"333" 2017 1 1
"334" 2018 61731 212.35464
"335" 2018 62508 10.00128
"336" 2018 59523 5.654685
"337" 2018 58831 4.70648
"338" 2018 58205 4.947425
"339" 2018 60478 4.53585
"340" 2018 61705 3.7023
"341" 2018 66236 3.97416
"342" 2018 65871 4.281615
"343" 2018 68391 4.10346
"344" 2018 67353 4.04118
"345" 2018 68155 3.40775
"346" 2018 67169 3.694295
"347" 2018 67267 5.38136
"348" 2018 67147 8.05764
"349" 2018 66614 10.65824
"350" 2018 68201 10.91216
"351" 2018 70115 13.32185
"352" 2018 69781 17.44525
"353" 2018 71269 19.598975
"354" 2018 74585 21.62965
"355" 2018 76294 20.59938
"356" 2018 79720 22.7202
"357" 2018 81298 26.01536
"358" 2018 79675 25.496
"359" 2018 80773 26.65509
"360" 2018 78085 25.377625
"361" 2018 78238 26.20973
"362" 2018 75949 28.10113
"363" 2018 73732 28.01816
"364" 2018 70747 28.2988
"365" 2018 69599 29.92757
"366" 2018 67923 31.584195
"367" 2018 65377 32.6885
"368" 2018 64011 33.605775
"369" 2018 65269 38.835055
"370" 2018 64842 40.52625
"371" 2018 68297 44.39305
"372" 2018 69411 51.017085
"373" 2018 71189 59.08687
"374" 2018 70580 62.8162
"375" 2018 73322 67.82285
"376" 2018 79079 80.265185
"377" 2018 77816 89.87748
"378" 2018 77458 101.46998
"379" 2018 80860 116.4384
"380" 2018 79664 132.24224
"381" 2018 76329 149.986485
"382" 2018 75795 159.1695
"383" 2018 78441 182.76753
"384" 2018 83536 223.4588
"385" 2018 89348 260.00268
"386" 2018 86281 271.353745
"387" 2018 83915 301.674425
"388" 2018 81931 337.146065
"389" 2018 77080 346.0892
"390" 2018 74616 377.55696
"391" 2018 74291 421.97288
"392" 2018 70787 439.233335
"393" 2018 70839 486.66393
"394" 2018 69810 537.537
"395" 2018 69833 592.533005
"396" 2018 68387 625.74105
"397" 2018 66507 661.07958
"398" 2018 67058 730.26162
"399" 2018 65188 771.49998
"400" 2018 63571 812.43738
"401" 2018 64841 891.887955
"402" 2018 63720 945.9234
"403" 2018 66308 1075.18422
"404" 2018 69467 1233.386585
"405" 2018 70445 1361.349625
"406" 2018 66625 1429.10625
"407" 2018 61802 1472.43265
"408" 2018 55754 1465.49389
"409" 2018 51165 1475.854425
"410" 2018 44244 1408.50774
"411" 2018 41718 1483.49208
"412" 2018 38303 1530.97091
"413" 2018 36218 1635.06161
"414" 2018 33410 1703.5759
"415" 2018 30040 1737.063
"416" 2018 26815 1760.806975
"417" 2018 24224 1787.1256
"418" 2018 21437 1747.54424
"419" 2018 19192 1755.68416
"420" 2018 17035 1769.2551
"421" 2018 15046 1753.6113
"422" 2018 13161 1697.439975
"423" 2018 11707 1684.6373
"424" 2018 9758 1563.52434
"425" 2018 8403 1486.952865
"426" 2018 6771 1330.670775
"427" 2018 5469 1185.51513
"428" 2018 4185 987.011325
"429" 2018 2927 747.73142
"430" 2018 2426 671.61384
"431" 2018 1761 526.089945
"432" 2018 1118 358.878
"433" 2018 721 247.59861
"434" 2018 431 157.65549
"435" 2018 307 119.10065
"436" 2018 159 65.14071
"437" 2018 88 37.91304
"438" 2018 52 23.46318
"439" 2018 37 17.416085
"440" 2018 5 2.445925
"441" 2018 9 4.55913
"442" 2018 2 1.04559
"443" 2018 2 1.53061
"444" 2018 0 0
"445" 2019 61733 212.36152
"446" 2019 62046 9.92736
"447" 2019 62675 5.954125
"448" 2019 59608 4.76864
"449" 2019 58901 5.006585
"450" 2019 58352 4.3764
"451" 2019 60640 3.6384
"452" 2019 61798 3.70788
"453" 2019 66386 4.31509
"454" 2019 66077 3.96462
"455" 2019 68541 4.11246
"456" 2019 67526 3.3763
"457" 2019 68375 3.760625
"458" 2019 67345 5.3876
"459" 2019 67467 8.09604
"460" 2019 67512 10.80192
"461" 2019 67142 10.74272
"462" 2019 68260 12.9694
"463" 2019 70566 17.6415
"464" 2019 70935 19.507125
"465" 2019 72820 21.1178
"466" 2019 75806 20.46762
"467" 2019 77306 22.03221
"468" 2019 80841 25.86912
"469" 2019 82217 26.30944
"470" 2019 80203 26.46699
"471" 2019 81198 26.38935
"472" 2019 78497 26.296495
"473" 2019 78625 29.09125
"474" 2019 76366 29.01908
"475" 2019 73938 29.5752
"476" 2019 70861 30.47023
"477" 2019 69787 32.450955
"478" 2019 68128 34.064
"479" 2019 65560 34.419
"480" 2019 64248 38.22756
"481" 2019 65526 40.95375
"482" 2019 64925 42.20125
"483" 2019 68520 50.3622
"484" 2019 69668 57.82444
"485" 2019 71301 63.45789
"486" 2019 70752 65.4456
"487" 2019 73420 74.5213
"488" 2019 79183 91.456365
"489" 2019 77909 102.06079
"490" 2019 77501 111.60144
"491" 2019 80871 134.24586
"492" 2019 79687 156.584955
"493" 2019 76259 160.1439
"494" 2019 75765 176.53245
"495" 2019 78405 209.733375
"496" 2019 83435 242.79585
"497" 2019 89142 280.35159
"498" 2019 86087 309.482765
"499" 2019 83712 344.47488
"500" 2019 81630 366.5187
"501" 2019 76815 388.6839
"502" 2019 74277 421.89336
"503" 2019 73868 458.35094
"504" 2019 70404 483.67548
"505" 2019 70375 541.8875
"506" 2019 69363 588.545055
"507" 2019 69315 634.23225
"508" 2019 67737 673.30578
"509" 2019 65880 717.4332
"510" 2019 66404 785.89134
"511" 2019 64405 823.0959
"512" 2019 62766 863.34633
"513" 2019 63940 949.1893
"514" 2019 62744 1017.39396
"515" 2019 65273 1158.922115
"516" 2019 68244 1318.8153
"517" 2019 69167 1483.63215
"518" 2019 65221 1553.890325
"519" 2019 60360 1586.5626
"520" 2019 54278 1565.64891
"521" 2019 49698 1582.13583
"522" 2019 42819 1522.64364
"523" 2019 40197 1606.67409
"524" 2019 36801 1661.381145
"525" 2019 34621 1765.32479
"526" 2019 31702 1833.16815
"527" 2019 28321 1859.698465
"528" 2019 24980 1842.8995
"529" 2019 22464 1831.26528
"530" 2019 19696 1801.79008
"531" 2019 17415 1808.7219
"532" 2019 15172 1768.2966
"533" 2019 13258 1709.95055
"534" 2019 11382 1637.8698
"535" 2019 9940 1592.6862
"536" 2019 8117 1436.343735
"537" 2019 6885 1353.074625
"538" 2019 5447 1180.74619
"539" 2019 4276 1008.47322
"540" 2019 3160 807.2536
"541" 2019 2164 599.08176
"542" 2019 1708 510.25646
"543" 2019 1196 383.916
"544" 2019 753 258.58773
"545" 2019 458 167.53182
"546" 2019 257 99.70315
"547" 2019 184 75.38296
"548" 2019 91 39.20553
"549" 2019 51 23.011965
"550" 2019 29 13.650445
"551" 2019 21 10.272885
"552" 2019 2 1.01314
"553" 2019 5 2.613975
"554" 2019 2 1.53061
"555" 2019 2 2
"556" 2020 61466 211.44304
"557" 2020 61916 9.90656
"558" 2020 62148 5.90406
"559" 2020 62697 5.01576
"560" 2020 59661 5.071185
"561" 2020 58993 4.424475
"562" 2020 58415 3.5049
"563" 2020 60745 3.6447
"564" 2020 61926 4.02519
"565" 2020 66522 3.99132
"566" 2020 66254 3.97524
"567" 2020 68649 3.43245
"568" 2020 67673 3.722015
"569" 2020 68523 5.48184
"570" 2020 67530 8.1036
"571" 2020 67768 10.84288
"572" 2020 67948 10.87168
"573" 2020 67304 12.78776
"574" 2020 68639 17.15975
"575" 2020 71623 19.696325
"576" 2020 72131 20.91799
"577" 2020 73901 19.95327
"578" 2020 76462 21.79167
"579" 2020 78029 24.96928
"580" 2020 81368 26.03776
"581" 2020 82438 27.20454
"582" 2020 80189 26.061425
"583" 2020 81165 27.190275
"584" 2020 78497 29.04389
"585" 2020 78521 29.83798
"586" 2020 76209 30.4836
"587" 2020 73803 31.73529
"588" 2020 70680 32.8662
"589" 2020 69626 34.813
"590" 2020 68028 35.7147
"591" 2020 65478 38.95941
"592" 2020 64089 40.055625
"593" 2020 65452 42.5438
"594" 2020 64948 47.73678
"595" 2020 68495 56.85085
"596" 2020 69580 61.9262
"597" 2020 71301 65.953425
"598" 2020 70755 71.816325
"599" 2020 73376 84.74928
"600" 2020 79147 103.68257
"601" 2020 77918 112.20192
"602" 2020 77451 128.56866
"603" 2020 80790 158.75235
"604" 2020 79589 167.1369
"605" 2020 76141 177.40853
"606" 2020 75628 202.3049
"607" 2020 78262 227.74242
"608" 2020 83275 261.899875
"609" 2020 88906 319.61707
"610" 2020 85835 353.211025
"611" 2020 83408 374.50192
"612" 2020 81314 411.44884
"613" 2020 76439 434.17352
"614" 2020 73951 458.865955
"615" 2020 73426 504.43662
"616" 2020 69935 538.4995
"617" 2020 69869 592.838465
"618" 2020 68816 629.6664
"619" 2020 68692 682.79848
"620" 2020 67059 730.27251
"621" 2020 65209 771.748515
"622" 2020 65611 838.50858
"623" 2020 63587 874.639185
"624" 2020 61861 918.326545
"625" 2020 63007 1021.658505
"626" 2020 61805 1097.347775
"627" 2020 64190 1240.47175
"628" 2020 67036 1437.9222
"629" 2020 67743 1613.976975
"630" 2020 63780 1676.4573
"631" 2020 58778 1695.45141
"632" 2020 52778 1680.18763
"633" 2020 48254 1715.91224
"634" 2020 41368 1653.47896
"635" 2020 38658 1745.21541
"636" 2020 35232 1796.47968
"637" 2020 32993 1907.820225
"638" 2020 29985 1968.965025
"639" 2020 26583 1961.160825
"640" 2020 23170 1888.8184
"641" 2020 20704 1894.00192
"642" 2020 17963 1865.63718
"643" 2020 15647 1823.65785
"644" 2020 13432 1732.3922
"645" 2020 11594 1668.3766
"646" 2020 9718 1557.11514
"647" 2020 8371 1481.290305
"648" 2020 6706 1317.89665
"649" 2020 5606 1215.21262
"650" 2020 4324 1019.79378
"651" 2020 3263 833.56598
"652" 2020 2322 642.82248
"653" 2020 1578 471.41961
"654" 2020 1193 382.953
"655" 2020 822 282.28302
"656" 2020 490 179.2371
"657" 2020 290 112.5055
"658" 2020 134 54.89846
"659" 2020 108 46.52964
"660" 2020 54 24.36561
"661" 2020 30 14.12115
"662" 2020 18 8.80533
"663" 2020 8 4.05256
"664" 2020 0 0
"665" 2020 1 0.765305
"666" 2020 1 1
"667" 2021 61191 210.49704
"668" 2021 61663 9.86608
"669" 2021 61967 5.886865
"670" 2021 62185 4.9748
"671" 2021 62844 5.34174
"672" 2021 59740 4.4805
"673" 2021 59064 3.54384
"674" 2021 58551 3.51306
"675" 2021 60898 3.95837
"676" 2021 62107 3.72642
"677" 2021 66696 4.00176
"678" 2021 66428 3.3214
"679" 2021 68834 3.78587
"680" 2021 67896 5.43168
"681" 2021 68720 8.2464
"682" 2021 67877 10.86032
"683" 2021 68246 10.91936
"684" 2021 68088 12.93672
"685" 2021 67674 16.9185
"686" 2021 69581 19.134775
"687" 2021 72666 21.07314
"688" 2021 72840 19.6668
"689" 2021 74517 21.237345
"690" 2021 77321 24.74272
"691" 2021 78560 25.1392
"692" 2021 81455 26.88015
"693" 2021 82285 26.742625
"694" 2021 79907 26.768845
"695" 2021 80915 29.93855
"696" 2021 78274 29.74412
"697" 2021 78313 31.3252
"698" 2021 76025 32.69075
"699" 2021 73727 34.283055
"700" 2021 70658 35.329
"701" 2021 69744 36.6156
"702" 2021 68085 40.510575
"703" 2021 65547 40.966875
"704" 2021 64162 41.7053
"705" 2021 65456 48.11016
"706" 2021 64962 53.91846
"707" 2021 68557 61.01573
"708" 2021 69601 64.380925
"709" 2021 71377 72.447655
"710" 2021 70813 81.789015
"711" 2021 73472 96.24832
"712" 2021 79216 114.07104
"713" 2021 77980 129.4468
"714" 2021 77444 152.17746
"715" 2021 80822 169.7262
"716" 2021 79542 185.33286
"717" 2021 76109 203.591575
"718" 2021 75552 219.85632
"719" 2021 78124 245.69998
"720" 2021 83153 298.935035
"721" 2021 88708 365.03342
"722" 2021 85600 384.344
"723" 2021 83160 420.7896
"724" 2021 81013 460.15384
"725" 2021 76105 472.231525
"726" 2021 73642 505.92054
"727" 2021 72965 561.8305
"728" 2021 69498 589.69053
"729" 2021 69353 634.57995
"730" 2021 68219 678.09686
"731" 2021 68079 741.38031
"732" 2021 66442 786.34107
"733" 2021 64490 824.1822
"734" 2021 64797 891.282735
"735" 2021 62791 932.132395
"736" 2021 60949 988.288035
"737" 2021 61963 1100.153065
"738" 2021 60762 1174.22565
"739" 2021 63024 1351.8648
"740" 2021 65776 1567.1132
"741" 2021 66246 1741.27611
"742" 2021 62193 1793.957085
"743" 2021 57095 1817.619325
"744" 2021 51146 1818.75176
"745" 2021 46603 1862.72191
"746" 2021 39889 1800.788905
"747" 2021 37008 1887.03792
"748" 2021 33551 1940.086575
"749" 2021 31267 2053.147555
"750" 2021 28176 2078.6844
"751" 2021 24708 2014.19616
"752" 2021 21349 1953.00652
"753" 2021 18866 1959.42276
"754" 2021 16096 1875.9888
"755" 2021 13885 1790.817875
"756" 2021 11740 1689.386
"757" 2021 9973 1597.97379
"758" 2021 8146 1441.47543
"759" 2021 6922 1360.34605
"760" 2021 5394 1169.25738
"761" 2021 4405 1038.897225
"762" 2021 3308 845.06168
"763" 2021 2478 686.00952
"764" 2021 1730 516.82885
"765" 2021 1101 353.421
"766" 2021 806 276.78846
"767" 2021 531 194.23449
"768" 2021 298 115.6091
"769" 2021 173 70.87637
"770" 2021 81 34.89723
"771" 2021 64 28.87776
"772" 2021 27 12.709035
"773" 2021 14 6.84859
"774" 2021 8 4.05256
"775" 2021 4 2.09118
"776" 2021 0 0
"777" 2021 1 1
