"year" "population" "expected"
"1" 2015 57130 214.2375
"2" 2015 56748 4.53984
"3" 2015 59134 4.13938
"4" 2015 60389 5.43501
"5" 2015 64967 7.79604
"6" 2015 64546 6.4546
"7" 2015 67083 4.02498
"8" 2015 66122 3.96732
"9" 2015 67053 4.358445
"10" 2015 66143 2.976435
"11" 2015 66299 5.635415
"12" 2015 66211 5.627935
"13" 2015 65528 4.58696
"14" 2015 66661 5.33288
"15" 2015 68633 8.579125
"16" 2015 68119 10.89904
"17" 2015 68822 7.91453
"18" 2015 70306 8.43672
"19" 2015 70973 14.90433
"20" 2015 74684 20.16468
"21" 2015 76210 22.863
"22" 2015 74883 22.090485
"23" 2015 76460 19.115
"24" 2015 74419 25.674555
"25" 2015 75068 27.77516
"26" 2015 73224 19.77048
"27" 2015 71192 21.00164
"28" 2015 68448 24.64128
"29" 2015 67569 25.338375
"30" 2015 65925 25.381125
"31" 2015 63633 23.862375
"32" 2015 62306 25.23393
"33" 2015 63600 27.03
"34" 2015 63364 27.56334
"35" 2015 66966 33.81783
"36" 2015 68267 41.984205
"37" 2015 70092 45.5598
"38" 2015 69770 38.02465
"39" 2015 72430 46.3552
"40" 2015 78306 70.4754
"41" 2015 77079 77.84979
"42" 2015 76944 73.48152
"43" 2015 80293 85.11058
"44" 2015 79273 101.073075
"45" 2015 76015 106.801075
"46" 2015 75617 116.828265
"47" 2015 78320 140.1928
"48" 2015 83592 176.37912
"49" 2015 89520 204.1056
"50" 2015 86555 222.879125
"51" 2015 84374 260.71566
"52" 2015 82413 261.661275
"53" 2015 77725 258.047
"54" 2015 75418 302.80327
"55" 2015 75167 340.882345
"56" 2015 71738 353.30965
"57" 2015 71921 371.83157
"58" 2015 71035 414.8444
"59" 2015 71167 466.85552
"60" 2015 69920 520.904
"61" 2015 68151 569.401605
"62" 2015 68833 617.776175
"63" 2015 67151 635.91997
"64" 2015 65587 658.821415
"65" 2015 67095 750.79305
"66" 2015 66180 797.469
"67" 2015 69005 873.258275
"68" 2015 72556 965.72036
"69" 2015 73822 1084.81429
"70" 2015 70317 1165.504275
"71" 2015 65645 1232.15665
"72" 2015 59414 1217.987
"73" 2015 54998 1235.80506
"74" 2015 47876 1188.76108
"75" 2015 45513 1175.828355
"76" 2015 42093 1189.12725
"77" 2015 40434 1336.95021
"78" 2015 37706 1394.93347
"79" 2015 34612 1446.60854
"80" 2015 31549 1506.937985
"81" 2015 29131 1567.102145
"82" 2015 26327 1565.40342
"83" 2015 24214 1634.68714
"84" 2015 22121 1682.52326
"85" 2015 20154 1676.71203
"86" 2015 18403 1717.828035
"87" 2015 16844 1745.96482
"88" 2015 14721 1690.41243
"89" 2015 13314 1711.44813
"90" 2015 11412 1611.3744
"91" 2015 9743 1538.02998
"92" 2015 8061 1456.30026
"93" 2015 6245 1279.03845
"94" 2015 5421 1198.14942
"95" 2015 4242 990.10401
"96" 2015 2827 713.237965
"97" 2015 2050 559.57825
"98" 2015 1417 416.817635
"99" 2015 1083 341.908515
"100" 2015 658 222.0421
"101" 2015 416 149.43344
"102" 2015 247 94.061305
"103" 2015 180 72.3744
"104" 2015 88 37.20992
"105" 2015 49 21.703815
"106" 2015 21 9.70704
"107" 2015 14 6.72889
"108" 2015 1 0.498025
"109" 2015 4 2.0574
"110" 2015 1 0.76112
"111" 2015 1 1
"112" 2016 58605 219.76875
"113" 2016 57894 4.63152
"114" 2016 57484 4.02388
"115" 2016 59803 5.38227
"116" 2016 60962 7.31544
"117" 2016 65616 6.5616
"118" 2016 65147 3.90882
"119" 2016 67681 4.06086
"120" 2016 66672 4.33368
"121" 2016 67509 3.037905
"122" 2016 66619 5.662615
"123" 2016 66703 5.669755
"124" 2016 66593 4.66151
"125" 2016 65887 5.27096
"126" 2016 67099 8.387375
"127" 2016 69127 11.06032
"128" 2016 68772 7.90878
"129" 2016 69287 8.31444
"130" 2016 71131 14.93751
"131" 2016 72647 19.61469
"132" 2016 76989 23.0967
"133" 2016 78470 23.14865
"134" 2016 76602 19.1505
"135" 2016 78420 27.0549
"136" 2016 76268 28.21916
"137" 2016 76637 20.69199
"138" 2016 74593 22.004935
"139" 2016 72478 26.09208
"140" 2016 69675 26.128125
"141" 2016 68600 26.411
"142" 2016 66944 25.104
"143" 2016 64561 26.147205
"144" 2016 63164 26.8447
"145" 2016 64409 28.017915
"146" 2016 64090 32.36545
"147" 2016 67715 41.644725
"148" 2016 68896 44.7824
"149" 2016 70636 38.49662
"150" 2016 70262 44.96768
"151" 2016 72916 65.6244
"152" 2016 78713 79.50013
"153" 2016 77450 73.96475
"154" 2016 77236 81.87016
"155" 2016 80591 102.753525
"156" 2016 79530 111.73965
"157" 2016 76230 117.77535
"158" 2016 75768 135.62472
"159" 2016 78457 165.54427
"160" 2016 83615 190.6422
"161" 2016 89569 230.640175
"162" 2016 86524 267.35916
"163" 2016 84268 267.5509
"164" 2016 82244 273.05008
"165" 2016 77537 311.311055
"166" 2016 75201 341.036535
"167" 2016 74921 368.985925
"168" 2016 71502 369.66534
"169" 2016 71602 418.15568
"170" 2016 70664 463.55584
"171" 2016 70785 527.34825
"172" 2016 69455 580.296525
"173" 2016 67597 606.683075
"174" 2016 68264 646.46008
"175" 2016 66543 668.424435
"176" 2016 65000 727.35
"177" 2016 66392 800.0236
"178" 2016 65395 827.573725
"179" 2016 68177 907.43587
"180" 2016 71636 1052.69102
"181" 2016 72748 1205.7981
"182" 2016 69189 1298.67753
"183" 2016 64462 1321.471
"184" 2016 58270 1309.3269
"185" 2016 53758 1334.81114
"186" 2016 46764 1208.14794
"187" 2016 44315 1251.89875
"188" 2016 40935 1353.515775
"189" 2016 39125 1447.429375
"190" 2016 36344 1518.99748
"191" 2016 33154 1583.60081
"192" 2016 30067 1617.454265
"193" 2016 27539 1637.46894
"194" 2016 24737 1669.99487
"195" 2016 22606 1719.41236
"196" 2016 20429 1699.590655
"197" 2016 18496 1726.50912
"198" 2016 16680 1728.9654
"199" 2016 15125 1736.80375
"200" 2016 12996 1670.57082
"201" 2016 11636 1643.0032
"202" 2016 9805 1547.8173
"203" 2016 8174 1476.71484
"204" 2016 6661 1364.23941
"205" 2016 4912 1085.65024
"206" 2016 4236 988.70358
"207" 2016 3267 824.247765
"208" 2016 2093 571.315745
"209" 2016 1503 442.114965
"210" 2016 1002 316.33641
"211" 2016 749 252.75005
"212" 2016 425 152.666375
"213" 2016 258 98.25027
"214" 2016 161 64.73488
"215" 2016 111 46.93524
"216" 2016 52 23.03262
"217" 2016 22 10.16928
"218" 2016 15 7.209525
"219" 2016 9 4.482225
"220" 2016 0 0
"221" 2016 3 2.28336
"222" 2016 1 1
"223" 2017 62025 232.59375
"224" 2017 59253 4.74024
"225" 2017 58520 4.0964
"226" 2017 57977 5.21793
"227" 2017 60288 7.23456
"228" 2017 61484 6.1484
"229" 2017 66047 3.96282
"230" 2017 65636 3.93816
"231" 2017 68121 4.427865
"232" 2017 67155 3.021975
"233" 2017 67907 5.772095
"234" 2017 66987 5.693895
"235" 2017 67022 4.69154
"236" 2017 66928 5.35424
"237" 2017 66218 8.27725
"238" 2017 67555 10.8088
"239" 2017 69839 8.031485
"240" 2017 69260 8.3112
"241" 2017 70008 14.70168
"242" 2017 72688 19.62576
"243" 2017 74572 22.3716
"244" 2017 78567 23.177265
"245" 2017 79900 19.975
"246" 2017 78399 27.047655
"247" 2017 79884 29.55708
"248" 2017 77491 20.92257
"249" 2017 77537 22.873415
"250" 2017 75429 27.15444
"251" 2017 73334 27.50025
"252" 2017 70326 27.07551
"253" 2017 69318 25.99425
"254" 2017 67511 27.341955
"255" 2017 65137 27.683225
"256" 2017 63691 27.705585
"257" 2017 64889 32.768945
"258" 2017 64543 39.693945
"259" 2017 68146 44.2949
"260" 2017 69259 37.746155
"261" 2017 70983 45.42912
"262" 2017 70492 63.4428
"263" 2017 73156 73.88756
"264" 2017 78923 75.371465
"265" 2017 77682 82.34292
"266" 2017 77344 98.6136
"267" 2017 80766 113.47623
"268" 2017 79623 123.017535
"269" 2017 76335 136.63965
"270" 2017 75795 159.92745
"271" 2017 78492 178.96176
"272" 2017 83596 215.2597
"273" 2017 89501 276.55809
"274" 2017 86422 274.38985
"275" 2017 84118 279.27176
"276" 2017 82117 329.699755
"277" 2017 77335 350.714225
"278" 2017 74929 369.025325
"279" 2017 74632 385.84744
"280" 2017 71143 415.47512
"281" 2017 71258 467.45248
"282" 2017 70248 523.3476
"283" 2017 70326 587.57373
"284" 2017 68926 618.61085
"285" 2017 67067 635.12449
"286" 2017 67677 679.815465
"287" 2017 65860 736.9734
"288" 2017 64274 774.5017
"289" 2017 65615 830.357825
"290" 2017 64559 859.28029
"291" 2017 67240 988.0918
"292" 2017 70608 1170.3276
"293" 2017 71639 1344.66403
"294" 2017 67932 1392.606
"295" 2017 63158 1419.16026
"296" 2017 57059 1416.77497
"297" 2017 52500 1356.3375
"298" 2017 45541 1286.53325
"299" 2017 43056 1423.64664
"300" 2017 39650 1466.85175
"301" 2017 37712 1576.17304
"302" 2017 34908 1667.38062
"303" 2017 31627 1701.374465
"304" 2017 28520 1695.7992
"305" 2017 25960 1752.5596
"306" 2017 23077 1755.23662
"307" 2017 20943 1742.352885
"308" 2017 18758 1750.96551
"309" 2017 16838 1745.34289
"310" 2017 14923 1713.60809
"311" 2017 13341 1714.918845
"312" 2017 11373 1605.8676
"313" 2017 9980 1575.4428
"314" 2017 8256 1491.52896
"315" 2017 6792 1391.06952
"316" 2017 5403 1194.17106
"317" 2017 3811 889.506455
"318" 2017 3273 825.761535
"319" 2017 2446 667.67239
"320" 2017 1532 450.64546
"321" 2017 1061 334.963005
"322" 2017 670 226.0915
"323" 2017 505 181.403575
"324" 2017 284 108.15146
"325" 2017 154 61.92032
"326" 2017 87 36.78708
"327" 2017 60 26.5761
"328" 2017 29 13.40496
"329" 2017 14 6.72889
"330" 2017 5 2.490125
"331" 2017 3 1.54305
"332" 2017 0 0
"333" 2017 1 1
"334" 2018 61731 231.49125
"335" 2018 62508 5.00064
"336" 2018 59523 4.16661
"337" 2018 58831 5.29479
"338" 2018 58205 6.9846
"339" 2018 60478 6.0478
"340" 2018 61705 3.7023
"341" 2018 66236 3.97416
"342" 2018 65871 4.281615
"343" 2018 68391 3.077595
"344" 2018 67353 5.725005
"345" 2018 68155 5.793175
"346" 2018 67169 4.70183
"347" 2018 67267 5.38136
"348" 2018 67147 8.393375
"349" 2018 66614 10.65824
"350" 2018 68201 7.843115
"351" 2018 70115 8.4138
"352" 2018 69781 14.65401
"353" 2018 71269 19.24263
"354" 2018 74585 22.3755
"355" 2018 76294 22.50673
"356" 2018 79720 19.93
"357" 2018 81298 28.04781
"358" 2018 79675 29.47975
"359" 2018 80773 21.80871
"360" 2018 78085 23.035075
"361" 2018 78238 28.16568
"362" 2018 75949 28.480875
"363" 2018 73732 28.38682
"364" 2018 70747 26.530125
"365" 2018 69599 28.187595
"366" 2018 67923 28.867275
"367" 2018 65377 28.438995
"368" 2018 64011 32.325555
"369" 2018 65269 40.140435
"370" 2018 64842 42.1473
"371" 2018 68297 37.221865
"372" 2018 69411 44.42304
"373" 2018 71189 64.0701
"374" 2018 70580 71.2858
"375" 2018 73322 70.02251
"376" 2018 79079 83.82374
"377" 2018 77816 99.2154
"378" 2018 77458 108.82849
"379" 2018 80860 124.9287
"380" 2018 79664 142.59856
"381" 2018 76329 161.05419
"382" 2018 75795 172.8126
"383" 2018 78441 201.985575
"384" 2018 83536 258.12624
"385" 2018 89348 283.6799
"386" 2018 86281 286.45292
"387" 2018 83915 336.918725
"388" 2018 81931 371.557085
"389" 2018 77080 379.619
"390" 2018 74616 385.76472
"391" 2018 74291 433.85944
"392" 2018 70787 464.36272
"393" 2018 70839 527.75055
"394" 2018 69810 583.26255
"395" 2018 69833 626.751175
"396" 2018 68387 647.62489
"397" 2018 66507 668.062815
"398" 2018 67058 750.37902
"399" 2018 65188 785.5154
"400" 2018 63571 804.491005
"401" 2018 64841 863.03371
"402" 2018 63720 936.3654
"403" 2018 66308 1099.0551
"404" 2018 69467 1303.89559
"405" 2018 70445 1444.1225
"406" 2018 66625 1497.06375
"407" 2018 61802 1534.54366
"408" 2018 55754 1440.40459
"409" 2018 51165 1445.41125
"410" 2018 44244 1462.92786
"411" 2018 41718 1543.35741
"412" 2018 38303 1600.873885
"413" 2018 36218 1729.95277
"414" 2018 33410 1797.29095
"415" 2018 30040 1786.1784
"416" 2018 26815 1810.28065
"417" 2018 24224 1842.47744
"418" 2018 21437 1783.451215
"419" 2018 19192 1791.47724
"420" 2018 17035 1765.762925
"421" 2018 15046 1727.73218
"422" 2018 13161 1691.780745
"423" 2018 11707 1653.0284
"424" 2018 9758 1540.39788
"425" 2018 8403 1518.08598
"426" 2018 6771 1386.76851
"427" 2018 5469 1208.75838
"428" 2018 4185 976.799925
"429" 2018 2927 738.467465
"430" 2018 2426 662.21309
"431" 2018 1761 518.006955
"432" 2018 1118 352.95819
"433" 2018 721 243.30145
"434" 2018 431 154.821665
"435" 2018 307 116.910205
"436" 2018 159 63.93072
"437" 2018 88 37.20992
"438" 2018 52 23.03262
"439" 2018 37 17.10288
"440" 2018 5 2.403175
"441" 2018 9 4.482225
"442" 2018 2 1.0287
"443" 2018 2 1.52224
"444" 2018 0 0
"445" 2019 61733 231.49875
"446" 2019 62046 4.96368
"447" 2019 62675 4.38725
"448" 2019 59608 5.36472
"449" 2019 58901 7.06812
"450" 2019 58352 5.8352
"451" 2019 60640 3.6384
"452" 2019 61798 3.70788
"453" 2019 66386 4.31509
"454" 2019 66077 2.973465
"455" 2019 68541 5.825985
"456" 2019 67526 5.73971
"457" 2019 68375 4.78625
"458" 2019 67345 5.3876
"459" 2019 67467 8.433375
"460" 2019 67512 10.80192
"461" 2019 67142 7.72133
"462" 2019 68260 8.1912
"463" 2019 70566 14.81886
"464" 2019 70935 19.15245
"465" 2019 72820 21.846
"466" 2019 75806 22.36277
"467" 2019 77306 19.3265
"468" 2019 80841 27.890145
"469" 2019 82217 30.42029
"470" 2019 80203 21.65481
"471" 2019 81198 23.95341
"472" 2019 78497 28.25892
"473" 2019 78625 29.484375
"474" 2019 76366 29.40091
"475" 2019 73938 27.72675
"476" 2019 70861 28.698705
"477" 2019 69787 29.659475
"478" 2019 68128 29.63568
"479" 2019 65560 33.1078
"480" 2019 64248 39.51252
"481" 2019 65526 42.5919
"482" 2019 64925 35.384125
"483" 2019 68520 43.8528
"484" 2019 69668 62.7012
"485" 2019 71301 72.01401
"486" 2019 70752 67.56816
"487" 2019 73420 77.8252
"488" 2019 79183 100.958325
"489" 2019 77909 109.462145
"490" 2019 77501 119.739045
"491" 2019 80871 144.75909
"492" 2019 79687 168.13957
"493" 2019 76259 173.87052
"494" 2019 75765 195.094875
"495" 2019 78405 242.27145
"496" 2019 83435 264.906125
"497" 2019 89142 295.95144
"498" 2019 86087 345.639305
"499" 2019 83712 379.63392
"500" 2019 81630 402.02775
"501" 2019 76815 397.13355
"502" 2019 74277 433.77768
"503" 2019 73868 484.57408
"504" 2019 70404 524.5098
"505" 2019 70375 587.983125
"506" 2019 69363 622.532925
"507" 2019 69315 656.41305
"508" 2019 67737 680.418165
"509" 2019 65880 737.1972
"510" 2019 66404 800.1682
"511" 2019 64405 815.045275
"512" 2019 62766 835.41546
"513" 2019 63940 939.5983
"514" 2019 62744 1039.9818
"515" 2019 65273 1225.17421
"516" 2019 68244 1399.002
"517" 2019 69167 1554.18249
"518" 2019 65221 1619.43743
"519" 2019 60360 1559.4006
"520" 2019 54278 1533.3535
"521" 2019 49698 1643.26437
"522" 2019 42819 1584.088905
"523" 2019 40197 1680.033615
"524" 2019 36801 1757.799765
"525" 2019 34621 1862.436695
"526" 2019 31702 1885.00092
"527" 2019 28321 1911.95071
"528" 2019 24980 1899.9788
"529" 2019 22464 1868.89248
"530" 2019 19696 1838.52312
"531" 2019 17415 1805.151825
"532" 2019 15172 1742.20076
"533" 2019 13258 1704.24961
"534" 2019 11382 1607.1384
"535" 2019 9940 1569.1284
"536" 2019 8117 1466.41722
"537" 2019 6885 1410.11685
"538" 2019 5447 1203.89594
"539" 2019 4276 998.03978
"540" 2019 3160 797.2522
"541" 2019 2164 590.69626
"542" 2019 1708 502.41674
"543" 2019 1196 377.58318
"544" 2019 753 254.09985
"545" 2019 458 164.52047
"546" 2019 257 97.869455
"547" 2019 184 73.98272
"548" 2019 91 38.47844
"549" 2019 51 22.589685
"550" 2019 29 13.40496
"551" 2019 21 10.093335
"552" 2019 2 0.99605
"553" 2019 5 2.57175
"554" 2019 2 1.52224
"555" 2019 2 2
"556" 2020 61466 230.4975
"557" 2020 61916 4.95328
"558" 2020 62148 4.35036
"559" 2020 62697 5.64273
"560" 2020 59661 7.15932
"561" 2020 58993 5.8993
"562" 2020 58415 3.5049
"563" 2020 60745 3.6447
"564" 2020 61926 4.02519
"565" 2020 66522 2.99349
"566" 2020 66254 5.63159
"567" 2020 68649 5.835165
"568" 2020 67673 4.73711
"569" 2020 68523 5.48184
"570" 2020 67530 8.44125
"571" 2020 67768 10.84288
"572" 2020 67948 7.81402
"573" 2020 67304 8.07648
"574" 2020 68639 14.41419
"575" 2020 71623 19.33821
"576" 2020 72131 21.6393
"577" 2020 73901 21.800795
"578" 2020 76462 19.1155
"579" 2020 78029 26.920005
"580" 2020 81368 30.10616
"581" 2020 82438 22.25826
"582" 2020 80189 23.655755
"583" 2020 81165 29.2194
"584" 2020 78497 29.436375
"585" 2020 78521 30.230585
"586" 2020 76209 28.578375
"587" 2020 73803 29.890215
"588" 2020 70680 30.039
"589" 2020 69626 30.28731
"590" 2020 68028 34.35414
"591" 2020 65478 40.26897
"592" 2020 64089 41.65785
"593" 2020 65452 35.67134
"594" 2020 64948 41.56672
"595" 2020 68495 61.6455
"596" 2020 69580 70.2758
"597" 2020 71301 68.092455
"598" 2020 70755 75.0003
"599" 2020 73376 93.5544
"600" 2020 79147 111.201535
"601" 2020 77918 120.38331
"602" 2020 77451 138.63729
"603" 2020 80790 170.4669
"604" 2020 79589 181.46292
"605" 2020 76141 196.063075
"606" 2020 75628 233.69052
"607" 2020 78262 248.48185
"608" 2020 83275 276.473
"609" 2020 88906 356.95759
"610" 2020 85835 389.261725
"611" 2020 83408 410.7844
"612" 2020 81314 420.39338
"613" 2020 76439 446.40376
"614" 2020 73951 485.11856
"615" 2020 73426 547.0237
"616" 2020 69935 584.306925
"617" 2020 69869 627.074275
"618" 2020 68816 651.68752
"619" 2020 68692 690.01114
"620" 2020 67059 750.39021
"621" 2020 65209 785.76845
"622" 2020 65611 830.307205
"623" 2020 63587 846.34297
"624" 2020 61861 909.047395
"625" 2020 63007 1044.341025
"626" 2020 61805 1160.07985
"627" 2020 64190 1315.895
"628" 2020 67036 1506.29892
"629" 2020 67743 1682.05869
"630" 2020 63780 1647.7563
"631" 2020 58778 1660.4785
"632" 2020 52778 1745.10457
"633" 2020 48254 1785.15673
"634" 2020 41368 1728.97556
"635" 2020 38658 1846.49937
"636" 2020 35232 1895.30544
"637" 2020 32993 1961.76378
"638" 2020 29985 2024.28735
"639" 2020 26583 2021.90298
"640" 2020 23170 1927.62815
"641" 2020 20704 1932.61488
"642" 2020 17963 1861.954765
"643" 2020 15647 1796.74501
"644" 2020 13432 1726.61644
"645" 2020 11594 1637.0728
"646" 2020 9718 1534.08348
"647" 2020 8371 1512.30486
"648" 2020 6706 1373.45586
"649" 2020 5606 1239.03812
"650" 2020 4324 1009.24322
"651" 2020 3263 823.238585
"652" 2020 2322 633.82473
"653" 2020 1578 464.17659
"654" 2020 1193 376.636065
"655" 2020 822 277.3839
"656" 2020 490 176.01535
"657" 2020 290 110.43635
"658" 2020 134 53.87872
"659" 2020 108 45.66672
"660" 2020 54 23.91849
"661" 2020 30 13.8672
"662" 2020 18 8.65143
"663" 2020 8 3.9842
"664" 2020 0 0
"665" 2020 1 0.76112
"666" 2020 1 1
"667" 2021 61191 229.46625
"668" 2021 61663 4.93304
"669" 2021 61967 4.33769
"670" 2021 62185 5.59665
"671" 2021 62844 7.54128
"672" 2021 59740 5.974
"673" 2021 59064 3.54384
"674" 2021 58551 3.51306
"675" 2021 60898 3.95837
"676" 2021 62107 2.794815
"677" 2021 66696 5.66916
"678" 2021 66428 5.64638
"679" 2021 68834 4.81838
"680" 2021 67896 5.43168
"681" 2021 68720 8.59
"682" 2021 67877 10.86032
"683" 2021 68246 7.84829
"684" 2021 68088 8.17056
"685" 2021 67674 14.21154
"686" 2021 69581 18.78687
"687" 2021 72666 21.7998
"688" 2021 72840 21.4878
"689" 2021 74517 18.62925
"690" 2021 77321 26.675745
"691" 2021 78560 29.0672
"692" 2021 81455 21.99285
"693" 2021 82285 24.274075
"694" 2021 79907 28.76652
"695" 2021 80915 30.343125
"696" 2021 78274 30.13549
"697" 2021 78313 29.367375
"698" 2021 76025 30.790125
"699" 2021 73727 31.333975
"700" 2021 70658 30.73623
"701" 2021 69744 35.22072
"702" 2021 68085 41.872275
"703" 2021 65547 42.60555
"704" 2021 64162 34.96829
"705" 2021 65456 41.89184
"706" 2021 64962 58.4658
"707" 2021 68557 69.24257
"708" 2021 69601 66.468955
"709" 2021 71377 75.65962
"710" 2021 70813 90.286575
"711" 2021 73472 103.22816
"712" 2021 79216 122.38872
"713" 2021 77980 139.5842
"714" 2021 77444 163.40684
"715" 2021 80822 184.27416
"716" 2021 79542 204.82065
"717" 2021 76109 235.17681
"718" 2021 75552 239.8776
"719" 2021 78124 259.37168
"720" 2021 83153 333.859295
"721" 2021 88708 402.29078
"722" 2021 85600 421.58
"723" 2021 83160 429.9372
"724" 2021 81013 473.11592
"725" 2021 76105 499.2488
"726" 2021 73642 548.6329
"727" 2021 72965 609.622575
"728" 2021 69498 623.74455
"729" 2021 69353 656.77291
"730" 2021 68219 685.259855
"731" 2021 68079 761.80401
"732" 2021 66442 800.6261
"733" 2021 64490 816.12095
"734" 2021 64797 862.44807
"735" 2021 62791 922.713745
"736" 2021 60949 1010.229675
"737" 2021 61963 1163.04551
"738" 2021 60762 1245.621
"739" 2021 63024 1416.14928
"740" 2021 65776 1633.21808
"741" 2021 66246 1711.46541
"742" 2021 62193 1756.95225
"743" 2021 57095 1887.846175
"744" 2021 51146 1892.14627
"745" 2021 46603 1947.772385
"746" 2021 39889 1905.298085
"747" 2021 37008 1990.84536
"748" 2021 33551 1994.94246
"749" 2021 31267 2110.83517
"750" 2021 28176 2143.06656
"751" 2021 24708 2055.58206
"752" 2021 21349 1992.822405
"753" 2021 18866 1955.55523
"754" 2021 16096 1848.30368
"755" 2021 13885 1784.847325
"756" 2021 11740 1657.688
"757" 2021 9973 1574.33778
"758" 2021 8146 1471.65636
"759" 2021 6922 1417.69482
"760" 2021 5394 1192.18188
"761" 2021 4405 1028.149025
"762" 2021 3308 834.59186
"763" 2021 2478 676.40727
"764" 2021 1730 508.88815
"765" 2021 1101 347.591205
"766" 2021 806 271.9847
"767" 2021 531 190.743165
"768" 2021 298 113.48287
"769" 2021 173 69.55984
"770" 2021 81 34.25004
"771" 2021 64 28.34784
"772" 2021 27 12.48048
"773" 2021 14 6.72889
"774" 2021 8 3.9842
"775" 2021 4 2.0574
"776" 2021 0 0
"777" 2021 1 1
