"year" "population" "expected"
"1" 2015 57130 167.9622
"2" 2015 56748 7.66098
"3" 2015 59134 4.73072
"4" 2015 60389 5.133065
"5" 2015 64967 7.79604
"6" 2015 64546 4.84095
"7" 2015 67083 4.360395
"8" 2015 66122 4.29793
"9" 2015 67053 3.017385
"10" 2015 66143 4.299295
"11" 2015 66299 4.309435
"12" 2015 66211 4.303715
"13" 2015 65528 4.58696
"14" 2015 66661 5.666185
"15" 2015 68633 8.579125
"16" 2015 68119 9.53666
"17" 2015 68822 12.04385
"18" 2015 70306 15.81885
"19" 2015 70973 19.517575
"20" 2015 74684 21.65836
"21" 2015 76210 22.1009
"22" 2015 74883 19.095165
"23" 2015 76460 22.1734
"24" 2015 74419 24.55827
"25" 2015 75068 22.5204
"26" 2015 73224 23.06556
"27" 2015 71192 21.71356
"28" 2015 68448 22.93008
"29" 2015 67569 24.662685
"30" 2015 65925 21.425625
"31" 2015 63633 24.498705
"32" 2015 62306 25.54546
"33" 2015 63600 26.712
"34" 2015 63364 33.2661
"35" 2015 66966 35.49198
"36" 2015 68267 41.64287
"37" 2015 70092 40.65336
"38" 2015 69770 47.09475
"39" 2015 72430 55.7711
"40" 2015 78306 48.15819
"41" 2015 77079 50.486745
"42" 2015 76944 61.93992
"43" 2015 80293 75.073955
"44" 2015 79273 84.425745
"45" 2015 76015 97.679275
"46" 2015 75617 99.05827
"47" 2015 78320 109.2564
"48" 2015 83592 149.21172
"49" 2015 89520 172.7736
"50" 2015 86555 188.6899
"51" 2015 84374 209.24752
"52" 2015 82413 223.33923
"53" 2015 77725 233.95225
"54" 2015 75418 248.50231
"55" 2015 75167 264.212005
"56" 2015 71738 279.06082
"57" 2015 71921 328.67897
"58" 2015 71035 365.475075
"59" 2015 71167 410.989425
"60" 2015 69920 440.1464
"61" 2015 68151 501.250605
"62" 2015 68833 577.164705
"63" 2015 67151 590.25729
"64" 2015 65587 650.295105
"65" 2015 67095 745.760925
"66" 2015 66180 790.1892
"67" 2015 69005 911.901075
"68" 2015 72556 1044.08084
"69" 2015 73822 1123.93995
"70" 2015 70317 1120.14981
"71" 2015 65645 1098.8973
"72" 2015 59414 1097.67365
"73" 2015 54998 1134.88373
"74" 2015 47876 1088.46086
"75" 2015 45513 1184.475825
"76" 2015 42093 1206.595845
"77" 2015 40434 1236.26955
"78" 2015 37706 1265.0363
"79" 2015 34612 1308.85278
"80" 2015 31549 1367.175915
"81" 2015 29131 1397.851035
"82" 2015 26327 1419.81511
"83" 2015 24214 1506.59508
"84" 2015 22121 1575.347015
"85" 2015 20154 1603.35147
"86" 2015 18403 1643.75596
"87" 2015 16844 1690.63228
"88" 2015 14721 1678.78284
"89" 2015 13314 1697.80128
"90" 2015 11412 1624.84056
"91" 2015 9743 1548.406275
"92" 2015 8061 1403.50071
"93" 2015 6245 1180.461125
"94" 2015 5421 1148.22201
"95" 2015 4242 1001.47257
"96" 2015 2827 719.202935
"97" 2015 2050 566.22025
"98" 2015 1417 423.038265
"99" 2015 1083 347.90292
"100" 2015 658 226.41451
"101" 2015 416 152.63248
"102" 2015 247 96.197855
"103" 2015 180 74.0853
"104" 2015 88 38.11016
"105" 2015 49 22.233505
"106" 2015 21 9.942975
"107" 2015 14 6.89003
"108" 2015 1 0.50966
"109" 2015 4 2.10386
"110" 2015 1 0.766905
"111" 2015 1 1
"112" 2016 58605 172.2987
"113" 2016 57894 7.81569
"114" 2016 57484 4.59872
"115" 2016 59803 5.083255
"116" 2016 60962 7.31544
"117" 2016 65616 4.9212
"118" 2016 65147 4.234555
"119" 2016 67681 4.399265
"120" 2016 66672 3.00024
"121" 2016 67509 4.388085
"122" 2016 66619 4.330235
"123" 2016 66703 4.335695
"124" 2016 66593 4.66151
"125" 2016 65887 5.600395
"126" 2016 67099 8.387375
"127" 2016 69127 9.67778
"128" 2016 68772 12.0351
"129" 2016 69287 15.589575
"130" 2016 71131 19.561025
"131" 2016 72647 21.06763
"132" 2016 76989 22.32681
"133" 2016 78470 20.00985
"134" 2016 76602 22.21458
"135" 2016 78420 25.8786
"136" 2016 76268 22.8804
"137" 2016 76637 24.140655
"138" 2016 74593 22.750865
"139" 2016 72478 24.28013
"140" 2016 69675 25.431375
"141" 2016 68600 22.295
"142" 2016 66944 25.77344
"143" 2016 64561 26.47001
"144" 2016 63164 26.52888
"145" 2016 64409 33.814725
"146" 2016 64090 33.9677
"147" 2016 67715 41.30615
"148" 2016 68896 39.95968
"149" 2016 70636 47.6793
"150" 2016 70262 54.10174
"151" 2016 72916 44.84334
"152" 2016 78713 51.557015
"153" 2016 77450 62.34725
"154" 2016 77236 72.21566
"155" 2016 80591 85.829415
"156" 2016 79530 102.19605
"157" 2016 76230 99.8613
"158" 2016 75768 105.69636
"159" 2016 78457 140.045745
"160" 2016 83615 161.37695
"161" 2016 89569 195.26042
"162" 2016 86524 214.57952
"163" 2016 84268 228.36628
"164" 2016 82244 247.55444
"165" 2016 77537 255.484415
"166" 2016 75201 264.331515
"167" 2016 74921 291.44269
"168" 2016 71502 326.76414
"169" 2016 71602 368.39229
"170" 2016 70664 408.0846
"171" 2016 70785 445.591575
"172" 2016 69455 510.841525
"173" 2016 67597 566.800845
"174" 2016 68264 600.04056
"175" 2016 66543 659.773845
"176" 2016 65000 722.475
"177" 2016 66392 792.72048
"178" 2016 65395 864.194925
"179" 2016 68177 981.06703
"180" 2016 71636 1090.6581
"181" 2016 72748 1158.87564
"182" 2016 69189 1158.22386
"183" 2016 64462 1190.93545
"184" 2016 58270 1202.40145
"185" 2016 53758 1222.18813
"186" 2016 46764 1217.0331
"187" 2016 44315 1270.289475
"188" 2016 40935 1251.587625
"189" 2016 39125 1312.64375
"190" 2016 36344 1374.34836
"191" 2016 33154 1436.72859
"192" 2016 30067 1442.764995
"193" 2016 27539 1485.17827
"194" 2016 24737 1539.13614
"195" 2016 22606 1609.88629
"196" 2016 20429 1625.229095
"197" 2016 18496 1652.06272
"198" 2016 16680 1674.1716
"199" 2016 15125 1724.855
"200" 2016 12996 1657.24992
"201" 2016 11636 1656.73368
"202" 2016 9805 1558.259625
"203" 2016 8174 1423.17514
"204" 2016 6661 1259.095525
"205" 2016 4912 1040.41072
"206" 2016 4236 1000.05606
"207" 2016 3267 831.141135
"208" 2016 2093 578.097065
"209" 2016 1503 448.713135
"210" 2016 1002 321.88248
"211" 2016 749 257.727155
"212" 2016 425 155.934625
"213" 2016 258 100.48197
"214" 2016 161 66.265185
"215" 2016 111 48.07077
"216" 2016 52 23.59474
"217" 2016 22 10.41645
"218" 2016 15 7.382175
"219" 2016 9 4.58694
"220" 2016 0 0
"221" 2016 3 2.300715
"222" 2016 1 1
"223" 2017 62025 182.3535
"224" 2017 59253 7.999155
"225" 2017 58520 4.6816
"226" 2017 57977 4.928045
"227" 2017 60288 7.23456
"228" 2017 61484 4.6113
"229" 2017 66047 4.293055
"230" 2017 65636 4.26634
"231" 2017 68121 3.065445
"232" 2017 67155 4.365075
"233" 2017 67907 4.413955
"234" 2017 66987 4.354155
"235" 2017 67022 4.69154
"236" 2017 66928 5.68888
"237" 2017 66218 8.27725
"238" 2017 67555 9.4577
"239" 2017 69839 12.221825
"240" 2017 69260 15.5835
"241" 2017 70008 19.2522
"242" 2017 72688 21.07952
"243" 2017 74572 21.62588
"244" 2017 78567 20.034585
"245" 2017 79900 23.171
"246" 2017 78399 25.87167
"247" 2017 79884 23.9652
"248" 2017 77491 24.409665
"249" 2017 77537 23.648785
"250" 2017 75429 25.268715
"251" 2017 73334 26.76691
"252" 2017 70326 22.85595
"253" 2017 69318 26.68743
"254" 2017 67511 27.67951
"255" 2017 65137 27.35754
"256" 2017 63691 33.437775
"257" 2017 64889 34.39117
"258" 2017 64543 39.37123
"259" 2017 68146 39.52468
"260" 2017 69259 46.749825
"261" 2017 70983 54.65691
"262" 2017 70492 43.35258
"263" 2017 73156 47.91718
"264" 2017 78923 63.533015
"265" 2017 77682 72.63267
"266" 2017 77344 82.37136
"267" 2017 80766 103.78431
"268" 2017 79623 104.30613
"269" 2017 76335 106.487325
"270" 2017 75795 135.294075
"271" 2017 78492 151.48956
"272" 2017 83596 182.23928
"273" 2017 89501 221.96248
"274" 2017 86422 234.20362
"275" 2017 84118 253.19518
"276" 2017 82117 270.575515
"277" 2017 77335 271.832525
"278" 2017 74929 291.47381
"279" 2017 74632 341.06824
"280" 2017 71143 366.030735
"281" 2017 71258 411.51495
"282" 2017 70248 442.21116
"283" 2017 70326 517.24773
"284" 2017 68926 577.94451
"285" 2017 67067 589.51893
"286" 2017 67677 671.017455
"287" 2017 65860 732.0339
"288" 2017 64274 767.43156
"289" 2017 65615 867.102225
"290" 2017 64559 929.00401
"291" 2017 67240 1023.729
"292" 2017 70608 1124.78544
"293" 2017 71639 1199.23686
"294" 2017 67932 1255.0437
"295" 2017 63158 1303.26533
"296" 2017 57059 1297.236365
"297" 2017 52500 1366.3125
"298" 2017 45541 1305.432765
"299" 2017 43056 1316.4372
"300" 2017 39650 1330.2575
"301" 2017 37712 1426.07928
"302" 2017 34908 1512.73818
"303" 2017 31627 1517.621595
"304" 2017 28520 1538.0836
"305" 2017 25960 1615.2312
"306" 2017 23077 1643.428555
"307" 2017 20943 1666.120365
"308" 2017 18758 1675.46456
"309" 2017 16838 1690.03006
"310" 2017 14923 1701.81892
"311" 2017 13341 1701.24432
"312" 2017 11373 1619.28774
"313" 2017 9980 1586.0715
"314" 2017 8256 1437.45216
"315" 2017 6792 1283.8578
"316" 2017 5403 1144.40943
"317" 2017 3811 899.719935
"318" 2017 3273 832.667565
"319" 2017 2446 675.59743
"320" 2017 1532 457.37094
"321" 2017 1061 340.83564
"322" 2017 670 230.54365
"323" 2017 505 185.287025
"324" 2017 284 110.60806
"325" 2017 154 63.38409
"326" 2017 87 37.67709
"327" 2017 60 27.2247
"328" 2017 29 13.730775
"329" 2017 14 6.89003
"330" 2017 5 2.5483
"331" 2017 3 1.577895
"332" 2017 0 0
"333" 2017 1 1
"334" 2018 61731 181.48914
"335" 2018 62508 8.43858
"336" 2018 59523 4.76184
"337" 2018 58831 5.000635
"338" 2018 58205 6.9846
"339" 2018 60478 4.53585
"340" 2018 61705 4.010825
"341" 2018 66236 4.30534
"342" 2018 65871 2.964195
"343" 2018 68391 4.445415
"344" 2018 67353 4.377945
"345" 2018 68155 4.430075
"346" 2018 67169 4.70183
"347" 2018 67267 5.717695
"348" 2018 67147 8.393375
"349" 2018 66614 9.32596
"350" 2018 68201 11.935175
"351" 2018 70115 15.775875
"352" 2018 69781 19.189775
"353" 2018 71269 20.66801
"354" 2018 74585 21.62965
"355" 2018 76294 19.45497
"356" 2018 79720 23.1188
"357" 2018 81298 26.82834
"358" 2018 79675 23.9025
"359" 2018 80773 25.443495
"360" 2018 78085 23.815925
"361" 2018 78238 26.20973
"362" 2018 75949 27.721385
"363" 2018 73732 23.9629
"364" 2018 70747 27.237595
"365" 2018 69599 28.53559
"366" 2018 67923 28.52766
"367" 2018 65377 34.322925
"368" 2018 64011 33.92583
"369" 2018 65269 39.81409
"370" 2018 64842 37.60836
"371" 2018 68297 46.100475
"372" 2018 69411 53.44647
"373" 2018 71189 43.781235
"374" 2018 70580 46.2299
"375" 2018 73322 59.02421
"376" 2018 79079 73.938865
"377" 2018 77816 82.87404
"378" 2018 77458 99.53353
"379" 2018 80860 105.9266
"380" 2018 79664 111.13128
"381" 2018 76329 136.247265
"382" 2018 75795 146.28435
"383" 2018 78441 171.00138
"384" 2018 83536 207.16928
"385" 2018 89348 242.13308
"386" 2018 86281 259.70581
"387" 2018 83915 276.499925
"388" 2018 81931 287.987465
"389" 2018 77080 299.8412
"390" 2018 74616 340.99512
"391" 2018 74291 382.227195
"392" 2018 70787 408.794925
"393" 2018 70839 445.931505
"394" 2018 69810 513.45255
"395" 2018 69833 585.549705
"396" 2018 68387 601.12173
"397" 2018 66507 659.416905
"398" 2018 67058 745.34967
"399" 2018 65188 778.34472
"400" 2018 63571 840.090765
"401" 2018 64841 933.06199
"402" 2018 63720 970.137
"403" 2018 66308 1056.28644
"404" 2018 69467 1162.87758
"405" 2018 70445 1301.471375
"406" 2018 66625 1374.806875
"407" 2018 61802 1405.06847
"408" 2018 55754 1450.99785
"409" 2018 51165 1466.644725
"410" 2018 44244 1352.7603
"411" 2018 41718 1399.6389
"412" 2018 38303 1448.427945
"413" 2018 36218 1569.50703
"414" 2018 33410 1603.17885
"415" 2018 30040 1620.0572
"416" 2018 26815 1668.4293
"417" 2018 24224 1725.11216
"418" 2018 21437 1705.420535
"419" 2018 19192 1714.22944
"420" 2018 17035 1709.80295
"421" 2018 15046 1715.84584
"422" 2018 13161 1678.29072
"423" 2018 11707 1666.84266
"424" 2018 9758 1550.79015
"425" 2018 8403 1463.04633
"426" 2018 6771 1279.888275
"427" 2018 5469 1158.38889
"428" 2018 4185 988.015725
"429" 2018 2927 744.643435
"430" 2018 2426 670.07333
"431" 2018 1761 525.737745
"432" 2018 1118 359.14632
"433" 2018 721 248.092495
"434" 2018 431 158.136055
"435" 2018 307 119.565755
"436" 2018 159 65.442015
"437" 2018 88 38.11016
"438" 2018 52 23.59474
"439" 2018 37 17.518575
"440" 2018 5 2.460725
"441" 2018 9 4.58694
"442" 2018 2 1.05193
"443" 2018 2 1.53381
"444" 2018 0 0
"445" 2019 61733 181.49502
"446" 2019 62046 8.37621
"447" 2019 62675 5.014
"448" 2019 59608 5.06668
"449" 2019 58901 7.06812
"450" 2019 58352 4.3764
"451" 2019 60640 3.9416
"452" 2019 61798 4.01687
"453" 2019 66386 2.98737
"454" 2019 66077 4.295005
"455" 2019 68541 4.455165
"456" 2019 67526 4.38919
"457" 2019 68375 4.78625
"458" 2019 67345 5.724325
"459" 2019 67467 8.433375
"460" 2019 67512 9.45168
"461" 2019 67142 11.74985
"462" 2019 68260 15.3585
"463" 2019 70566 19.40565
"464" 2019 70935 20.57115
"465" 2019 72820 21.1178
"466" 2019 75806 19.33053
"467" 2019 77306 22.41874
"468" 2019 80841 26.67753
"469" 2019 82217 24.6651
"470" 2019 80203 25.263945
"471" 2019 81198 24.76539
"472" 2019 78497 26.296495
"473" 2019 78625 28.698125
"474" 2019 76366 24.81895
"475" 2019 73938 28.46613
"476" 2019 70861 29.05301
"477" 2019 69787 29.31054
"478" 2019 68128 35.7672
"479" 2019 65560 34.7468
"480" 2019 64248 39.19128
"481" 2019 65526 38.00508
"482" 2019 64925 43.824375
"483" 2019 68520 52.7604
"484" 2019 69668 42.84582
"485" 2019 71301 46.702155
"486" 2019 70752 56.95536
"487" 2019 73420 68.6477
"488" 2019 79183 84.329895
"489" 2019 77909 100.113065
"490" 2019 77501 101.52631
"491" 2019 80871 112.815045
"492" 2019 79687 142.241295
"493" 2019 76259 147.17987
"494" 2019 75765 165.1677
"495" 2019 78405 194.4444
"496" 2019 83435 226.10885
"497" 2019 89142 268.31742
"498" 2019 86087 283.656665
"499" 2019 83712 294.24768
"500" 2019 81630 317.5407
"501" 2019 76815 351.04455
"502" 2019 74277 382.155165
"503" 2019 73868 426.5877
"504" 2019 70404 443.19318
"505" 2019 70375 517.608125
"506" 2019 69363 581.608755
"507" 2019 69315 609.27885
"508" 2019 67737 671.612355
"509" 2019 65880 732.2562
"510" 2019 66404 792.86376
"511" 2019 64405 851.112075
"512" 2019 62766 903.20274
"513" 2019 63940 973.4865
"514" 2019 62744 999.51192
"515" 2019 65273 1092.67002
"516" 2019 68244 1260.8079
"517" 2019 69167 1427.261045
"518" 2019 65221 1482.799435
"519" 2019 60360 1570.869
"520" 2019 54278 1555.87887
"521" 2019 49698 1519.51635
"522" 2019 42819 1436.57745
"523" 2019 40197 1520.049555
"524" 2019 36801 1594.771335
"525" 2019 34621 1661.288685
"526" 2019 31702 1709.68886
"527" 2019 28321 1762.13262
"528" 2019 24980 1778.9507
"529" 2019 22464 1787.12352
"530" 2019 19696 1759.24672
"531" 2019 17415 1747.94355
"532" 2019 15172 1730.21488
"533" 2019 13258 1690.66016
"534" 2019 11382 1620.56916
"535" 2019 9940 1579.7145
"536" 2019 8117 1413.25087
"537" 2019 6885 1301.437125
"538" 2019 5447 1153.72907
"539" 2019 4276 1009.49946
"540" 2019 3160 803.9198
"541" 2019 2164 597.70762
"542" 2019 1708 509.91486
"543" 2019 1196 384.20304
"544" 2019 753 259.103535
"545" 2019 458 168.04249
"546" 2019 257 100.092505
"547" 2019 184 75.73164
"548" 2019 91 39.40937
"549" 2019 51 23.140995
"550" 2019 29 13.730775
"551" 2019 21 10.335045
"552" 2019 2 1.01932
"553" 2019 5 2.629825
"554" 2019 2 1.53381
"555" 2019 2 2
"556" 2020 61466 180.71004
"557" 2020 61916 8.35866
"558" 2020 62148 4.97184
"559" 2020 62697 5.329245
"560" 2020 59661 7.15932
"561" 2020 58993 4.424475
"562" 2020 58415 3.796975
"563" 2020 60745 3.948425
"564" 2020 61926 2.78667
"565" 2020 66522 4.32393
"566" 2020 66254 4.30651
"567" 2020 68649 4.462185
"568" 2020 67673 4.73711
"569" 2020 68523 5.824455
"570" 2020 67530 8.44125
"571" 2020 67768 9.48752
"572" 2020 67948 11.8909
"573" 2020 67304 15.1434
"574" 2020 68639 18.875725
"575" 2020 71623 20.77067
"576" 2020 72131 20.91799
"577" 2020 73901 18.844755
"578" 2020 76462 22.17398
"579" 2020 78029 25.74957
"580" 2020 81368 24.4104
"581" 2020 82438 25.96797
"582" 2020 80189 24.457645
"583" 2020 81165 27.190275
"584" 2020 78497 28.651405
"585" 2020 78521 25.519325
"586" 2020 76209 29.340465
"587" 2020 73803 30.25923
"588" 2020 70680 29.6856
"589" 2020 69626 36.55365
"590" 2020 68028 36.05484
"591" 2020 65478 39.94158
"592" 2020 64089 37.17162
"593" 2020 65452 44.1801
"594" 2020 64948 50.00996
"595" 2020 68495 42.124425
"596" 2020 69580 45.5749
"597" 2020 71301 57.397305
"598" 2020 70755 66.155925
"599" 2020 73376 78.14544
"600" 2020 79147 101.703895
"601" 2020 77918 102.07258
"602" 2020 77451 108.044145
"603" 2020 80790 144.21015
"604" 2020 79589 153.60677
"605" 2020 76141 165.98738
"606" 2020 75628 187.55744
"607" 2020 78262 212.09002
"608" 2020 83275 250.65775
"609" 2020 88906 292.94527
"610" 2020 85835 301.710025
"611" 2020 83408 324.45712
"612" 2020 81314 371.60498
"613" 2020 76439 393.278655
"614" 2020 73951 427.067025
"615" 2020 73426 462.21667
"616" 2020 69935 514.371925
"617" 2020 69869 585.851565
"618" 2020 68816 604.89264
"619" 2020 68692 681.08118
"620" 2020 67059 745.360785
"621" 2020 65209 778.59546
"622" 2020 65611 867.049365
"623" 2020 63587 915.01693
"624" 2020 61861 941.833725
"625" 2020 63007 1003.70151
"626" 2020 61805 1034.6157
"627" 2020 64190 1185.91025
"628" 2020 67036 1383.28786
"629" 2020 67743 1540.137105
"630" 2020 63780 1659.8745
"631" 2020 58778 1684.87137
"632" 2020 52778 1613.68735
"633" 2020 48254 1618.9217
"634" 2020 41368 1564.33092
"635" 2020 38658 1675.24443
"636" 2020 35232 1690.60752
"637" 2020 32993 1779.31249
"638" 2020 29985 1865.6667
"639" 2020 26583 1893.108345
"640" 2020 23170 1843.28935
"641" 2020 20704 1849.28128
"642" 2020 17963 1802.94631
"643" 2020 15647 1784.38388
"644" 2020 13432 1712.84864
"645" 2020 11594 1650.75372
"646" 2020 9718 1544.43315
"647" 2020 8371 1457.47481
"648" 2020 6706 1267.60165
"649" 2020 5606 1187.40686
"650" 2020 4324 1020.83154
"651" 2020 3263 830.123515
"652" 2020 2322 641.34801
"653" 2020 1578 471.10401
"654" 2020 1193 383.23932
"655" 2020 822 282.84609
"656" 2020 490 179.78345
"657" 2020 290 112.94485
"658" 2020 134 55.15239
"659" 2020 108 46.77156
"660" 2020 54 24.50223
"661" 2020 30 14.20425
"662" 2020 18 8.85861
"663" 2020 8 4.07728
"664" 2020 0 0
"665" 2020 1 0.766905
"666" 2020 1 1
"667" 2021 61191 179.90154
"668" 2021 61663 8.324505
"669" 2021 61967 4.95736
"670" 2021 62185 5.285725
"671" 2021 62844 7.54128
"672" 2021 59740 4.4805
"673" 2021 59064 3.83916
"674" 2021 58551 3.805815
"675" 2021 60898 2.74041
"676" 2021 62107 4.036955
"677" 2021 66696 4.33524
"678" 2021 66428 4.31782
"679" 2021 68834 4.81838
"680" 2021 67896 5.77116
"681" 2021 68720 8.59
"682" 2021 67877 9.50278
"683" 2021 68246 11.94305
"684" 2021 68088 15.3198
"685" 2021 67674 18.61035
"686" 2021 69581 20.17849
"687" 2021 72666 21.07314
"688" 2021 72840 18.5742
"689" 2021 74517 21.60993
"690" 2021 77321 25.51593
"691" 2021 78560 23.568
"692" 2021 81455 25.658325
"693" 2021 82285 25.096925
"694" 2021 79907 26.768845
"695" 2021 80915 29.533975
"696" 2021 78274 25.43905
"697" 2021 78313 30.150505
"698" 2021 76025 31.17025
"699" 2021 73727 30.96534
"700" 2021 70658 37.09545
"701" 2021 69744 36.96432
"702" 2021 68085 41.53185
"703" 2021 65547 38.01726
"704" 2021 64162 43.30935
"705" 2021 65456 50.40112
"706" 2021 64962 39.95163
"707" 2021 68557 44.904835
"708" 2021 69601 56.028805
"709" 2021 71377 66.737495
"710" 2021 70813 75.415845
"711" 2021 73472 94.41152
"712" 2021 79216 103.77296
"713" 2021 77980 108.7821
"714" 2021 77444 138.23754
"715" 2021 80822 155.98646
"716" 2021 79542 173.40156
"717" 2021 76109 188.75032
"718" 2021 75552 204.74592
"719" 2021 78124 235.15324
"720" 2021 83153 273.989135
"721" 2021 88708 311.80862
"722" 2021 85600 332.984
"723" 2021 83160 380.0412
"724" 2021 81013 416.811885
"725" 2021 76105 439.506375
"726" 2021 73642 463.57639
"727" 2021 72965 536.657575
"728" 2021 69498 582.74073
"729" 2021 69353 609.61287
"730" 2021 68219 676.391385
"731" 2021 68079 756.698085
"732" 2021 66442 793.31748
"733" 2021 64490 852.23535
"734" 2021 64797 932.42883
"735" 2021 62791 955.992975
"736" 2021 60949 970.91757
"737" 2021 61963 1037.26062
"738" 2021 60762 1122.57795
"739" 2021 63024 1300.50024
"740" 2021 65776 1495.41736
"741" 2021 66246 1724.05215
"742" 2021 62193 1782.762345
"743" 2021 57095 1745.679625
"744" 2021 51146 1715.9483
"745" 2021 46603 1762.292445
"746" 2021 39889 1728.589815
"747" 2021 37008 1775.82888
"748" 2021 33551 1809.40543
"749" 2021 31267 1945.43274
"750" 2021 28176 2006.55384
"751" 2021 24708 1965.64494
"752" 2021 21349 1906.89268
"753" 2021 18866 1893.58042
"754" 2021 16096 1835.58784
"755" 2021 13885 1770.6152
"756" 2021 11740 1671.5412
"757" 2021 9973 1584.959025
"758" 2021 8146 1418.30006
"759" 2021 6922 1308.43105
"760" 2021 5394 1142.50314
"761" 2021 4405 1039.954425
"762" 2021 3308 841.57174
"763" 2021 2478 684.43599
"764" 2021 1730 516.48285
"765" 2021 1101 353.68524
"766" 2021 806 277.34057
"767" 2021 531 194.826555
"768" 2021 298 116.06057
"769" 2021 173 71.204205
"770" 2021 81 35.07867
"771" 2021 64 29.03968
"772" 2021 27 12.783825
"773" 2021 14 6.89003
"774" 2021 8 4.07728
"775" 2021 4 2.10386
"776" 2021 0 0
"777" 2021 1 1
