"year" "population" "expected"
"1" 2015 174681 618.37074
"2" 2015 171587 29.7417466666667
"3" 2015 176388 18.22676
"4" 2015 180486 16.84536
"5" 2015 185180 16.0489333333333
"6" 2015 185874 15.4895
"7" 2015 186121 14.88968
"8" 2015 182919 10.97514
"9" 2015 186450 10.5655
"10" 2015 188291 11.6112783333333
"11" 2015 194196 11.3281
"12" 2015 201043 14.07301
"13" 2015 202009 17.8441283333333
"14" 2015 203920 21.0717333333333
"15" 2015 207921 27.376265
"16" 2015 203234 30.8238233333333
"17" 2015 202135 39.416325
"18" 2015 196758 44.92641
"19" 2015 197661 48.426945
"20" 2015 201205 55.6667166666667
"21" 2015 209201 55.7869333333333
"22" 2015 209863 58.4118683333333
"23" 2015 213499 64.4055316666667
"24" 2015 217379 65.2137
"25" 2015 219090 65.36185
"26" 2015 212104 64.69172
"27" 2015 210333 66.956005
"28" 2015 210997 72.793965
"29" 2015 210699 76.55397
"30" 2015 206541 76.075935
"31" 2015 203637 79.079035
"32" 2015 198397 82.9960783333333
"33" 2015 199731 90.54472
"34" 2015 204007 94.863255
"35" 2015 206969 102.794603333333
"36" 2015 200407 107.885768333333
"37" 2015 201074 113.941933333333
"38" 2015 198140 122.516566666667
"39" 2015 200301 137.206185
"40" 2015 202078 144.822566666667
"41" 2015 211257 164.428365
"42" 2015 219074 198.992216666667
"43" 2015 237251 238.041836666667
"44" 2015 249140 275.714933333333
"45" 2015 260142 306.96756
"46" 2015 266003 343.587208333333
"47" 2015 254999 374.423531666667
"48" 2015 252511 401.49249
"49" 2015 254164 444.787
"50" 2015 258240 501.416
"51" 2015 262968 571.07884
"52" 2015 258304 625.526186666667
"53" 2015 253699 681.604646666667
"54" 2015 251034 761.05141
"55" 2015 244179 829.39467
"56" 2015 241775 892.552708333333
"57" 2015 234959 957.849523333333
"58" 2015 229715 1056.689
"59" 2015 225555 1156.721225
"60" 2015 219382 1252.67122
"61" 2015 215677 1351.93532833333
"62" 2015 211829 1458.08961666667
"63" 2015 211610 1602.59306666667
"64" 2015 203469 1690.488275
"65" 2015 203599 1844.94627166667
"66" 2015 204833 2037.40557333333
"67" 2015 209441 2257.42491166667
"68" 2015 218499 2543.32836
"69" 2015 223372 2878.14822
"70" 2015 158287 2251.89638666667
"71" 2015 163289 2565.81448666667
"72" 2015 152781 2657.625495
"73" 2015 138932 2680.92449333333
"74" 2015 130097 2789.06285166667
"75" 2015 130644 3130.0125
"76" 2015 122728 3274.79213333333
"77" 2015 116871 3431.527345
"78" 2015 106130 3463.37566666667
"79" 2015 101767 3757.91608666667
"80" 2015 95038 3988.90325666667
"81" 2015 89524 4245.37728666667
"82" 2015 82687 4466.47611666667
"83" 2015 79222 4860.79784666667
"84" 2015 72009 4993.82415
"85" 2015 66579.04 5309.12361466667
"86" 2015 58373.14 5317.2093226
"87" 2015 52181.44 5396.95240106667
"88" 2015 44966.67 5283.80855835
"89" 2015 39188.99 5194.56593948333
"90" 2015 33374.3 4970.32325133333
"91" 2015 28344.38 4701.52955123333
"92" 2015 23652.01 4392.25709703333
"93" 2015 18426.03 3841.6429947
"94" 2015 14418.84 3298.7181838
"95" 2015 11014.07 2751.59003775
"96" 2015 6892.73 1890.02102965
"97" 2015 4669.98 1395.9115051
"98" 2015 3379.27 1095.22703911667
"99" 2015 2233.91 780.732929083333
"100" 2015 1401.24 525.1637334
"101" 2015 913.56 365.1392738
"102" 2015 517.85 219.527835083333
"103" 2015 280.38 125.3948147
"104" 2015 149.24 70.0547484
"105" 2015 78.38 38.4286689333333
"106" 2015 39.36 20.0632352
"107" 2015 17.9 9.44562116666667
"108" 2015 8.2 4.46172933333333
"109" 2015 3.15 1.76090775
"110" 2015 1.17 0.9161646
"111" 2015 0.32 0.32
"112" 2016 170341 603.00714
"113" 2016 175721 30.4583066666667
"114" 2016 172395 17.81415
"115" 2016 177204 16.53904
"116" 2016 181193 15.7033933333333
"117" 2016 185795 15.4829166666667
"118" 2016 186527 14.92216
"119" 2016 186954 11.21724
"120" 2016 183658 10.4072866666667
"121" 2016 187104 11.53808
"122" 2016 188997 11.024825
"123" 2016 194943 13.64601
"124" 2016 201667 17.8139183333333
"125" 2016 202739 20.9496966666667
"126" 2016 204534 26.93031
"127" 2016 208704 31.65344
"128" 2016 204436 39.86502
"129" 2016 203669 46.5044216666667
"130" 2016 200001 49.000245
"131" 2016 201917 55.8637033333333
"132" 2016 204819 54.6184
"133" 2016 212265 59.080425
"134" 2016 212818 64.2000966666667
"135" 2016 216388 64.9164
"136" 2016 219656 65.5307066666667
"137" 2016 220839 67.355895
"138" 2016 213760 68.0469333333333
"139" 2016 211787 73.066515
"140" 2016 212374 77.1625533333333
"141" 2016 212242 78.1758033333333
"142" 2016 207828 80.70654
"143" 2016 204685 85.6265583333333
"144" 2016 199525 90.4513333333333
"145" 2016 200539 93.250635
"146" 2016 204764 101.699453333333
"147" 2016 207725 111.825291666667
"148" 2016 201021 113.9119
"149" 2016 201431 124.551501666667
"150" 2016 198588 136.03278
"151" 2016 200648 143.797733333333
"152" 2016 202442 157.567356666667
"153" 2016 211549 192.157008333333
"154" 2016 219286 220.016953333333
"155" 2016 237447 262.77468
"156" 2016 249258 294.12444
"157" 2016 260071 335.925041666667
"158" 2016 265868 390.382846666667
"159" 2016 254821 405.16539
"160" 2016 252236 441.413
"161" 2016 253748 492.694033333333
"162" 2016 257576 559.369213333333
"163" 2016 262325 635.263708333333
"164" 2016 257664 692.25728
"165" 2016 252826 766.484156666667
"166" 2016 250128 849.60144
"167" 2016 243213 897.861325
"168" 2016 240729 981.37189
"169" 2016 233966 1076.2436
"170" 2016 228536 1172.00878666667
"171" 2016 224170 1280.0107
"172" 2016 217979 1366.36503166667
"173" 2016 214133 1473.94881666667
"174" 2016 210154 1591.56629333333
"175" 2016 209831 1743.34589166667
"176" 2016 201655 1827.33039166667
"177" 2016 201381 2003.06968
"178" 2016 202457 2182.14903166667
"179" 2016 206918 2408.52552
"180" 2016 215655 2778.714675
"181" 2016 220292 3134.02085333333
"182" 2016 155775 2447.7445
"183" 2016 160391 2790.001445
"184" 2016 149943 2893.40009
"185" 2016 136237 2920.69421833333
"186" 2016 127166 3046.68541666667
"187" 2016 127374 3398.7629
"188" 2016 119370 3504.90215
"189" 2016 113391 3700.3263
"190" 2016 102414 3781.80764
"191" 2016 97796 4104.66111333333
"192" 2016 90838 4307.68935666667
"193" 2016 84960 4589.256
"194" 2016 78007 4786.24949666667
"195" 2016 74135 5141.26225
"196" 2016 66790.4 5325.97781333333
"197" 2016 61072.12 5563.0594108
"198" 2016 52853.48 5466.45925813333
"199" 2016 46648.91 5481.48016955
"200" 2016 39651.58 5255.88301496667
"201" 2016 34035.92 5068.85611253333
"202" 2016 28443.3 4717.9375765
"203" 2016 23628.77 4387.94135156667
"204" 2016 19228.6 4008.970814
"205" 2016 14603.08 3340.86830393333
"206" 2016 11133.05 2781.31421625
"207" 2016 8262.19 2265.53380895
"208" 2016 5046.91 1508.58027961667
"209" 2016 3293.62 1067.46773136667
"210" 2016 2329.79 814.242190083333
"211" 2016 1497.88 561.3829558
"212" 2016 877.99 350.922359783333
"213" 2016 531.59 225.352518783333
"214" 2016 285.09 127.50127585
"215" 2016 145.51 68.3038491
"216" 2016 72.53 35.5604919333333
"217" 2016 35.47 18.0803595666667
"218" 2016 16.22 8.55910476666667
"219" 2016 6.26 3.40614946666667
"220" 2016 2.42 1.35282436666667
"221" 2016 0.65 0.508980333333333
"222" 2016 0 0
"223" 2017 172288 609.89952
"224" 2017 171594 29.74296
"225" 2017 176866 18.2761533333333
"226" 2017 173270 16.1718666666667
"227" 2017 178271 15.4501533333333
"228" 2017 182091 15.17425
"229" 2017 186849 14.94792
"230" 2017 187513 11.25078
"231" 2017 188054 10.6563933333333
"232" 2017 184673 11.3881683333333
"233" 2017 188090 10.9719166666667
"234" 2017 190011 13.30077
"235" 2017 195938 17.3078566666667
"236" 2017 202561 20.9313033333333
"237" 2017 203699 26.8203683333333
"238" 2017 205650 31.19025
"239" 2017 210291 41.006745
"240" 2017 206389 47.1254883333333
"241" 2017 207779 50.905855
"242" 2017 205296 56.79856
"243" 2017 206679 55.1144
"244" 2017 208519 58.0377883333333
"245" 2017 215345 64.9624083333333
"246" 2017 216378 64.9134
"247" 2017 219322 65.4310633333333
"248" 2017 222186 67.76673
"249" 2017 223461 71.135085
"250" 2017 216058 74.54001
"251" 2017 214126 77.7991133333333
"252" 2017 214256 78.9176266666667
"253" 2017 213919 83.0718783333333
"254" 2017 209457 87.622845
"255" 2017 206225 93.4886666666666
"256" 2017 200897 93.417105
"257" 2017 201624 100.13992
"258" 2017 205834 110.807303333333
"259" 2017 208767 118.3013
"260" 2017 201973 124.886638333333
"261" 2017 202260 138.5481
"262" 2017 199353 142.86965
"263" 2017 201258 156.64581
"264" 2017 203023 184.412558333333
"265" 2017 212159 212.866196666667
"266" 2017 219687 243.12028
"267" 2017 237753 280.54854
"268" 2017 249370 322.102916666667
"269" 2017 260176 382.025093333333
"270" 2017 265988 422.92092
"271" 2017 254849 445.98575
"272" 2017 252208 489.703866666667
"273" 2017 253491 550.497955
"274" 2017 257118 622.65409
"275" 2017 261761 703.264553333333
"276" 2017 257147 779.583988333333
"277" 2017 252100 856.299666666667
"278" 2017 249394 920.679516666667
"279" 2017 242307 987.80487
"280" 2017 239624 1102.2704
"281" 2017 232915 1194.46575833333
"282" 2017 227365 1298.25415
"283" 2017 222845 1396.86674166667
"284" 2017 216574 1490.75103333333
"285" 2017 212474 1609.13642666667
"286" 2017 208453 1731.89700833333
"287" 2017 207996 1884.79042
"288" 2017 199561 1984.96674666667
"289" 2017 199123 2146.21406833333
"290" 2017 200033 2328.38412
"291" 2017 204246 2631.70971
"292" 2017 212678 3025.69901333333
"293" 2017 217058 3410.70470666667
"294" 2017 153102 2663.20929
"295" 2017 157486 3038.95484666667
"296" 2017 146974 3150.87760333333
"297" 2017 133239 3192.184375
"298" 2017 124111 3311.69518333333
"299" 2017 123876 3637.20582
"300" 2017 115800 3778.94
"301" 2017 109546 4045.16862666667
"302" 2017 98552 4136.39169333333
"303" 2017 93547 4436.15465166667
"304" 2017 86458 4670.17296666667
"305" 2017 80199 4920.74331
"306" 2017 73038 5065.1853
"307" 2017 68877 5492.366775
"308" 2017 61273.34 5581.3885406
"309" 2017 55385.75 5728.36350333333
"310" 2017 47361.22 5565.1801561
"311" 2017 41193.83 5460.31082288333
"312" 2017 34404.05 5123.68048633333
"313" 2017 28882.9 4790.85476116667
"314" 2017 23683.23 4398.0547551
"315" 2017 19233.21 4009.9319529
"316" 2017 15339.52 3509.34981973333
"317" 2017 11364.51 2839.13871075
"318" 2017 8293.12 2274.0149696
"319" 2017 5982.92 1788.36458873333
"320" 2017 3567.31 1156.17111651667
"321" 2017 2254.39 787.890518416667
"322" 2017 1557.4 583.690159
"323" 2017 946.23 378.19709165
"324" 2017 541.33 229.481515816667
"325" 2017 319.31 142.805543483333
"326" 2017 167.38 78.5698458
"327" 2017 83.73 41.0517026
"328" 2017 40.85 20.8227428333333
"329" 2017 19.52 10.3004762666667
"330" 2017 8.47 4.60863993333333
"331" 2017 3.16 1.76649793333333
"332" 2017 1.03 0.806538066666667
"333" 2017 0.28 0.28
"334" 2018 169566 600.26364
"335" 2018 173365 30.0499333333333
"336" 2018 172815 17.85755
"337" 2018 177913 16.6052133333333
"338" 2018 174440 15.1181333333333
"339" 2018 179261 14.9384166666667
"340" 2018 183075 14.646
"341" 2018 187979 11.27874
"342" 2018 188589 10.68671
"343" 2018 189162 11.66499
"344" 2018 185788 10.8376333333333
"345" 2018 189169 13.24183
"346" 2018 191108 16.8812066666667
"347" 2018 196875 20.34375
"348" 2018 203519 26.7966683333333
"349" 2018 204774 31.05739
"350" 2018 206878 40.34121
"351" 2018 211820 48.3655666666667
"352" 2018 210774 51.63963
"353" 2018 213786 59.14746
"354" 2018 209792 55.9445333333333
"355" 2018 209892 58.41994
"356" 2018 211308 63.74458
"357" 2018 218557 65.5671
"358" 2018 219232 65.4042133333333
"359" 2018 221643 67.601115
"360" 2018 224418 71.43973
"361" 2018 225619 77.838555
"362" 2018 218319 79.32257
"363" 2018 216158 79.6181966666667
"364" 2018 216233 83.9704816666667
"365" 2018 215503 90.1520883333333
"366" 2018 211127 95.7109066666666
"367" 2018 207626 96.54609
"368" 2018 202300 100.475666666667
"369" 2018 202806 109.17723
"370" 2018 206883 117.2337
"371" 2018 209769 129.707165
"372" 2018 202927 139.004995
"373" 2018 202971 145.46255
"374" 2018 200028 155.68846
"375" 2018 201974 183.459716666667
"376" 2018 203622 204.30074
"377" 2018 212658 235.34152
"378" 2018 220030 259.6354
"379" 2018 238148 307.607833333333
"380" 2018 249678 366.61053
"381" 2018 260267 413.82453
"382" 2018 265974 465.4545
"383" 2018 254756 494.651233333333
"384" 2018 252051 547.370755
"385" 2018 253303 613.415431666667
"386" 2018 256811 689.965553333333
"387" 2018 261171 791.783415
"388" 2018 256510 871.278966666667
"389" 2018 251271 927.608775
"390" 2018 248603 1013.47156333333
"391" 2018 241399 1110.4354
"392" 2018 238550 1223.36391666667
"393" 2018 231687 1322.93277
"394" 2018 226041 1416.900335
"395" 2018 221321 1523.42621666667
"396" 2018 215014 1628.37269333333
"397" 2018 210758 1751.04771666667
"398" 2018 206604 1872.17658
"399" 2018 206100 2050.008
"400" 2018 197317 2126.74839833333
"401" 2018 196878 2291.65992
"402" 2018 197672 2547.00372
"403" 2018 201570 2867.6692
"404" 2018 209616 3293.76608
"405" 2018 213639 3716.250405
"406" 2018 150383 2901.89062333333
"407" 2018 154469 3311.55791166667
"408" 2018 143818 3445.63958333333
"409" 2018 130091 3471.26151666667
"410" 2018 120818 3547.41784333333
"411" 2018 120219 3923.1467
"412" 2018 112105 4139.66396666667
"413" 2018 105507 4428.304635
"414" 2018 94315 4472.57449166667
"415" 2018 88990 4806.94316666667
"416" 2018 81765 5016.82785
"417" 2018 75261 5219.35035
"418" 2018 67924 5416.37296666667
"419" 2018 63234 5759.98506
"420" 2018 55596.1 5750.11930266667
"421" 2018 49620.99 5830.71442995
"422" 2018 41790.82 5539.44284236667
"423" 2018 35721.9 5319.943494
"424" 2018 29251.26 4851.9552483
"425" 2018 24156.33 4485.9110021
"426" 2018 19278.28 4019.3285972
"427" 2018 15162.59 3468.87206921667
"428" 2018 11828.31 2955.00754575
"429" 2018 8533.52 2339.9338516
"430" 2018 6044.99 1806.91803588333
"431" 2018 4176.35 1353.56199558333
"432" 2018 2386.82 834.173699833333
"433" 2018 1471.97 551.67227645
"434" 2018 979.32 391.4227786
"435" 2018 561.18 237.8963609
"436" 2018 307.87 137.689213216667
"437" 2018 173.93 81.6444813
"438" 2018 87.24 42.7726088
"439" 2018 41.65 21.2305321666667
"440" 2018 19.15 10.1052315833333
"441" 2018 8.49 4.6195222
"442" 2018 3.29 1.83917031666667
"443" 2018 0.92 0.720402933333333
"444" 2018 0 0
"445" 2019 168443 596.28822
"446" 2019 170816 29.6081066666667
"447" 2019 174256 18.0064533333333
"448" 2019 173722 16.2140533333333
"449" 2019 178825 15.4981666666667
"450" 2019 175210 14.6008333333333
"451" 2019 180043 14.40344
"452" 2019 183815 11.0289
"453" 2019 188854 10.7017266666667
"454" 2019 189520 11.6870666666667
"455" 2019 190090 11.0885833333333
"456" 2019 186613 13.06291
"457" 2019 190026 16.78563
"458" 2019 191909 19.8305966666667
"459" 2019 197677 26.0274716666667
"460" 2019 204306 30.98641
"461" 2019 205638 40.09941
"462" 2019 207992 47.4915066666667
"463" 2019 216614 53.07043
"464" 2019 217469 60.1664233333333
"465" 2019 218315 58.2173333333333
"466" 2019 212979 59.279155
"467" 2019 212854 64.2109566666667
"468" 2019 214501 64.3503
"469" 2019 221276 66.0140066666667
"470" 2019 221595 67.586475
"471" 2019 224138 71.3505966666667
"472" 2019 227080 78.3426
"473" 2019 228156 82.89668
"474" 2019 220894 81.3626233333333
"475" 2019 218629 84.9009283333333
"476" 2019 218397 91.362745
"477" 2019 217522 98.6099733333333
"478" 2019 212882 98.99013
"479" 2019 209476 104.039746666667
"480" 2019 203806 109.715563333333
"481" 2019 204401 115.827233333333
"482" 2019 208114 128.683823333333
"483" 2019 210971 144.515135
"484" 2019 204001 146.200716666667
"485" 2019 203992 158.773773333333
"486" 2019 201027 182.599525
"487" 2019 202851 203.52717
"488" 2019 204259 226.046626666667
"489" 2019 213259 251.64562
"490" 2019 220643 284.997208333333
"491" 2019 238587 350.325245
"492" 2019 249933 397.39347
"493" 2019 260536 455.938
"494" 2019 266020 516.522166666667
"495" 2019 254909 553.577378333333
"496" 2019 251946 610.12923
"497" 2019 253097 679.987273333333
"498" 2019 256392 777.29508
"499" 2019 260512 884.872426666667
"500" 2019 255864 944.5646
"501" 2019 250557 1021.43737
"502" 2019 247542 1138.6932
"503" 2019 240203 1231.84105166667
"504" 2019 237366 1355.35986
"505" 2019 230261 1443.35270166667
"506" 2019 224577 1545.83835
"507" 2019 219687 1663.76288
"508" 2019 213299 1772.15919166667
"509" 2019 209015 1894.02425833333
"510" 2019 204712 2036.20202666667
"511" 2019 203761 2196.20397833333
"512" 2019 194999 2269.78836
"513" 2019 194511 2506.274235
"514" 2019 195091 2775.49462666667
"515" 2019 198650 3121.45366666667
"516" 2019 206366 3589.73657
"517" 2019 209871 4049.81073
"518" 2019 147392 3159.83882666667
"519" 2019 151105 3620.22395833333
"520" 2019 140466 3748.1011
"521" 2019 126649 3718.62572166667
"522" 2019 117269 3826.87836666667
"523" 2019 116317 4295.19908666667
"524" 2019 108025 4533.98929166667
"525" 2019 101095 4794.09339166667
"526" 2019 90011 4862.09418333333
"527" 2019 84177 5164.82013
"528" 2019 76736 5321.6416
"529" 2019 70095 5589.492125
"530" 2019 62552 5697.86168
"531" 2019 57367 5933.27758666667
"532" 2019 49724.9 5842.9243745
"533" 2019 43711.97 5794.09447678333
"534" 2019 36180.16 5388.19062826667
"535" 2019 30292.43 5024.65585148333
"536" 2019 24318.43 4516.01351243333
"537" 2019 19642.34 4095.2314666
"538" 2019 15281.67 3496.11499315
"539" 2019 11651.72 2910.890949
"540" 2019 8822.01 2419.03925205
"541" 2019 6206.63 1855.23411768333
"542" 2019 4237.87 1373.50073011667
"543" 2019 2856.31 998.256542416667
"544" 2019 1607 602.279495
"545" 2019 937.27 374.615884183333
"546" 2019 587.37 248.99886935
"547" 2019 325.68 145.6544092
"548" 2019 172.77 81.0999657
"549" 2019 94.28 46.2242269333333
"550" 2019 45.62 23.2541867333333
"551" 2019 20.9 11.0286861666667
"552" 2019 8.96 4.87525546666667
"553" 2019 3.76 2.10190893333333
"554" 2019 1.21 0.947486466666667
"555" 2019 0 0
"556" 2020 169497 600.01938
"557" 2020 169918 29.4524533333333
"558" 2020 171951 17.76827
"559" 2020 175319 16.3631066666667
"560" 2020 174787 15.1482066666667
"561" 2020 179581 14.9650833333333
"562" 2020 176215 14.0972
"563" 2020 180969 10.85814
"564" 2020 184787 10.4712633333333
"565" 2020 189871 11.7087116666667
"566" 2020 190581 11.117225
"567" 2020 191201 13.38407
"568" 2020 187633 16.5742483333333
"569" 2020 190949 19.7313966666667
"570" 2020 192840 25.3906
"571" 2020 198577 30.1175116666667
"572" 2020 205420 40.0569
"573" 2020 207149 47.2990216666667
"574" 2020 213523 52.313135
"575" 2020 224489 62.1086233333333
"576" 2020 222532 59.3418666666667
"577" 2020 221651 61.6928616666667
"578" 2020 216297 65.249595
"579" 2020 216448 64.9344
"580" 2020 217657 64.9343383333333
"581" 2020 224513 68.476465
"582" 2020 224987 71.6208616666667
"583" 2020 227651 78.539595
"584" 2020 230336 83.6887466666667
"585" 2020 231478 85.2610633333333
"586" 2020 224067 87.012685
"587" 2020 221567 92.6888616666667
"588" 2020 221012 100.192106666667
"589" 2020 220272 102.42648
"590" 2020 215185 106.875216666667
"591" 2020 211608 113.91564
"592" 2020 205694 116.559933333333
"593" 2020 206135 127.460141666667
"594" 2020 209787 143.704095
"595" 2020 212604 152.3662
"596" 2020 205400 159.869666666667
"597" 2020 205351 186.527158333333
"598" 2020 202233 202.90711
"599" 2020 203832 225.57408
"600" 2020 205192 242.12656
"601" 2020 214175 276.642708333333
"602" 2020 221397 325.084595
"603" 2020 239141 380.23419
"604" 2020 250414 438.2245
"605" 2020 260941 506.660441666667
"606" 2020 266187 578.069435
"607" 2020 254922 617.33611
"608" 2020 251934 676.86268
"609" 2020 252798 766.39927
"610" 2020 255985 869.495716666667
"611" 2020 259958 959.678283333333
"612" 2020 255085 1039.89651666667
"613" 2020 249709 1148.6614
"614" 2020 246676 1265.03675333333
"615" 2020 239164 1365.62644
"616" 2020 236163 1480.348405
"617" 2020 228921 1575.73955
"618" 2020 223075 1689.42133333333
"619" 2020 218121 1812.221975
"620" 2020 211518 1916.70561
"621" 2020 207231 2061.25768
"622" 2020 202623 2183.938235
"623" 2020 201498 2345.43672
"624" 2020 192697 2482.900845
"625" 2020 191999 2731.50577333333
"626" 2020 192332 3022.17682666667
"627" 2020 195686 3403.95797
"628" 2020 202910 3915.48663333333
"629" 2020 206012 4416.55392666667
"630" 2020 144279 3456.684375
"631" 2020 147609 3938.70015
"632" 2020 136821 4017.292595
"633" 2020 123046 4015.40113333333
"634" 2020 113620 4195.60786666667
"635" 2020 112104 4705.19172
"636" 2020 103556 4910.79811333333
"637" 2020 96472 5211.09586666667
"638" 2020 85299 5233.66231
"639" 2020 79209 5493.14415
"640" 2020 71520 5703.124
"641" 2020 64712 5894.61608
"642" 2020 57004 5895.73370666667
"643" 2020 51687 6073.480935
"644" 2020 43987.66 5830.63764576667
"645" 2020 38055.89 5667.53684473333
"646" 2020 30868.27 5120.17139201667
"647" 2020 25328.49 4703.5850213
"648" 2020 19897.49 4148.4276901
"649" 2020 15656.85 3581.94804825
"650" 2020 11896.88 2972.138046
"651" 2020 8854.17 2427.85768485
"652" 2020 6503.89 1944.08859971667
"653" 2020 4398.85 1425.67461641667
"654" 2020 2923.48 1021.73189766667
"655" 2020 1917.11 718.50407135
"656" 2020 1023.45 409.06102475
"657" 2020 589.04 249.706818533333
"658" 2020 358.82 160.475666633333
"659" 2020 194.1 91.112481
"660" 2020 100.35 49.200267
"661" 2020 53.26 27.1485748666667
"662" 2020 24.97 13.1763776833333
"663" 2020 10.97 5.96892326666667
"664" 2020 4.24 2.37023773333333
"665" 2020 1.86 1.4564668
"666" 2020 0.34 0.34
"667" 2021 168270 595.6758
"668" 2021 170354 29.5280266666667
"669" 2021 170474 17.6156466666667
"670" 2021 172564 16.1059733333333
"671" 2021 175964 15.2502133333333
"672" 2021 175403 14.6169166666667
"673" 2021 180140 14.4112
"674" 2021 176907 10.61442
"675" 2021 181785 10.30115
"676" 2021 185592 11.44484
"677" 2021 190637 11.1204916666667
"678" 2021 191484 13.40388
"679" 2021 192004 16.9603533333333
"680" 2021 188438 19.4719266666667
"681" 2021 191715 25.242475
"682" 2021 193570 29.3581166666667
"683" 2021 199394 38.88183
"684" 2021 206527 47.1569983333333
"685" 2021 212171 51.981895
"686" 2021 220073 60.8868633333333
"687" 2021 227053 60.5474666666667
"688" 2021 223141 62.1075783333333
"689" 2021 222345 67.074075
"690" 2021 217581 65.2743
"691" 2021 217366 64.8475233333333
"692" 2021 218668 66.69374
"693" 2021 225920 71.9178666666667
"694" 2021 226583 78.171135
"695" 2021 229437 83.36211
"696" 2021 232334 85.5763566666667
"697" 2021 233373 90.626515
"698" 2021 225767 94.4458616666667
"699" 2021 223130 101.152266666667
"700" 2021 222511 103.467615
"701" 2021 221708 110.114973333333
"702" 2021 216405 116.498025
"703" 2021 212811 120.5929
"704" 2021 206720 127.821866666667
"705" 2021 207274 141.98269
"706" 2021 210876 151.1278
"707" 2021 213550 166.213083333333
"708" 2021 206262 187.35465
"709" 2021 206100 206.787
"710" 2021 203073 224.73412
"711" 2021 204503 241.31354
"712" 2021 205701 265.697125
"713" 2021 214822 315.430303333333
"714" 2021 221788 352.64292
"715" 2021 239467 419.06725
"716" 2021 250796 486.962233333333
"717" 2021 261085 566.989591666667
"718" 2021 266184 644.60892
"719" 2021 254782 684.514306666667
"720" 2021 251614 762.809776666666
"721" 2021 252466 857.542846666667
"722" 2021 255486 943.16915
"723" 2021 259303 1057.09189666667
"724" 2021 254398 1170.2308
"725" 2021 248827 1276.06779833333
"726" 2021 245543 1402.05053
"727" 2021 237918 1491.34933
"728" 2021 234687 1615.42885
"729" 2021 227404 1722.20629333333
"730" 2021 221404 1839.49823333333
"731" 2021 216248 1959.56729333333
"732" 2021 209603 2084.85117333333
"733" 2021 205025 2209.82779166667
"734" 2021 200160 2329.8624
"735" 2021 198911 2562.968235
"736" 2021 190079 2704.19057333333
"737" 2021 189248 2973.71690666667
"738" 2021 189136 3290.02072
"739" 2021 192126 3707.39138
"740" 2021 198904 4264.17025333333
"741" 2021 201622 4830.52708333333
"742" 2021 140597 3751.59661666667
"743" 2021 143353 4209.08300166667
"744" 2021 132521 4324.60196666667
"745" 2021 118606 4379.72422666667
"746" 2021 108983 4574.19814833333
"747" 2021 107048 5076.39457333333
"748" 2021 98199 5304.38265
"749" 2021 90976 5581.98410666667
"750" 2021 79679 5525.73865
"751" 2021 73221 5838.764575
"752" 2021 65612 5976.59708
"753" 2021 58402 6040.32418666667
"754" 2021 50597 5945.400485
"755" 2021 45191 5990.14236833333
"756" 2021 37611.98 5601.42680813333
"757" 2021 31883.25 5288.52781625
"758" 2021 25369.52 4711.20442906667
"759" 2021 20376.11 4248.2151739
"760" 2021 15572.62 3562.67804923333
"761" 2021 11886.09 2969.44243425
"762" 2021 8781.55 2407.94491775
"763" 2021 6367.02 1903.1765599
"764" 2021 4499.95 1458.44129491667
"765" 2021 2968.94 1037.61978883333
"766" 2021 1915.49 717.89691965
"767" 2021 1190.9 475.988836166667
"768" 2021 611.67 259.30016585
"769" 2021 335.87 150.211699883333
"770" 2021 196.83 92.3939703
"771" 2021 102.91 50.4554008666667
"772" 2021 51.15 26.0730305
"773" 2021 25.85 13.6407434166667
"774" 2021 11.37 6.1865686
"775" 2021 4.5 2.5155825
"776" 2021 1.37 1.07277393333333
"777" 2021 0.63 0.63
