"year" "population" "expected"
"1" 2015 124803 453.03489
"2" 2015 126087 26.268125
"3" 2015 129363 17.67961
"4" 2015 130899 12.871735
"5" 2015 133261 11.1050833333333
"6" 2015 132405 10.813075
"7" 2015 132789 9.516545
"8" 2015 130235 9.11645
"9" 2015 129450 10.7875
"10" 2015 126501 8.85507
"11" 2015 124781 9.56654333333333
"12" 2015 121675 11.559125
"13" 2015 120814 12.8868266666667
"14" 2015 122796 13.3029
"15" 2015 124887 14.778295
"16" 2015 123316 17.88082
"17" 2015 124131 21.92981
"18" 2015 126324 31.37046
"19" 2015 127334 39.2613166666667
"20" 2015 127283 42.2155283333333
"21" 2015 129469 44.666805
"22" 2015 135202 49.5740666666667
"23" 2015 141166 51.9961433333333
"24" 2015 144389 55.3491166666667
"25" 2015 145342 56.1989066666667
"26" 2015 143942 56.85709
"27" 2015 144636 61.71136
"28" 2015 142964 61.2362466666667
"29" 2015 143476 61.4555533333333
"30" 2015 141064 66.5351866666667
"31" 2015 143064 76.53924
"32" 2015 143691 80.706445
"33" 2015 146980 85.2484
"34" 2015 148933 89.8562433333333
"35" 2015 151062 97.18322
"36" 2015 148928 104.746026666667
"37" 2015 147170 114.05675
"38" 2015 145445 117.568041666667
"39" 2015 143958 130.52192
"40" 2015 141751 140.33349
"41" 2015 145681 143.738586666667
"42" 2015 149289 167.452495
"43" 2015 154146 188.05812
"44" 2015 157278 214.9466
"45" 2015 158761 245.285745
"46" 2015 157140 253.7811
"47" 2015 156622 284.791003333333
"48" 2015 157201 318.332025
"49" 2015 161275 355.073791666667
"50" 2015 164564 386.176853333333
"51" 2015 169080 435.0992
"52" 2015 165652 470.727766666667
"53" 2015 161799 501.307235
"54" 2015 161084 558.15606
"55" 2015 158667 602.141265
"56" 2015 158336 651.024853333333
"57" 2015 153981 714.98511
"58" 2015 150073 776.877896666667
"59" 2015 146665 816.190725
"60" 2015 143949 886.485925
"61" 2015 140026 971.547063333333
"62" 2015 135658 1070.56771666667
"63" 2015 133508 1149.50388
"64" 2015 127189 1177.134195
"65" 2015 126940 1290.55666666667
"66" 2015 124858 1367.61129333333
"67" 2015 124851 1488.432005
"68" 2015 122165 1556.3821
"69" 2015 121228 1666.48090666667
"70" 2015 101358 1538.9523
"71" 2015 99854 1632.44647666667
"72" 2015 93370 1664.00901666667
"73" 2015 81385 1625.25845
"74" 2015 73009 1608.99667833333
"75" 2015 80251 1913.71884666667
"76" 2015 85193 2210.75835
"77" 2015 84718 2446.93823333333
"78" 2015 79586 2560.81219333333
"79" 2015 75491 2687.35378166667
"80" 2015 72266 2862.93803333333
"81" 2015 70677 3143.94855
"82" 2015 67053 3358.23775
"83" 2015 65875 3739.50416666667
"84" 2015 61350.54 3951.2815287
"85" 2015 57170.96 4197.39659826667
"86" 2015 49409.5 4165.38554833333
"87" 2015 43790.28 4173.5056192
"88" 2015 38142.45 4102.2204975
"89" 2015 33324.45 4043.0333555
"90" 2015 28887.13 3953.87777353333
"91" 2015 24195.21 3721.8685036
"92" 2015 19799.01 3384.7067562
"93" 2015 15702.97 2956.29347543333
"94" 2015 12358.34 2586.7859371
"95" 2015 9202.3 2135.37837783333
"96" 2015 5151.46 1307.14863193333
"97" 2015 2542.55 704.989788833333
"98" 2015 1794.22 540.960320366667
"99" 2015 1394.09 454.708011816667
"100" 2015 1095.38 384.4893338
"101" 2015 822.51 309.05950335
"102" 2015 496.41 198.6235692
"103" 2015 306.74 130.011237766667
"104" 2015 190.23 84.97542395
"105" 2015 70.38 32.9709186
"106" 2015 54 26.40618
"107" 2015 21.53 10.9410795166667
"108" 2015 11.4 5.995469
"109" 2015 1.72 0.9325668
"110" 2015 2.94 2.2784363
"111" 2015 0.32 0.32
"112" 2016 122381 444.24303
"113" 2016 126288 26.31
"114" 2016 127278 17.39466
"115" 2016 130321 12.8148983333333
"116" 2016 131908 10.9923333333333
"117" 2016 134243 10.9631783333333
"118" 2016 133326 9.55503
"119" 2016 133740 9.3618
"120" 2016 131090 10.9241666666667
"121" 2016 130309 9.12163
"122" 2016 127301 9.75974333333333
"123" 2016 125561 11.928295
"124" 2016 122348 13.0504533333333
"125" 2016 121551 13.168025
"126" 2016 123697 14.6374783333333
"127" 2016 126107 18.285515
"128" 2016 125152 22.1101866666667
"129" 2016 125677 31.2097883333333
"130" 2016 128372 39.5813666666667
"131" 2016 129529 42.9604516666667
"132" 2016 130116 44.89002
"133" 2016 132005 48.4018333333333
"134" 2016 137988 50.82558
"135" 2016 143893 55.1589833333333
"136" 2016 147258 56.93976
"137" 2016 148074 58.48923
"138" 2016 146518 62.5143466666667
"139" 2016 146817 62.886615
"140" 2016 145041 62.125895
"141" 2016 145171 68.4723216666667
"142" 2016 142763 76.378205
"143" 2016 144372 81.08894
"144" 2016 144937 84.06346
"145" 2016 148102 89.3548733333333
"146" 2016 149976 96.48456
"147" 2016 152038 106.933393333333
"148" 2016 149779 116.078725
"149" 2016 147883 119.538758333333
"150" 2016 146228 132.580053333333
"151" 2016 144449 143.00451
"152" 2016 142385 140.486533333333
"153" 2016 146287 164.085251666667
"154" 2016 149587 182.49614
"155" 2016 154482 211.1254
"156" 2016 157564 243.43638
"157" 2016 158958 256.71717
"158" 2016 157189 285.821998333333
"159" 2016 156764 317.4471
"160" 2016 157183 346.064571666667
"161" 2016 161180 378.235733333333
"162" 2016 164328 422.87072
"163" 2016 168670 479.303916666667
"164" 2016 165144 511.67116
"165" 2016 161250 558.73125
"166" 2016 160493 609.070935
"167" 2016 158035 649.787241666667
"168" 2016 157577 731.682536666667
"169" 2016 153042 792.24742
"170" 2016 149161 830.080965
"171" 2016 145660 897.022833333333
"172" 2016 142727 990.287501666667
"173" 2016 138798 1095.34755
"174" 2016 134235 1155.76335
"175" 2016 132121 1222.779855
"176" 2016 125808 1279.048
"177" 2016 125228 1371.66402666667
"178" 2016 123196 1468.70164666667
"179" 2016 123197 1569.52978
"180" 2016 120359 1654.53505333333
"181" 2016 119340 1811.979
"182" 2016 99708 1630.05962
"183" 2016 98072 1747.80649333333
"184" 2016 91587 1828.99239
"185" 2016 79651 1755.37528833333
"186" 2016 71318 1700.69657333333
"187" 2016 78214 2029.6533
"188" 2016 82862 2393.33076666667
"189" 2016 82070 2640.73903333333
"190" 2016 76894 2737.29824333333
"191" 2016 72624 2877.1208
"192" 2016 69069 3072.41935
"193" 2016 67285 3369.85708333333
"194" 2016 63406 3599.34726666667
"195" 2016 61761 3977.717205
"196" 2016 57092.54 4191.63913256667
"197" 2016 52709.96 4443.62532786667
"198" 2016 45112.5 4299.522
"199" 2016 39380.28 4235.349114
"200" 2016 33726.45 4091.8053355
"201" 2016 28970.45 3965.28205966667
"202" 2016 24589.13 3782.46390413333
"203" 2016 20338.21 3476.88479353333
"204" 2016 16184.01 3046.8556693
"205" 2016 12563.97 2629.82738055
"206" 2016 9529.34 2211.26746476667
"207" 2016 6932.3 1759.02490966667
"208" 2016 3847.46 1066.81088393333
"209" 2016 1800.55 542.868825916667
"210" 2016 1224.22 399.301797033333
"211" 2016 895.09 314.1855409
"212" 2016 685.38 257.5326773
"213" 2016 501.51 200.6641812
"214" 2016 298.41 126.48058115
"215" 2016 169.74 75.8225751
"216" 2016 97.23 45.5493381
"217" 2016 39.38 19.2569512666667
"218" 2016 27 13.720815
"219" 2016 9.53 5.01200171666667
"220" 2016 4.4 2.385636
"221" 2016 1.72 1.33296273333333
"222" 2016 1.26 1.26
"223" 2017 121779 442.05777
"224" 2017 123363 25.700625
"225" 2017 127120 17.3730666666667
"226" 2017 127921 12.5788983333333
"227" 2017 130954 10.9128333333333
"228" 2017 132446 10.8164233333333
"229" 2017 134737 9.65615166666667
"230" 2017 133781 9.36467
"231" 2017 134308 11.1923333333333
"232" 2017 131714 9.21998
"233" 2017 130813 10.0289966666667
"234" 2017 127787 12.139765
"235" 2017 126049 13.4452266666667
"236" 2017 122954 13.3200166666667
"237" 2017 122094 14.44779
"238" 2017 124283 18.021035
"239" 2017 126900 22.419
"240" 2017 125705 31.2167416666667
"241" 2017 126643 39.0482583333333
"242" 2017 129457 42.9365716666667
"243" 2017 131069 45.218805
"244" 2017 131564 48.2401333333333
"245" 2017 133409 49.1389816666667
"246" 2017 139584 53.5072
"247" 2017 145514 56.2654133333333
"248" 2017 148521 58.665795
"249" 2017 149172 63.64672
"250" 2017 147497 63.1778816666667
"251" 2017 147611 63.2267116666667
"252" 2017 145689 68.716645
"253" 2017 145700 77.9495
"254" 2017 143394 80.53963
"255" 2017 144716 83.93528
"256" 2017 145284 87.65468
"257" 2017 148367 95.4494366666667
"258" 2017 150254 105.678646666667
"259" 2017 152159 117.923225
"260" 2017 149951 121.210391666667
"261" 2017 148116 134.29184
"262" 2017 146308 144.84492
"263" 2017 144475 142.548666666667
"264" 2017 142393 159.717481666667
"265" 2017 146341 178.53602
"266" 2017 149577 204.4219
"267" 2017 154413 238.568085
"268" 2017 157322 254.07503
"269" 2017 158810 288.769516666667
"270" 2017 157048 318.0222
"271" 2017 156492 344.54322
"272" 2017 156837 368.04416
"273" 2017 160729 413.609293333333
"274" 2017 163825 465.536041666667
"275" 2017 168101 520.832931666667
"276" 2017 164501 569.995965
"277" 2017 160568 609.35556
"278" 2017 159743 656.809968333333
"279" 2017 157223 730.038796666667
"280" 2017 156638 810.862713333333
"281" 2017 151997 845.863305
"282" 2017 148089 911.981425
"283" 2017 144388 1001.81207333333
"284" 2017 141363 1115.589675
"285" 2017 137370 1182.7557
"286" 2017 132868 1229.69334
"287" 2017 130686 1328.641
"288" 2017 124102 1359.33057333333
"289" 2017 123494 1472.25430333333
"290" 2017 121563 1548.71262
"291" 2017 121386 1668.65288
"292" 2017 118527 1799.63495
"293" 2017 117332 1918.18264666667
"294" 2017 97961 1745.82828833333
"295" 2017 96179 1920.69463
"296" 2017 89627 1975.22970166667
"297" 2017 77847 1856.39146
"298" 2017 69571 1805.36745
"299" 2017 76042 2196.34643333333
"300" 2017 80330 2584.75163333333
"301" 2017 79397 2826.40087166667
"302" 2017 74038 2933.13876666667
"303" 2017 69715 3101.15558333333
"304" 2017 65875 3299.23958333333
"305" 2017 63778 3620.46446666667
"306" 2017 59643 3841.307415
"307" 2017 57641 4231.90615166667
"308" 2017 52750.54 4447.04635713333
"309" 2017 48152.96 4589.29810773333
"310" 2017 40777.5 4385.620125
"311" 2017 35081.28 4256.1778272
"312" 2017 29609.45 4052.74411966667
"313" 2017 24941.45 3836.66011533333
"314" 2017 20857.13 3565.59589726667
"315" 2017 16817.21 3166.06401196667
"316" 2017 13083.01 2738.47023815
"317" 2017 9904.97 2298.43178021667
"318" 2017 7291.34 1850.12891606667
"319" 2017 5183.3 1437.20814633333
"320" 2017 2754.46 830.474280766667
"321" 2017 1240.55 404.628125916667
"322" 2017 830.22 291.4155222
"323" 2017 603.09 226.61207265
"324" 2017 443.38 177.4052056
"325" 2017 327.51 138.81456765
"326" 2017 173.41 77.4619579833333
"327" 2017 88.74 41.5720278
"328" 2017 58.23 28.4746641
"329" 2017 16.38 8.3239611
"330" 2017 15 7.888775
"331" 2017 4.53 2.4561207
"332" 2017 2.4 1.859948
"333" 2017 0.98 0.98
"334" 2018 119571 434.04273
"335" 2018 122698 25.5620833333333
"336" 2018 124212 16.97564
"337" 2018 127788 12.56582
"338" 2018 128593 10.7160833333333
"339" 2018 131628 10.74962
"340" 2018 133023 9.533315
"341" 2018 135370 9.4759
"342" 2018 134294 11.1911666666667
"343" 2018 134935 9.44545
"344" 2018 132262 10.1400866666667
"345" 2018 131319 12.475305
"346" 2018 128248 13.6797866666667
"347" 2018 126541 13.7086083333333
"348" 2018 123460 14.6094333333333
"349" 2018 122693 17.790485
"350" 2018 124948 22.0741466666667
"351" 2018 127631 31.6950316666667
"352" 2018 126947 39.1419916666667
"353" 2018 127934 42.4314433333333
"354" 2018 130888 45.15636
"355" 2018 132490 48.5796666666667
"356" 2018 133290 49.09515
"357" 2018 135307 51.8676833333333
"358" 2018 141487 54.7083066666667
"359" 2018 147175 58.134125
"360" 2018 149955 63.9808
"361" 2018 150394 64.4187633333333
"362" 2018 148715 63.6995916666667
"363" 2018 148700 70.1368333333333
"364" 2018 146640 78.4524
"365" 2018 146637 82.361115
"366" 2018 144005 83.5229
"367" 2018 145402 87.7258733333333
"368" 2018 145865 93.8398166666667
"369" 2018 148940 104.754466666667
"370" 2018 150876 116.9289
"371" 2018 152685 123.420375
"372" 2018 150311 136.281973333333
"373" 2018 148420 146.9358
"374" 2018 146705 144.748933333333
"375" 2018 144829 162.449861666667
"376" 2018 142554 173.91588
"377" 2018 146549 200.283633333333
"378" 2018 149672 231.24324
"379" 2018 154398 249.35277
"380" 2018 157298 286.020196666667
"381" 2018 158675 321.316875
"382" 2018 156923 345.492138333333
"383" 2018 156388 366.990506666667
"384" 2018 156678 403.18472
"385" 2018 160356 455.6783
"386" 2018 163376 506.193306666667
"387" 2018 167557 580.585005
"388" 2018 163941 622.156095
"389" 2018 160015 657.928341666667
"390" 2018 159059 738.563956666667
"391" 2018 156411 809.68761
"392" 2018 155777 866.899005
"393" 2018 151075 930.370208333333
"394" 2018 146957 1019.63665166667
"395" 2018 143128 1129.51846666667
"396" 2018 139911 1204.63371
"397" 2018 135941 1258.133955
"398" 2018 131484 1336.754
"399" 2018 128995 1412.92523333333
"400" 2018 122441 1459.70078833333
"401" 2018 121784 1551.52816
"402" 2018 119802 1646.87816
"403" 2018 119555 1815.24341666667
"404" 2018 116547 1905.349205
"405" 2018 115319 2055.17677833333
"406" 2018 96125 1919.61625
"407" 2018 94133 2074.53443166667
"408" 2018 87595 2088.84876666667
"409" 2018 75989 1971.91455
"410" 2018 67635 1953.52425
"411" 2018 73708 2371.67774666667
"412" 2018 77735 2767.23644166667
"413" 2018 76515 3031.26925
"414" 2018 71078 3161.78636666667
"415" 2018 66539 3332.49491666667
"416" 2018 62490 3547.349
"417" 2018 60048 3867.39144
"418" 2018 55822 4098.35820333333
"419" 2018 53229 4487.38213
"420" 2018 48215.54 4595.26239893333
"421" 2018 43491.96 4677.560298
"422" 2018 36334.5 4408.222655
"423" 2018 30795.28 4215.05262453333
"424" 2018 25466.45 3917.41911533333
"425" 2018 21028.45 3594.88362233333
"426" 2018 17106.13 3220.45705423333
"427" 2018 13613.21 2849.44905115
"428" 2018 10330.01 2397.06160381667
"429" 2018 7598.97 1928.1879777
"430" 2018 5359.34 1486.01993073333
"431" 2018 3727.3 1123.78716216667
"432" 2018 1921.46 626.719405766667
"433" 2018 842.55 295.7434755
"434" 2018 560.22 210.5035987
"435" 2018 370.09 148.0804108
"436" 2018 245.38 104.003904033333
"437" 2018 216.51 96.71465615
"438" 2018 98.41 46.1021327
"439" 2018 42.74 20.9000024666667
"440" 2018 31.23 15.87040935
"441" 2018 7.38 3.8812773
"442" 2018 8 4.33752
"443" 2018 2.53 1.96069518333333
"444" 2018 0.39 0.39
"445" 2019 118269 429.31647
"446" 2019 120596 25.1241666666667
"447" 2019 123554 16.8857133333333
"448" 2019 125153 12.3067116666667
"449" 2019 128604 10.717
"450" 2019 129381 10.566115
"451" 2019 132331 9.48372166666667
"452" 2019 133654 9.35578
"453" 2019 136107 11.34225
"454" 2019 135112 9.45784
"455" 2019 135665 10.4009833333333
"456" 2019 132927 12.628065
"457" 2019 132023 14.0824533333333
"458" 2019 128937 13.968175
"459" 2019 127253 15.0582716666667
"460" 2019 124249 18.016105
"461" 2019 123717 21.85667
"462" 2019 125970 31.28255
"463" 2019 129141 39.818475
"464" 2019 128425 42.5942916666667
"465" 2019 129816 44.78652
"466" 2019 132810 48.697
"467" 2019 134515 49.5463583333333
"468" 2019 135534 51.9547
"469" 2019 137645 53.2227333333333
"470" 2019 143725 56.771375
"471" 2019 149244 63.67744
"472" 2019 151589 64.9306216666667
"473" 2019 151893 65.060835
"474" 2019 150096 70.79528
"475" 2019 150104 80.30564
"476" 2019 147621 82.913795
"477" 2019 147683 85.65614
"478" 2019 145124 87.5581466666667
"479" 2019 146248 94.0862133333333
"480" 2019 146511 103.04607
"481" 2019 149745 116.052375
"482" 2019 151431 122.406725
"483" 2019 153291 138.98384
"484" 2019 150806 149.29794
"485" 2019 148992 147.00544
"486" 2019 147237 165.150835
"487" 2019 145269 177.22818
"488" 2019 142983 195.4101
"489" 2019 146893 226.949685
"490" 2019 149918 242.11757
"491" 2019 154583 281.083421666667
"492" 2019 157297 318.526425
"493" 2019 158809 349.644481666667
"494" 2019 156921 368.24128
"495" 2019 156346 402.330373333333
"496" 2019 156504 444.7322
"497" 2019 160005 495.748825
"498" 2019 163005 564.812325
"499" 2019 167069 634.026855
"500" 2019 163359 671.677755
"501" 2019 159337 739.854803333333
"502" 2019 158299 819.461156666667
"503" 2019 155568 865.73592
"504" 2019 154764 953.0883
"505" 2019 149897 1040.03535166667
"506" 2019 145740 1150.1315
"507" 2019 141788 1220.79468
"508" 2019 138467 1281.512085
"509" 2019 134511 1367.5285
"510" 2019 129677 1420.39540666667
"511" 2019 127241 1516.92478833333
"512" 2019 120715 1537.9091
"513" 2019 120049 1650.27358666667
"514" 2019 117950 1790.87416666667
"515" 2019 117579 1922.220685
"516" 2019 114577 2041.95310166667
"517" 2019 113220 2261.0034
"518" 2019 94125 2074.358125
"519" 2019 92037 2194.77566
"520" 2019 85459 2217.66105
"521" 2019 74021 2137.97321666667
"522" 2019 65646 2112.26946
"523" 2019 71326 2539.08672333333
"524" 2019 74868 2966.0206
"525" 2019 73407 3265.38805
"526" 2019 67822 3396.75183333333
"527" 2019 63207 3588.0507
"528" 2019 58903 3793.647715
"529" 2019 56046 4114.80391
"530" 2019 51718 4359.99979333333
"531" 2019 48664 4638.00362666667
"532" 2019 43596.54 4688.807877
"533" 2019 38873.96 4716.31840706667
"534" 2019 31864.5 4361.40033
"535" 2019 26601.28 4091.98623146667
"536" 2019 21592.45 3691.30130233333
"537" 2019 17454.45 3286.0329385
"538" 2019 13780.13 2884.38791095
"539" 2019 10689.21 2480.41336515
"540" 2019 7841.01 1989.6040141
"541" 2019 5599.97 1552.74101503333
"542" 2019 3865.34 1165.40645223333
"543" 2019 2618.3 854.006547166667
"544" 2019 1301.46 456.8254746
"545" 2019 523.55 196.724785083333
"546" 2019 344.22 137.7293064
"547" 2019 240.09 101.76174635
"548" 2019 134.38 60.0273220333333
"549" 2019 116.51 54.5814397
"550" 2019 45.41 22.2056413666667
"551" 2019 23.74 12.0641536333333
"552" 2019 14.23 7.48381788333333
"553" 2019 3.38 1.8326022
"554" 2019 4 3.09991333333333
"555" 2019 1.92 1.92
"556" 2020 117654 427.08402
"557" 2020 119619 24.920625
"558" 2020 121595 16.6179833333333
"559" 2020 124527 12.245155
"560" 2020 126012 10.501
"561" 2020 129536 10.5787733333333
"562" 2020 130163 9.32834833333333
"563" 2020 133245 9.32715
"564" 2020 134551 11.2125833333333
"565" 2020 136843 9.57901
"566" 2020 135839 10.4143233333333
"567" 2020 136424 12.96028
"568" 2020 133749 14.26656
"569" 2020 132774 14.38385
"570" 2020 129583 15.3339883333333
"571" 2020 128150 18.58175
"572" 2020 125413 22.1562966666667
"573" 2020 124567 30.9341383333333
"574" 2020 127444 39.2952333333333
"575" 2020 130868 43.4045533333333
"576" 2020 130488 45.01836
"577" 2020 131930 48.3743333333333
"578" 2020 134872 49.6778533333333
"579" 2020 136976 52.5074666666667
"580" 2020 138051 53.37972
"581" 2020 140110 55.34345
"582" 2020 146050 62.3146666666667
"583" 2020 151123 64.7310183333333
"584" 2020 153429 65.718755
"585" 2020 153724 72.5064866666667
"586" 2020 151617 81.115095
"587" 2020 151744 85.2295466666667
"588" 2020 149034 86.43972
"589" 2020 148879 89.8236633333333
"590" 2020 146263 94.0958633333333
"591" 2020 147373 103.652343333333
"592" 2020 147454 114.27685
"593" 2020 150629 121.758441666667
"594" 2020 152234 138.025493333333
"595" 2020 154189 152.64711
"596" 2020 151616 149.594453333333
"597" 2020 149804 168.030153333333
"598" 2020 147868 180.39896
"599" 2020 145879 199.367966666667
"600" 2020 143457 221.641065
"601" 2020 147372 238.00578
"602" 2020 150211 273.133668333333
"603" 2020 154773 313.415325
"604" 2020 157521 346.808735
"605" 2020 158928 372.95104
"606" 2020 156861 403.65564
"607" 2020 156231 443.956425
"608" 2020 156230 484.052616666667
"609" 2020 159675 553.273875
"610" 2020 162523 616.774785
"611" 2020 166530 684.71585
"612" 2020 162729 755.60499
"613" 2020 158680 821.433466666667
"614" 2020 157522 876.60993
"615" 2020 154679 952.564841666667
"616" 2020 153698 1066.40795666667
"617" 2020 148709 1173.56185833333
"618" 2020 144386 1243.16346
"619" 2020 140280 1298.2914
"620" 2020 136911 1391.9285
"621" 2020 132686 1453.35398666667
"622" 2020 127950 1525.37725
"623" 2020 125488 1598.71712
"624" 2020 119079 1636.93932
"625" 2020 118326 1796.5831
"626" 2020 116076 1897.64914
"627" 2020 115534 2059.00843666667
"628" 2020 112519 2247.00443
"629" 2020 110865 2443.279825
"630" 2020 92052 2195.13336
"631" 2020 89808 2330.5176
"632" 2020 83243 2404.33531666667
"633" 2020 71934 2314.59634
"634" 2020 63488 2260.06698666667
"635" 2020 68832 2726.8944
"636" 2020 72044 3204.75726666667
"637" 2020 70172 3514.44766666667
"638" 2020 64543 3663.89096666667
"639" 2020 59738 3847.42589
"640" 2020 55152 4049.16792
"641" 2020 52223 4402.57297666667
"642" 2020 47487 4525.82768
"643" 2020 44109 4743.92295
"644" 2020 39014.54 4733.37404126667
"645" 2020 34221.96 4684.0737384
"646" 2020 27602.5 4246.00056666667
"647" 2020 22629.28 3868.55084693333
"648" 2020 17975.45 3384.11813516667
"649" 2020 14302.45 2993.71732175
"650" 2020 10999.13 2552.32978461667
"651" 2020 8248.21 2092.92829943333
"652" 2020 5887.01 1632.33050943333
"653" 2020 4075.97 1228.91174828333
"654" 2020 2765.34 901.9663389
"655" 2020 1801.3 632.274313
"656" 2020 874.46 328.579802433333
"657" 2020 334.55 133.860146
"658" 2020 205.22 86.9821549666667
"659" 2020 154.09 68.8317461833333
"660" 2020 73.38 34.3763286
"661" 2020 74.51 36.4356383666667
"662" 2020 21.41 10.8800981166667
"663" 2020 13.74 7.2261179
"664" 2020 9.23 5.0044137
"665" 2020 2.38 1.84444843333333
"666" 2020 3.92 3.92
"667" 2021 114216 414.60408
"668" 2021 118487 24.6847916666667
"669" 2021 120271 16.4370366666667
"670" 2021 122113 12.0077783333333
"671" 2021 125158 10.4298333333333
"672" 2021 126608 10.3396533333333
"673" 2021 130094 9.32340333333333
"674" 2021 130663 9.14641
"675" 2021 133809 11.15075
"676" 2021 135182 9.46274
"677" 2021 137520 10.5432
"678" 2021 136516 12.96902
"679" 2021 137045 14.6181333333333
"680" 2021 134315 14.5507916666667
"681" 2021 133440 15.7904
"682" 2021 130380 18.9051
"683" 2021 129182 22.8221533333333
"684" 2021 126213 31.342895
"685" 2021 125931 38.828725
"686" 2021 128825 42.7269583333333
"687" 2021 132441 45.692145
"688" 2021 132034 48.4124666666667
"689" 2021 133555 49.1927583333333
"690" 2021 136909 52.4817833333333
"691" 2021 138871 53.6967866666667
"692" 2021 139992 55.29684
"693" 2021 141935 60.5589333333333
"694" 2021 147582 63.21429
"695" 2021 152499 65.320405
"696" 2021 154589 72.9144783333333
"697" 2021 154705 82.767175
"698" 2021 152623 85.7232516666667
"699" 2021 152700 88.566
"700" 2021 150019 90.5114633333333
"701" 2021 149758 96.3443133333333
"702" 2021 146974 103.371713333333
"703" 2021 148204 114.8581
"704" 2021 148159 119.761858333333
"705" 2021 151369 137.241226666667
"706" 2021 152850 151.3215
"707" 2021 154830 152.7656
"708" 2021 152169 170.682895
"709" 2021 150213 183.25986
"710" 2021 148281 202.6507
"711" 2021 146122 225.75849
"712" 2021 143796 232.23054
"713" 2021 147626 268.433276666667
"714" 2021 150467 304.695675
"715" 2021 154825 340.873041666667
"716" 2021 157586 369.801813333333
"717" 2021 158835 408.7354
"718" 2021 156740 445.402833333333
"719" 2021 156004 483.352393333333
"720" 2021 155811 539.885115
"721" 2021 159230 604.27785
"722" 2021 162037 666.242131666667
"723" 2021 165861 770.14791
"724" 2021 161953 838.376696666667
"725" 2021 157810 878.21265
"726" 2021 156559 964.142508333333
"727" 2021 153628 1065.92227333333
"728" 2021 152374 1202.48481666667
"729" 2021 147343 1268.62323
"730" 2021 142810 1321.70655
"731" 2021 138743 1410.55383333333
"732" 2021 135086 1479.64198666667
"733" 2021 130912 1560.68922666667
"734" 2021 126198 1607.76252
"735" 2021 123560 1698.53813333333
"736" 2021 117051 1777.22435
"737" 2021 116303 1901.36021166667
"738" 2021 113933 2030.47594833333
"739" 2021 113187 2260.34439
"740" 2021 110011 2424.45908833333
"741" 2021 108077 2577.27619333333
"742" 2021 89556 2323.9782
"743" 2021 87214 2519.03103333333
"744" 2021 80505 2590.38255
"745" 2021 69230 2464.47261666667
"746" 2021 60966 2415.2697
"747" 2021 65657 2920.64221666667
"748" 2021 68333 3422.34441666667
"749" 2021 66133 3754.14996666667
"750" 2021 60268 3881.56054
"751" 2021 55285 4058.93255833333
"752" 2021 50534 4260.18464666667
"753" 2021 47333 4511.15045333333
"754" 2021 42241 4543.01955
"755" 2021 38710 4696.42623333333
"756" 2021 33678.54 4609.6940316
"757" 2021 28797.96 4429.8941936
"758" 2021 22668.5 3875.25563666667
"759" 2021 18179.28 3422.4918504
"760" 2021 14063.45 2943.69103675
"761" 2021 10920.45 2534.07222175
"762" 2021 8125.13 2061.69756996667
"763" 2021 5904.21 1637.0996681
"764" 2021 4138.01 1247.61691168333
"765" 2021 2714.97 885.53723995
"766" 2021 1800.34 631.9373434
"767" 2021 1113.3 418.3243305
"768" 2021 510.46 204.2452552
"769" 2021 194.55 82.45969325
"770" 2021 116.22 51.9152803
"771" 2021 90.09 42.2044623
"772" 2021 44.38 21.7019679333333
"773" 2021 32.51 16.5208776166667
"774" 2021 10.41 5.47480985
"775" 2021 4.74 2.5699806
"776" 2021 5.23 4.05313668333333
"777" 2021 2.29 2.29
