  2015           0               432.00          541.02          973.02
  2015           1                29.00           45.00           74.00
  2015           2                27.00           28.00           55.00
  2015           3                12.00           18.00           30.00
  2015           4                16.00           24.00           40.00
  2015           5                 8.00           18.00           26.00
  2015           6                11.00           17.00           28.00
  2015           7                10.00           13.00           23.00
  2015           8                10.00           10.00           20.00
  2015           9                14.00           11.00           25.00
  2015          10                10.00           15.00           25.00
  2015          11                11.00           13.00           24.00
  2015          12                12.00           11.00           23.00
  2015          13                18.00           23.00           41.00
  2015          14                14.00           16.00           30.00
  2015          15                29.00           42.00           71.00
  2015          16                31.00           42.00           73.00
  2015          17                27.00           60.00           87.00
  2015          18                34.00           83.00          117.00
  2015          19                32.00           93.00          125.00
  2015          20                39.00           94.00          133.00
  2015          21                22.00           86.00          108.00
  2015          22                36.00           93.00          129.00
  2015          23                54.00          107.00          161.00
  2015          24                27.00          114.00          141.00
  2015          25                38.00          108.00          146.00
  2015          26                59.00          135.00          194.00
  2015          27                47.00          119.00          166.00
  2015          28                42.00          124.00          166.00
  2015          29                61.00          129.00          190.00
  2015          30                44.00          139.00          183.00
  2015          31                63.00          157.00          220.00
  2015          32                67.00          157.00          224.00
  2015          33                66.00          151.00          217.00
  2015          34                79.00          154.00          233.00
  2015          35               114.00          155.00          269.00
  2015          36                93.00          180.00          273.00
  2015          37                94.00          164.00          258.00
  2015          38               101.00          189.00          290.00
  2015          39               109.00          195.00          304.00
  2015          40               120.00          213.00          333.00
  2015          41               144.00          228.00          372.00
  2015          42               159.00          275.01          434.01
  2015          43               168.00          325.02          493.02
  2015          44               181.00          325.02          506.02
  2015          45               190.00          303.02          493.02
  2015          46               190.00          306.02          496.02
  2015          47               230.00          355.02          585.02
  2015          48               243.00          415.02          658.02
  2015          49               252.00          406.02          658.02
  2015          50               282.00          449.02          731.02
  2015          51               301.00          500.02          801.02
  2015          52               346.00          485.02          831.02
  2015          53               369.00          589.02          958.02
  2015          54               393.00          626.02         1019.02
  2015          55               407.00          673.02         1080.02
  2015          56               430.00          691.02         1121.02
  2015          57               437.00          746.02         1183.02
  2015          58               490.00          790.03         1280.03
  2015          59               495.00          787.02         1282.02
  2015          60               552.00          927.04         1479.04
  2015          61               524.00          883.04         1407.04
  2015          62               606.00          971.04         1577.04
  2015          63               605.00         1025.04         1630.04
  2015          64               671.00         1121.04         1792.04
  2015          65               643.00         1158.04         1801.04
  2015          66               781.00         1255.04         2036.04
  2015          67               882.00         1330.05         2212.05
  2015          68               958.00         1569.06         2527.06
  2015          69               866.00         1435.06         2301.06
  2015          70               947.00         1461.06         2408.06
  2015          71              1037.00         1566.06         2603.06
  2015          72              1011.00         1578.06         2589.06
  2015          73              1089.00         1667.06         2756.06
  2015          74              1190.00         1748.06         2938.06
  2015          75              1230.00         1879.07         3109.07
  2015          76              1450.00         1904.08         3354.08
  2015          77              1431.00         2048.08         3479.08
  2015          78              1598.00         2057.08         3655.08
  2015          79              1670.00         2147.08         3817.08
  2015          80              1805.00         2172.08         3977.08
  2015          81              1909.00         2381.09         4290.09
  2015          82              2158.00         2482.09         4640.09
  2015          83              2355.00         2509.10         4864.10
  2015          84              2616.00         2721.10         5337.10
  2015          85              2970.00         2830.10         5800.10
  2015          86              2998.00         2907.11         5905.11
  2015          87              3217.00         2859.10         6076.10
  2015          88              3173.00         2681.10         5854.10
  2015          89              3272.00         2510.10         5782.10
  2015          90              3471.00         2264.09         5735.09
  2015          91              3194.00         1966.07         5160.07
  2015          92              3039.00         1746.06         4785.06
  2015          93              2815.00         1413.05         4228.05
  2015          94              2493.00         1179.04         3672.04
  2015          95              1993.00          872.03         2865.03
  2015          96              1461.00          621.02         2082.02
  2015          97              1199.00          444.02         1643.02
  2015          98               965.00          320.02         1285.02
  2015          99               683.00          206.00          889.00
  2015         100               511.59          138.71          650.30
  2015         101               349.84           85.45          435.29
  2015         102               223.87           49.31          273.18
  2015         103               135.52           27.30          162.82
  2015         104                78.84           14.45           93.29
  2015         105                44.21            7.73           51.94
  2015         106                23.77            3.99           27.76
  2015         107                12.25            1.93           14.18
  2015         108                 6.07            0.89            6.96
  2015         109                 3.01            0.24            3.25
  2015         110+                2.02            0.00            2.02
  2016           0               422.01          541.02          963.03
  2016           1                41.00           43.00           84.00
  2016           2                17.00           29.00           46.00
  2016           3                14.00           23.00           37.00
  2016           4                15.00           19.00           34.00
  2016           5                16.00           12.00           28.00
  2016           6                10.00           12.00           22.00
  2016           7                 6.00           17.00           23.00
  2016           8                 2.00           13.00           15.00
  2016           9                 9.00           13.00           22.00
  2016          10                 4.00           11.00           15.00
  2016          11                 6.00           12.00           18.00
  2016          12                 8.00           17.00           25.00
  2016          13                10.00           21.00           31.00
  2016          14                15.00           20.00           35.00
  2016          15                15.00           22.00           37.00
  2016          16                25.00           43.00           68.00
  2016          17                23.00           68.00           91.00
  2016          18                31.00           73.00          104.00
  2016          19                30.00           75.00          105.00
  2016          20                46.00           90.00          136.00
  2016          21                30.00           90.00          120.00
  2016          22                44.00          118.00          162.00
  2016          23                34.00          119.00          153.00
  2016          24                43.00          114.00          157.00
  2016          25                49.00          129.00          178.00
  2016          26                56.00           96.00          152.00
  2016          27                48.00          139.00          187.00
  2016          28                50.00          119.00          169.00
  2016          29                57.00          127.00          184.00
  2016          30                73.00          157.00          230.00
  2016          31                92.00          118.00          210.00
  2016          32                76.00          144.00          220.00
  2016          33                74.00          146.00          220.00
  2016          34                94.00          174.00          268.00
  2016          35                95.00          170.00          265.00
  2016          36                83.00          171.00          254.00
  2016          37                92.00          202.00          294.00
  2016          38               113.00          161.00          274.00
  2016          39                96.00          188.00          284.00
  2016          40               123.00          211.00          334.00
  2016          41               124.00          243.00          367.00
  2016          42               135.00          261.00          396.00
  2016          43               180.00          270.01          450.01
  2016          44               216.00          286.02          502.02
  2016          45               223.00          312.02          535.02
  2016          46               218.00          335.02          553.02
  2016          47               206.00          346.02          552.02
  2016          48               235.00          388.02          623.02
  2016          49               248.01          387.02          635.03
  2016          50               238.00          399.02          637.02
  2016          51               312.02          465.02          777.04
  2016          52               315.02          503.02          818.04
  2016          53               352.02          582.02          934.04
  2016          54               406.02          623.02         1029.04
  2016          55               408.02          656.02         1064.04
  2016          56               446.02          672.02         1118.04
  2016          57               442.02          723.02         1165.04
  2016          58               478.02          759.02         1237.04
  2016          59               498.02          832.03         1330.05
  2016          60               561.02          882.04         1443.06
  2016          61               565.02          917.04         1482.06
  2016          62               569.02          941.04         1510.06
  2016          63               641.02         1012.04         1653.06
  2016          64               622.02         1123.04         1745.06
  2016          65               701.02         1172.04         1873.06
  2016          66               742.02         1249.04         1991.06
  2016          67               821.04         1290.04         2111.08
  2016          68               899.04         1451.06         2350.10
  2016          69              1041.04         1636.06         2677.10
  2016          70               981.04         1601.06         2582.10
  2016          71              1007.04         1581.06         2588.10
  2016          72              1057.04         1661.06         2718.10
  2016          73              1135.04         1759.06         2894.10
  2016          74              1188.04         1855.07         3043.11
  2016          75              1337.06         1838.06         3175.12
  2016          76              1299.05         2012.08         3311.13
  2016          77              1440.06         2033.08         3473.14
  2016          78              1608.06         2152.08         3760.14
  2016          79              1702.06         2188.08         3890.14
  2016          80              1810.07         2343.09         4153.16
  2016          81              1952.08         2453.09         4405.17
  2016          82              2101.08         2495.09         4596.17
  2016          83              2174.08         2491.09         4665.17
  2016          84              2571.10         2685.10         5256.20
  2016          85              2764.10         2792.10         5556.20
  2016          86              2912.11         2906.11         5818.22
  2016          87              3034.12         2811.10         5845.22
  2016          88              3261.13         2736.10         5997.23
  2016          89              3335.13         2624.10         5959.23
  2016          90              3315.13         2351.09         5666.22
  2016          91              3257.13         2124.08         5381.21
  2016          92              3079.12         1787.07         4866.19
  2016          93              2827.11         1522.05         4349.16
  2016          94              2512.10         1244.05         3756.15
  2016          95              2153.09         1014.04         3167.13
  2016          96              1684.07          701.03         2385.10
  2016          97              1145.04          461.02         1606.06
  2016          98               886.04          320.02         1206.06
  2016          99               715.02          194.00          909.02
  2016         100               531.18          170.98          702.16
  2016         101               360.75           93.68          454.43
  2016         102               228.60           55.99          284.59
  2016         103               139.25           31.18          170.43
  2016         104                80.24           16.68           96.92
  2016         105                44.44            8.54           52.98
  2016         106                23.77            4.43           28.20
  2016         107                12.21            2.22           14.43
  2016         108                 6.02            1.04            7.06
  2016         109                 2.86            0.28            3.14
  2016         110+                1.73            0.00            1.73
  2017           0               467.02          569.02         1036.04
  2017           1                32.00           42.00           74.00
  2017           2                23.00           20.00           43.00
  2017           3                17.00           26.00           43.00
  2017           4                12.00           14.00           26.00
  2017           5                 7.00           10.00           17.00
  2017           6                11.00           10.00           21.00
  2017           7                 9.00           12.00           21.00
  2017           8                10.00           15.00           25.00
  2017           9                14.00           18.00           32.00
  2017          10                 8.00           15.00           23.00
  2017          11                 3.00            9.00           12.00
  2017          12                 7.00           18.00           25.00
  2017          13                19.00           19.00           38.00
  2017          14                13.00           27.00           40.00
  2017          15                25.00           26.00           51.00
  2017          16                30.00           38.00           68.00
  2017          17                35.00           59.00           94.00
  2017          18                31.00           82.00          113.00
  2017          19                43.00          104.00          147.00
  2017          20                31.00           97.00          128.00
  2017          21                38.00           97.00          135.00
  2017          22                40.00          101.00          141.00
  2017          23                33.00          103.00          136.00
  2017          24                36.00          123.00          159.00
  2017          25                57.00          110.00          167.00
  2017          26                43.00          119.00          162.00
  2017          27                52.00          110.00          162.00
  2017          28                47.00          137.00          184.00
  2017          29                51.00          127.00          178.00
  2017          30                54.00          152.00          206.00
  2017          31                57.00          141.00          198.00
  2017          32                68.00          167.00          235.00
  2017          33                65.00          160.00          225.00
  2017          34               102.00          169.00          271.00
  2017          35                96.00          168.00          264.00
  2017          36                88.00          201.00          289.00
  2017          37                95.00          194.00          289.00
  2017          38                97.00          203.00          300.00
  2017          39               116.00          216.00          332.00
  2017          40               131.00          214.00          345.00
  2017          41               119.00          249.00          368.00
  2017          42               152.00          267.00          419.00
  2017          43               148.00          249.00          397.00
  2017          44               193.00          329.02          522.02
  2017          45               205.00          375.02          580.02
  2017          46               227.00          377.02          604.02
  2017          47               202.00          425.02          627.02
  2017          48               267.01          351.02          618.03
  2017          49               242.00          412.02          654.02
  2017          50               297.02          413.02          710.04
  2017          51               308.02          448.02          756.04
  2017          52               329.02          500.02          829.04
  2017          53               356.02          521.02          877.04
  2017          54               371.02          614.02          985.04
  2017          55               430.02          662.02         1092.04
  2017          56               423.02          723.02         1146.04
  2017          57               438.02          717.02         1155.04
  2017          58               527.02          781.02         1308.04
  2017          59               510.02          837.03         1347.05
  2017          60               567.02          888.04         1455.06
  2017          61               543.02          932.04         1475.06
  2017          62               625.02         1043.04         1668.06
  2017          63               607.02         1003.04         1610.06
  2017          64               682.02         1090.04         1772.06
  2017          65               750.02         1189.04         1939.06
  2017          66               769.03         1283.04         2052.07
  2017          67               861.04         1410.04         2271.08
  2017          68               953.04         1450.06         2403.10
  2017          69              1005.04         1586.06         2591.10
  2017          70              1164.04         1786.06         2950.10
  2017          71              1080.04         1743.06         2823.10
  2017          72              1138.04         1744.06         2882.10
  2017          73              1251.04         1954.07         3205.11
  2017          74              1257.04         1818.06         3075.10
  2017          75              1341.05         1932.06         3273.11
  2017          76              1400.05         1966.07         3366.12
  2017          77              1547.06         2193.08         3740.14
  2017          78              1680.06         2294.08         3974.14
  2017          79              1754.06         2245.08         3999.14
  2017          80              1925.08         2400.08         4325.16
  2017          81              2019.08         2491.09         4510.17
  2017          82              2178.08         2569.09         4747.17
  2017          83              2315.08         2516.09         4831.17
  2017          84              2464.10         2662.10         5126.20
  2017          85              2735.10         2783.10         5518.20
  2017          86              2982.11         2900.10         5882.21
  2017          87              3219.12         2840.10         6059.22
  2017          88              3288.12         2816.10         6104.22
  2017          89              3312.12         2778.09         6090.21
  2017          90              3463.13         2456.09         5919.22
  2017          91              3322.13         2300.08         5622.21
  2017          92              3186.12         1984.07         5170.19
  2017          93              2886.11         1606.06         4492.17
  2017          94              2560.10         1334.05         3894.15
  2017          95              2179.08         1053.04         3232.12
  2017          96              1910.07          808.02         2718.09
  2017          97              1404.05          520.02         1924.07
  2017          98               894.04          371.02         1265.06
  2017          99               736.02          211.00          947.02
  2017         100               575.23          152.98          728.21
  2017         101               400.84          106.21          507.05
  2017         102               256.43           61.32          317.75
  2017         103               156.46           34.74          191.20
  2017         104                91.84           18.34          110.18
  2017         105                51.06            9.31           60.37
  2017         106                27.32            4.53           31.85
  2017         107                14.15            2.23           16.38
  2017         108                 7.05            1.06            8.11
  2017         109                 3.38            0.29            3.67
  2017         110+                2.30            0.00            2.30
  2018           0               402.00          553.00          955.00
  2018           1                32.00           33.00           65.00
  2018           2                27.00           24.00           51.00
  2018           3                11.00           14.00           25.00
  2018           4                 6.00           19.00           25.00
  2018           5                 7.00           10.00           17.00
  2018           6                11.00            4.00           15.00
  2018           7                11.00           11.00           22.00
  2018           8                 8.00           14.00           22.00
  2018           9                 9.00           13.00           22.00
  2018          10                 4.00            7.00           11.00
  2018          11                 3.00           10.00           13.00
  2018          12                 7.00           20.00           27.00
  2018          13                21.00           16.00           37.00
  2018          14                16.00           29.00           45.00
  2018          15                18.00           37.00           55.00
  2018          16                23.00           32.00           55.00
  2018          17                36.00           61.00           97.00
  2018          18                33.00           81.00          114.00
  2018          19                39.00           96.00          135.00
  2018          20                37.00          104.00          141.00
  2018          21                27.00          100.00          127.00
  2018          22                40.00           97.00          137.00
  2018          23                39.00          122.00          161.00
  2018          24                28.00          115.00          143.00
  2018          25                35.00          118.00          153.00
  2018          26                44.00          112.00          156.00
  2018          27                54.00          113.00          167.00
  2018          28                53.00          124.00          177.00
  2018          29                54.00          138.00          192.00
  2018          30                54.00          142.00          196.00
  2018          31                49.00          128.00          177.00
  2018          32                78.00          160.00          238.00
  2018          33                73.00          161.00          234.00
  2018          34                72.00          147.00          219.00
  2018          35                94.00          170.00          264.00
  2018          36                89.00          188.00          277.00
  2018          37                92.00          183.00          275.00
  2018          38               105.00          213.00          318.00
  2018          39               113.00          217.00          330.00
  2018          40               111.00          182.00          293.00
  2018          41               124.00          213.00          337.00
  2018          42               146.00          216.00          362.00
  2018          43               158.00          237.00          395.00
  2018          44               169.00          279.00          448.00
  2018          45               188.00          314.00          502.00
  2018          46               191.00          341.00          532.00
  2018          47               235.00          368.00          603.00
  2018          48               242.00          397.00          639.00
  2018          49               279.00          389.00          668.00
  2018          50               245.00          401.00          646.00
  2018          51               293.00          419.00          712.00
  2018          52               297.00          463.00          760.00
  2018          53               352.00          505.00          857.00
  2018          54               371.00          619.00          990.00
  2018          55               428.00          636.00         1064.00
  2018          56               433.00          735.00         1168.00
  2018          57               480.00          741.00         1221.00
  2018          58               512.00          762.00         1274.00
  2018          59               497.00          869.00         1366.00
  2018          60               555.00          913.00         1468.00
  2018          61               638.00          952.00         1590.00
  2018          62               651.00         1036.00         1687.00
  2018          63               672.00         1091.00         1763.00
  2018          64               657.00         1080.00         1737.00
  2018          65               683.00         1140.00         1823.00
  2018          66               762.00         1311.00         2073.00
  2018          67               808.00         1287.00         2095.00
  2018          68               950.00         1415.00         2365.00
  2018          69               957.00         1520.00         2477.00
  2018          70              1022.00         1636.00         2658.00
  2018          71              1204.00         1924.00         3128.00
  2018          72              1145.00         1716.00         2861.00
  2018          73              1212.00         1832.00         3044.00
  2018          74              1268.00         1877.00         3145.00
  2018          75              1281.00         1877.00         3158.00
  2018          76              1470.00         1987.00         3457.00
  2018          77              1439.00         2000.00         3439.00
  2018          78              1628.00         2211.00         3839.00
  2018          79              1678.00         2269.00         3947.00
  2018          80              1783.00         2378.00         4161.00
  2018          81              1977.00         2421.00         4398.00
  2018          82              2123.00         2573.00         4696.00
  2018          83              2141.00         2438.00         4579.00
  2018          84              2375.00         2517.00         4892.00
  2018          85              2572.00         2721.00         5293.00
  2018          86              2611.00         2690.00         5301.00
  2018          87              3029.00         2834.00         5863.00
  2018          88              3057.00         2657.00         5714.00
  2018          89              3139.00         2642.00         5781.00
  2018          90              3212.00         2506.00         5718.00
  2018          91              3203.00         2167.00         5370.00
  2018          92              3030.00         1959.00         4989.00
  2018          93              2782.00         1666.00         4448.00
  2018          94              2498.00         1338.00         3836.00
  2018          95              2087.00         1034.00         3121.00
  2018          96              1860.00          765.00         2625.00
  2018          97              1460.00          586.00         2046.00
  2018          98              1057.00          387.00         1444.00
  2018          99               628.00          235.00          863.00
  2018         100               513.43          150.51          663.94
  2018         101               374.84           98.94          473.78
  2018         102               236.24           56.62          292.86
  2018         103               141.57           31.19          172.76
  2018         104                80.84           16.90           97.74
  2018         105                44.43            8.53           52.96
  2018         106                23.15            4.16           27.31
  2018         107                11.63            1.95           13.58
  2018         108                 5.67            0.92            6.59
  2018         109                 2.66            0.26            2.92
  2018         110+                1.53            0.00            1.53
  2019           0               419.00          558.02          977.02
  2019           1                29.00           42.00           71.00
  2019           2                15.00           28.00           43.00
  2019           3                20.00           21.00           41.00
  2019           4                 6.00            9.00           15.00
  2019           5                14.00           16.00           30.00
  2019           6                10.00           20.00           30.00
  2019           7                 8.00           13.00           21.00
  2019           8                 8.00           11.00           19.00
  2019           9                 4.00           14.00           18.00
  2019          10                 9.00           15.00           24.00
  2019          11                10.00            7.00           17.00
  2019          12                20.00           15.00           35.00
  2019          13                15.00           17.00           32.00
  2019          14                13.00           16.00           29.00
  2019          15                17.00           27.00           44.00
  2019          16                23.00           34.00           57.00
  2019          17                34.00           68.00          102.00
  2019          18                27.00           97.00          124.00
  2019          19                37.00           99.00          136.00
  2019          20                44.00          102.00          146.00
  2019          21                40.00          101.00          141.00
  2019          22                40.00          102.00          142.00
  2019          23                46.00          121.00          167.00
  2019          24                49.00          139.00          188.00
  2019          25                39.00          126.00          165.00
  2019          26                55.00          144.00          199.00
  2019          27                52.00          124.00          176.00
  2019          28                53.00          125.00          178.00
  2019          29                53.00          132.00          185.00
  2019          30                57.00          145.00          202.00
  2019          31                59.00          124.00          183.00
  2019          32                72.00          127.00          199.00
  2019          33                72.00          160.00          232.00
  2019          34                80.00          178.00          258.00
  2019          35                93.00          172.00          265.00
  2019          36               103.00          206.00          309.00
  2019          37                87.00          198.00          285.00
  2019          38               110.00          166.00          276.00
  2019          39               124.00          208.00          332.00
  2019          40               116.00          243.00          359.00
  2019          41               118.00          228.00          346.00
  2019          42               136.00          227.00          363.00
  2019          43               149.00          264.00          413.00
  2019          44               174.00          262.00          436.00
  2019          45               174.00          326.02          500.02
  2019          46               205.00          350.02          555.02
  2019          47               222.00          363.02          585.02
  2019          48               241.00          413.02          654.02
  2019          49               254.00          453.02          707.02
  2019          50               257.00          440.02          697.02
  2019          51               278.00          459.02          737.02
  2019          52               290.00          492.02          782.02
  2019          53               303.00          493.02          796.02
  2019          54               375.00          574.02          949.02
  2019          55               382.00          618.02         1000.02
  2019          56               445.00          661.02         1106.02
  2019          57               454.00          756.02         1210.02
  2019          58               504.00          857.03         1361.03
  2019          59               544.00          877.03         1421.03
  2019          60               532.00          905.04         1437.04
  2019          61               642.00          956.04         1598.04
  2019          62               644.00         1011.04         1655.04
  2019          63               672.00         1159.04         1831.04
  2019          64               700.00         1197.04         1897.04
  2019          65               759.00         1176.04         1935.04
  2019          66               790.00         1287.04         2077.04
  2019          67               880.00         1297.04         2177.04
  2019          68               871.00         1439.06         2310.06
  2019          69               969.00         1510.06         2479.06
  2019          70              1072.00         1638.06         2710.06
  2019          71              1129.00         1775.06         2904.06
  2019          72              1340.00         1973.07         3313.07
  2019          73              1289.00         1905.06         3194.06
  2019          74              1304.00         1926.06         3230.06
  2019          75              1467.00         1990.07         3457.07
  2019          76              1439.00         2120.08         3559.08
  2019          77              1541.00         2057.08         3598.08
  2019          78              1597.00         2187.08         3784.08
  2019          79              1748.00         2385.08         4133.08
  2019          80              1885.00         2511.09         4396.09
  2019          81              2028.00         2538.09         4566.09
  2019          82              2156.00         2599.09         4755.09
  2019          83              2272.00         2664.10         4936.10
  2019          84              2438.00         2613.09         5051.09
  2019          85              2617.00         2730.10         5347.10
  2019          86              2754.00         2700.10         5454.10
  2019          87              2914.00         2743.10         5657.10
  2019          88              3090.00         2710.10         5800.10
  2019          89              3228.00         2733.09         5961.09
  2019          90              3216.00         2516.08         5732.08
  2019          91              3295.00         2355.08         5650.08
  2019          92              3175.00         2059.07         5234.07
  2019          93              2991.00         1715.06         4706.06
  2019          94              2694.00         1460.05         4154.05
  2019          95              2239.00         1160.04         3399.04
  2019          96              1919.00          856.03         2775.03
  2019          97              1581.00          662.02         2243.02
  2019          98              1194.00          454.02         1648.02
  2019          99               799.00          288.01         1087.01
  2019         100               526.59          156.04          682.63
  2019         101               403.84           91.12          494.96
  2019         102               260.22           54.52          314.74
  2019         103               154.04           29.57          183.61
  2019         104                86.48           15.44          101.92
  2019         105                46.18            7.94           54.12
  2019         106                23.73            3.82           27.55
  2019         107                11.58            1.78           13.36
  2019         108                 5.45            0.79            6.24
  2019         109                 2.50            0.00            2.50
  2019         110+                1.40            0.00            1.40
  2020           0               401.01          522.02          923.03
  2020           1                33.00           25.00           58.00
  2020           2                10.00           26.00           36.00
  2020           3                20.00           14.00           34.00
  2020           4                15.00           13.00           28.00
  2020           5                 4.00            7.00           11.00
  2020           6                 8.00            8.00           16.00
  2020           7                 7.00           12.00           19.00
  2020           8                13.00           11.00           24.00
  2020           9                 1.00            6.00            7.00
  2020          10                12.00            5.00           17.00
  2020          11                 9.00           11.00           20.00
  2020          12                10.00           11.00           21.00
  2020          13                14.00           20.00           34.00
  2020          14                17.00           32.00           49.00
  2020          15                19.00           28.00           47.00
  2020          16                20.00           45.00           65.00
  2020          17                45.00           76.00          121.00
  2020          18                34.00           79.00          113.00
  2020          19                32.00           94.00          126.00
  2020          20                40.00           80.00          120.00
  2020          21                30.00          117.00          147.00
  2020          22                33.00          102.00          135.00
  2020          23                44.00          103.00          147.00
  2020          24                33.00          124.00          157.00
  2020          25                44.00          109.00          153.00
  2020          26                40.00          130.00          170.00
  2020          27                58.00          115.00          173.00
  2020          28                52.00          162.00          214.00
  2020          29                65.00          132.00          197.00
  2020          30                67.00          151.00          218.00
  2020          31                70.00          156.00          226.00
  2020          32                67.00          163.00          230.00
  2020          33                71.00          129.00          200.00
  2020          34                83.00          158.00          241.00
  2020          35                94.00          174.00          268.00
  2020          36                93.00          193.00          286.00
  2020          37               109.00          193.00          302.00
  2020          38               109.00          189.00          298.00
  2020          39               111.00          193.00          304.00
  2020          40                97.00          245.00          342.00
  2020          41               122.00          216.00          338.00
  2020          42               132.00          216.00          348.00
  2020          43               138.00          219.00          357.00
  2020          44               167.00          246.00          413.00
  2020          45               179.00          294.02          473.02
  2020          46               186.00          308.01          494.01
  2020          47               235.00          380.02          615.02
  2020          48               245.01          394.02          639.03
  2020          49               264.01          424.02          688.03
  2020          50               275.02          414.02          689.04
  2020          51               287.02          481.02          768.04
  2020          52               306.02          477.02          783.04
  2020          53               340.02          528.02          868.04
  2020          54               351.02          550.02          901.04
  2020          55               389.02          583.02          972.04
  2020          56               391.02          687.02         1078.04
  2020          57               480.02          778.02         1258.04
  2020          58               445.02          759.02         1204.04
  2020          59               522.02          903.04         1425.06
  2020          60               561.02          933.04         1494.06
  2020          61               605.02          933.04         1538.06
  2020          62               636.02          956.04         1592.06
  2020          63               696.02         1096.04         1792.06
  2020          64               707.02         1134.04         1841.06
  2020          65               733.02         1173.04         1906.06
  2020          66               739.03         1251.04         1990.07
  2020          67               796.04         1268.04         2064.08
  2020          68               854.04         1352.04         2206.08
  2020          69               977.04         1525.06         2502.10
  2020          70              1082.04         1709.06         2791.10
  2020          71              1121.04         1721.06         2842.10
  2020          72              1263.04         2000.07         3263.11
  2020          73              1378.06         2172.08         3550.14
  2020          74              1355.06         1902.06         3257.12
  2020          75              1407.06         2087.08         3494.14
  2020          76              1478.06         2139.08         3617.14
  2020          77              1476.06         2138.08         3614.14
  2020          78              1587.06         2239.08         3826.14
  2020          79              1736.06         2341.08         4077.14
  2020          80              1847.08         2369.08         4216.16
  2020          81              2074.08         2525.09         4599.17
  2020          82              2148.08         2567.10         4715.18
  2020          83              2321.09         2661.10         4982.19
  2020          84              2450.10         2660.10         5110.20
  2020          85              2470.10         2688.10         5158.20
  2020          86              2626.10         2729.10         5355.20
  2020          87              2809.11         2573.09         5382.20
  2020          88              2878.11         2583.09         5461.20
  2020          89              3094.12         2628.10         5722.22
  2020          90              3082.12         2547.09         5629.21
  2020          91              3225.12         2307.08         5532.20
  2020          92              3000.11         2125.07         5125.18
  2020          93              2771.10         1796.06         4567.16
  2020          94              2532.10         1429.05         3961.15
  2020          95              2385.09         1132.04         3517.13
  2020          96              1787.07          906.03         2693.10
  2020          97              1531.06          680.02         2211.08
  2020          98              1163.05          451.02         1614.07
  2020          99               848.04          320.02         1168.06
  2020         100               566.63          193.47          760.10
  2020         101               380.53          103.93          484.46
  2020         102               251.95           60.82          312.77
  2020         103               158.66           34.70          193.36
  2020         104                92.14           17.93          110.07
  2020         105                50.95            8.91           59.86
  2020         106                26.90            4.37           31.27
  2020         107                13.71            2.00           15.71
  2020         108                 6.65            0.88            7.53
  2020         109                 3.13            0.00            3.13
  2020         110+                1.81            0.00            1.81