"year" "population" "expected"
"1" 2015 307398.19 992.8961537
"2" 2015 309841.16 57.3206146
"3" 2015 311732.04 42.0838254
"4" 2015 308619.64 27.7757676
"5" 2015 309453.74 21.6617618
"6" 2015 309759.77 27.8783793
"7" 2015 307820.66 24.6256528
"8" 2015 306177.37 19.90152905
"9" 2015 301291 18.07746
"10" 2015 291644.37 18.95688405
"11" 2015 284007.66 17.0404596
"12" 2015 280367.68 22.4294144
"13" 2015 278341.42 29.2258491
"14" 2015 280235.13 28.023513
"15" 2015 283175.41 35.39692625
"16" 2015 284550.93 49.79641275
"17" 2015 285948.74 78.6359035
"18" 2015 289423.09 109.9807742
"19" 2015 297960.17 125.1432714
"20" 2015 312396.07 137.4542708
"21" 2015 321076.86 139.6684341
"22" 2015 323478.08 134.2434032
"23" 2015 329041.77 144.7783788
"24" 2015 342293.13 167.7236337
"25" 2015 353126.36 167.735021
"26" 2015 354552.12 171.9577782
"27" 2015 352398.05 176.199025
"28" 2015 352547.32 163.9345038
"29" 2015 354665.97 166.6930059
"30" 2015 357064.67 180.31765835
"31" 2015 355794.48 181.4551848
"32" 2015 354446.37 180.7676487
"33" 2015 348202.47 200.21642025
"34" 2015 339934.49 222.65709095
"35" 2015 330238.39 231.166873
"36" 2015 319793.93 247.84029575
"37" 2015 312727.79 254.87314885
"38" 2015 309372.66 244.4044014
"39" 2015 309605.77 275.5491353
"40" 2015 312576.95 326.64291275
"41" 2015 317912.15 346.5242435
"42" 2015 325848.37 361.6916907
"43" 2015 335457.04 409.2575888
"44" 2015 343980.1 457.493533
"45" 2015 336146.58 485.7318081
"46" 2015 323427.4 514.249566
"47" 2015 315541.56 528.532113
"48" 2015 306444.94 548.5364426
"49" 2015 302414.71 609.36564065
"50" 2015 303125.54 653.2355387
"51" 2015 308132.95 697.92113175
"52" 2015 314911.51 776.25687215
"53" 2015 315656.95 819.12978525
"54" 2015 314118.16 901.5191192
"55" 2015 307953.91 971.59458605
"56" 2015 299375.89 1002.9092315
"57" 2015 292719.7 1072.8177005
"58" 2015 286111.51 1175.9183061
"59" 2015 280245.93 1275.1189815
"60" 2015 273189.89 1311.311472
"61" 2015 264395.79 1381.46800275
"62" 2015 259596.94 1487.4904662
"63" 2015 254236.48 1601.689824
"64" 2015 249181.09 1725.57904825
"65" 2015 245345.19 1794.70006485
"66" 2015 238762.32 1873.0904004
"67" 2015 235732.72 2003.72812
"68" 2015 239743.01 2194.84725655
"69" 2015 223780.59 2234.44919115
"70" 2015 199388.09 2207.2261563
"71" 2015 189482.5 2300.31755
"72" 2015 175253.16 2405.349621
"73" 2015 164094.67 2520.4941312
"74" 2015 156559.71 2621.59234395
"75" 2015 147056.51 2791.1325598
"76" 2015 139574.97 3003.6533544
"77" 2015 131344.11 3101.0344371
"78" 2015 123837.14 3220.3848257
"79" 2015 116743.72 3478.3791374
"80" 2015 108185.94 3706.9912341
"81" 2015 99978.44 3857.1682152
"82" 2015 93980.74 4069.366042
"83" 2015 88420.76 4336.1540704
"84" 2015 84647.6 4708.945988
"85" 2015 81190.28 5189.6826976
"86" 2015 71604.43 5218.5308584
"87" 2015 67057.33 5501.3833532
"88" 2015 58643.65 5392.2836175
"89" 2015 51581.87 5394.4319646
"90" 2015 44837 5331.56767
"91" 2015 37162.43 5017.2996743
"92" 2015 30522.62 4698.1942835
"93" 2015 24713.08 4248.178452
"94" 2015 19382.38 3722.6768147
"95" 2015 14960.24 3174.3385244
"96" 2015 9450.46 2192.1759539
"97" 2015 6656.01 1696.616949
"98" 2015 4915.99 1370.2830526
"99" 2015 3485.53 1057.03925545
"100" 2015 2269.45 744.89022625
"101" 2015 1452.02 513.0640069
"102" 2015 870.59 329.3790206
"103" 2015 504.31 203.19910675
"104" 2015 274.39 117.1178837
"105" 2015 149.28 67.1483832
"106" 2015 76.64 36.149172
"107" 2015 38.76 19.0794162
"108" 2015 17.61 9.0059301
"109" 2015 8.03 4.248673
"110" 2015 3.28 2.5216148
"111" 2015 1.18 1.18
"112" 2016 313695.79 1013.2374017
"113" 2016 310183.42 57.3839327
"114" 2016 312667.87 42.21016245
"115" 2016 314426.17 28.2983553
"116" 2016 312209.78 21.8546846
"117" 2016 313909.52 28.2518568
"118" 2016 313254.37 25.0603496
"119" 2016 311088.63 20.22076095
"120" 2016 309727.95 18.583677
"121" 2016 303918.51 19.75470315
"122" 2016 293018.15 17.581089
"123" 2016 285162.22 22.8129776
"124" 2016 281664.29 29.57475045
"125" 2016 279613.09 27.961309
"126" 2016 281817.55 35.22719375
"127" 2016 285862.39 50.02591825
"128" 2016 288013.2 79.20363
"129" 2016 289988.97 110.1958086
"130" 2016 297920.98 125.1268116
"131" 2016 310741.23 136.7261412
"132" 2016 323342.12 140.6538222
"133" 2016 330568.16 137.1857864
"134" 2016 334255.93 147.0726092
"135" 2016 344005.71 168.5627979
"136" 2016 353077.72 167.711917
"137" 2016 360718.42 174.9484337
"138" 2016 361472.83 180.736415
"139" 2016 359069.27 166.96721055
"140" 2016 358800.75 168.6363525
"141" 2016 360215.92 181.9090396
"142" 2016 361967.18 184.6032618
"143" 2016 359398.83 183.2934033
"144" 2016 357691.27 205.67248025
"145" 2016 351470.69 230.21330195
"146" 2016 342831.78 239.982246
"147" 2016 332531.58 257.7119745
"148" 2016 321551.6 262.064554
"149" 2016 314238.21 248.2481859
"150" 2016 310745.97 276.5639133
"151" 2016 311284.43 325.29222935
"152" 2016 313975.76 342.2335784
"153" 2016 319188.99 354.2997789
"154" 2016 327024.92 398.9704024
"155" 2016 336298.52 447.2770316
"156" 2016 344387.97 497.64061665
"157" 2016 336188.95 534.5404305
"158" 2016 323204.12 541.366901
"159" 2016 315452.01 564.6590979
"160" 2016 306291.86 617.1780979
"161" 2016 302420.17 651.71546635
"162" 2016 302836.66 685.9250349
"163" 2016 307804.37 758.73777205
"164" 2016 314835.92 816.9992124
"165" 2016 315230.48 904.7114776
"166" 2016 313447.03 988.92537965
"167" 2016 307166.5 1029.007775
"168" 2016 298285.5 1093.2163575
"169" 2016 291540.67 1198.2321537
"170" 2016 284983.87 1296.6766085
"171" 2016 278921.41 1338.822768
"172" 2016 271676.43 1419.50934675
"173" 2016 262767.48 1505.6576604
"174" 2016 258036.93 1625.632659
"175" 2016 252913.43 1751.42550275
"176" 2016 248227.12 1815.7813828
"177" 2016 244127.82 1915.1827479
"178" 2016 237441.52 2018.25292
"179" 2016 234171.49 2143.83999095
"180" 2016 237741.14 2373.8452829
"181" 2016 221394.82 2450.8406574
"182" 2016 196830.85 2389.526519
"183" 2016 186562.1 2560.5648225
"184" 2016 172276.55 2646.167808
"185" 2016 161158.89 2698.60561305
"186" 2016 153589.02 2915.1195996
"187" 2016 143947.49 3097.7499848
"188" 2016 136168.55 3214.9394655
"189" 2016 127811.96 3323.7500198
"190" 2016 120146.27 3579.75811465
"191" 2016 112876.68 3867.7194402
"192" 2016 103957.15 4010.666847
"193" 2016 95531.47 4136.512651
"194" 2016 89241.97 4376.4262088
"195" 2016 83505.4 4645.405402
"196" 2016 79412.65 5076.056588
"197" 2016 75485.17 5501.3591896
"198" 2016 65780.32 5396.6174528
"199" 2016 61006.22 5609.521929
"200" 2016 52712.54 5512.6774332
"201" 2016 45757.78 5441.0576198
"202" 2016 38963.91 5260.5174891
"203" 2016 31802.36 4895.178263
"204" 2016 25617.55 4403.656845
"205" 2016 20037.02 3848.4102463
"206" 2016 15488.33 3286.39130105
"207" 2016 11683.2 2710.093488
"208" 2016 7036.43 1793.586007
"209" 2016 4815 1342.1331
"210" 2016 3478.98 1055.0528697
"211" 2016 2410.52 791.192927
"212" 2016 1517.45 536.18337025
"213" 2016 910.77 344.5807218
"214" 2016 524.19 211.20925575
"215" 2016 291.07 124.2374081
"216" 2016 151.75 68.25942625
"217" 2016 78.88 37.205724
"218" 2016 38.73 19.06464885
"219" 2016 18.55 9.4866555
"220" 2016 7.83 4.142853
"221" 2016 3.09 2.37554565
"222" 2016 1.21 1.21
"223" 2017 312487.04 1009.3331392
"224" 2017 315702.82 58.4050217
"225" 2017 312863.06 42.2365131
"226" 2017 315782.7 28.420443
"227" 2017 317266.26 22.2086382
"228" 2017 316505.24 28.4854716
"229" 2017 317362.62 25.3890096
"230" 2017 316308.63 20.56006095
"231" 2017 314444.94 18.8666964
"232" 2017 313136.47 20.35387055
"233" 2017 306210.75 18.372645
"234" 2017 294724.07 23.5779256
"235" 2017 287124.03 30.14802315
"236" 2017 283248.17 28.324817
"237" 2017 281461.32 35.182665
"238" 2017 284614.48 49.807534
"239" 2017 289563.61 79.62999275
"240" 2017 292503.14 111.1511932
"241" 2017 299876.5 125.94813
"242" 2017 311831.14 137.2057016
"243" 2017 322120.22 140.1222957
"244" 2017 332542.96 138.0053284
"245" 2017 342018.37 150.4880828
"246" 2017 351225.49 172.1004901
"247" 2017 356396.35 169.28826625
"248" 2017 361877.61 175.51064085
"249" 2017 368692.84 184.34642
"250" 2017 368754.63 171.47090295
"251" 2017 366145.18 172.0882346
"252" 2017 364785.35 184.21660175
"253" 2017 366353.57 186.8403207
"254" 2017 366240.27 186.7825377
"255" 2017 363738.43 209.14959725
"256" 2017 361873.51 237.02714905
"257" 2017 355660.49 248.962343
"258" 2017 346332.94 268.4080285
"259" 2017 335450.92 273.3924998
"260" 2017 323910.09 255.8889711
"261" 2017 316634.25 281.8044825
"262" 2017 312761.52 326.8357884
"263" 2017 313587.56 341.8104404
"264" 2017 315497.38 350.2020918
"265" 2017 320978.95 391.594319
"266" 2017 328303.55 436.6437215
"267" 2017 337335.8 487.450231
"268" 2017 345319.88 549.0586092
"269" 2017 336809.61 564.15609675
"270" 2017 323456.93 578.9879047
"271" 2017 315792.13 636.32114195
"272" 2017 306270.66 660.0132723
"273" 2017 302642.27 685.48474155
"274" 2017 302498.61 745.65907365
"275" 2017 308198.31 799.77461445
"276" 2017 314756.75 903.3518725
"277" 2017 315036 993.93858
"278" 2017 313077.34 1048.809089
"279" 2017 306598.18 1123.6823297
"280" 2017 297350 1222.1085
"281" 2017 290906.86 1323.626213
"282" 2017 284096.49 1363.663152
"283" 2017 278013.34 1452.6197015
"284" 2017 270253.88 1548.5547324
"285" 2017 261672.28 1648.535364
"286" 2017 256878.29 1778.88215825
"287" 2017 251919.07 1842.78799705
"288" 2017 247043.76 1938.0582972
"289" 2017 242769.33 2063.539305
"290" 2017 236041.58 2160.9606649
"291" 2017 232654.36 2323.0537846
"292" 2017 235595.38 2608.0408566
"293" 2017 219056.87 2659.3504018
"294" 2017 194113.91 2664.21341475
"295" 2017 183746.03 2822.3390208
"296" 2017 169157.33 2832.53949085
"297" 2017 158045.41 2999.7018818
"298" 2017 150261.26 3233.6223152
"299" 2017 140414.89 3315.1955529
"300" 2017 132589.81 3447.99800905
"301" 2017 124121.35 3698.19562325
"302" 2017 116302.51 3985.10550515
"303" 2017 108617.22 4190.4523476
"304" 2017 99404.75 4304.225675
"305" 2017 90967.17 4461.0300168
"306" 2017 84350.51 4692.4188713
"307" 2017 78513.86 5018.6059312
"308" 2017 73926.4 5387.756032
"309" 2017 69726.96 5720.3997984
"310" 2017 60011.1 5518.020645
"311" 2017 54990.99 5750.9577342
"312" 2017 46713.31 5554.6796921
"313" 2017 39951.56 5393.8601156
"314" 2017 33446.7 5148.2832975
"315" 2017 26660.16 4582.881504
"316" 2017 21009.37 4035.16464905
"317" 2017 16001.86 3395.3546641
"318" 2017 12042.2 2793.368923
"319" 2017 8883.1 2264.30219
"320" 2017 5123.35 1428.082579
"321" 2017 3419.94 1037.1481041
"322" 2017 2449.94 804.1315565
"323" 2017 1606.49 567.64520905
"324" 2017 953.22 360.6412548
"325" 2017 548.6 221.044655
"326" 2017 302.95 129.3081485
"327" 2017 161.14 72.4831891
"328" 2017 80.44 37.941537
"329" 2017 39.81 19.59627345
"330" 2017 18.61 9.5173401
"331" 2017 8.27 4.375657
"332" 2017 3.05 2.34479425
"333" 2017 1.37 1.37
"334" 2018 304384.05 983.1604815
"335" 2018 313247.14 57.9507209
"336" 2018 317200.49 42.82206615
"337" 2018 315424.77 28.3882293
"338" 2018 318848 22.31936
"339" 2018 320636.19 28.8572571
"340" 2018 319448.95 25.555916
"341" 2018 319973.23 20.79825995
"342" 2018 319123.89 19.1474334
"343" 2018 317347.26 20.6275719
"344" 2018 315894.61 18.9536766
"345" 2018 308565.2 24.685216
"346" 2018 297021.58 31.1872659
"347" 2018 289168.97 28.916897
"348" 2018 285206.88 35.65086
"349" 2018 284093.05 49.71628375
"350" 2018 287950.28 79.186327
"351" 2018 293882.82 111.6754716
"352" 2018 303735.7 127.568994
"353" 2018 315361.79 138.7591876
"354" 2018 323621.05 140.77515675
"355" 2018 331169.09 137.43517235
"356" 2018 344609.28 151.6280832
"357" 2018 359852.96 176.3279504
"358" 2018 363883.61 172.84471475
"359" 2018 365113.86 177.0802221
"360" 2018 369944.02 184.97201
"361" 2018 376069.85 174.87248025
"362" 2018 375189 176.33883
"363" 2018 372222.35 187.97228675
"364" 2018 370693.42 189.0536442
"365" 2018 371216.39 189.3203589
"366" 2018 370522.29 213.05031675
"367" 2018 368399.19 241.30146945
"368" 2018 366231.72 256.362204
"369" 2018 359866.21 278.89631275
"370" 2018 349978.15 285.23219225
"371" 2018 338612.6 267.503954
"372" 2018 326599.57 290.6736173
"373" 2018 319282.42 333.6501289
"374" 2018 315182.93 343.5493937
"375" 2018 315496.66 350.2012926
"376" 2018 317266.31 387.0648982
"377" 2018 322506.37 428.9334721
"378" 2018 329471.9 476.0868955
"379" 2018 338709.57 538.5482163
"380" 2018 346518.03 580.41770025
"381" 2018 337662.77 604.4163583
"382" 2018 324042.36 652.9453554
"383" 2018 316095.5 681.1858025
"384" 2018 306404.37 694.00589805
"385" 2018 302708.14 746.1755651
"386" 2018 302697.13 785.49905235
"387" 2018 308453.23 885.2607701
"388" 2018 314640.9 992.6920395
"389" 2018 314986.35 1055.2042725
"390" 2018 312709.34 1146.0797311
"391" 2018 305988.9 1257.614379
"392" 2018 296746.09 1350.1947095
"393" 2018 290281.42 1393.350816
"394" 2018 283277.82 1480.1266095
"395" 2018 276988.68 1587.1451364
"396" 2018 269227.21 1696.131423
"397" 2018 260737.8 1805.609265
"398" 2018 255778.81 1871.02199515
"399" 2018 250629.03 1966.18474035
"400" 2018 245476.03 2086.546255
"401" 2018 241153.52 2207.7604756
"402" 2018 234493.48 2341.4173978
"403" 2018 230781.88 2554.7554116
"404" 2018 233351.58 2832.8881812
"405" 2018 216411.93 2970.25373925
"406" 2018 191322.21 2938.7091456
"407" 2018 180677.64 3025.4470818
"408" 2018 165808.37 3147.0428626
"409" 2018 154565.89 3326.2579528
"410" 2018 146473.75 3458.2452375
"411" 2018 136637 3553.245185
"412" 2018 128761.81 3836.45812895
"413" 2018 120213.07 4119.10084355
"414" 2018 112138.23 4326.2929134
"415" 2018 104142.74 4509.380642
"416" 2018 94712.01 4644.6769704
"417" 2018 86173.93 4793.8557259
"418" 2018 79376.21 5073.7273432
"419" 2018 73237.35 5337.538068
"420" 2018 68114.28 5588.0955312
"421" 2018 63582.74 5846.432943
"422" 2018 54016.88 5649.0853104
"423" 2018 48788.77 5801.4726407
"424" 2018 40761.09 5503.1547609
"425" 2018 34196.35 5263.67317375
"426" 2018 28004.5 4813.97355
"427" 2018 21858.99 4198.34691435
"428" 2018 16816.22 3568.1496407
"429" 2018 12456.72 2889.5230548
"430" 2018 9084.09 2315.534541
"431" 2018 6510 1814.5974
"432" 2018 3593.3 1089.7221245
"433" 2018 2359.9 774.5781775
"434" 2018 1625.9 574.5036355
"435" 2018 975 368.8815
"436" 2018 550.55 221.83035875
"437" 2018 300.48 128.2538784
"438" 2018 157.14 70.6839291
"439" 2018 78.72 37.130256
"440" 2018 36.81 18.11953845
"441" 2018 16.72 8.5507752
"442" 2018 7.11 3.761901
"443" 2018 2.57 1.97577745
"444" 2018 0.79 0.79
"445" 2019 302509.93 977.1070739
"446" 2019 305304.81 56.48138985
"447" 2019 314723.21 42.48763335
"448" 2019 318653.12 28.6787808
"449" 2019 317904.16 22.2532912
"450" 2019 321826.32 28.9643688
"451" 2019 323081.88 25.8465504
"452" 2019 321831.42 20.9190423
"453" 2019 322290.36 19.3374216
"454" 2019 321758.86 20.9143259
"455" 2019 320021.92 19.2013152
"456" 2019 318433.16 25.4746528
"457" 2019 310888.88 32.6433324
"458" 2019 299111.53 29.911153
"459" 2019 291193.25 36.39915625
"460" 2019 287538.17 50.31917975
"461" 2019 287014.33 78.92894075
"462" 2019 291470.99 110.7589762
"463" 2019 305486.36 128.3042712
"464" 2019 320292.21 140.9285724
"465" 2019 326860.52 142.1843262
"466" 2019 332647.52 138.0487208
"467" 2019 343842.3 151.290612
"468" 2019 362193.15 177.4746435
"469" 2019 371370.51 176.40099225
"470" 2019 371079.62 179.9736157
"471" 2019 372133.84 186.06692
"472" 2019 376758.9 175.1928885
"473" 2019 382202.95 179.6353865
"474" 2019 380861.49 192.33505245
"475" 2019 377352.34 192.4496934
"476" 2019 375068.61 191.2849911
"477" 2019 375049.62 215.6535315
"478" 2019 374581.08 245.3506074
"479" 2019 372219.49 260.553643
"480" 2019 369757.4 286.561985
"481" 2019 363355.72 296.1349118
"482" 2019 353080.97 278.9339663
"483" 2019 341045.46 303.5304594
"484" 2019 328870.33 343.66949485
"485" 2019 321436.28 350.3655452
"486" 2019 316897.73 351.7564803
"487" 2019 316788.27 386.4816894
"488" 2019 318562.52 423.6881516
"489" 2019 323576.68 467.5683026
"490" 2019 330329.88 525.2245092
"491" 2019 339608.97 568.84502475
"492" 2019 347323.5 621.709065
"493" 2019 338194.39 681.46169585
"494" 2019 324322.82 698.9156771
"495" 2019 316157.15 716.09594475
"496" 2019 306280.45 754.98130925
"497" 2019 302569.32 785.1673854
"498" 2019 302805.53 869.0518711
"499" 2019 308598.66 973.6287723
"500" 2019 314587.01 1053.8664835
"501" 2019 314954.09 1154.30673985
"502" 2019 312288.64 1283.5063104
"503" 2019 305413 1389.62915
"504" 2019 296267.22 1422.082656
"505" 2019 289754.44 1513.966949
"506" 2019 282621.99 1619.4240027
"507" 2019 276079.26 1739.299338
"508" 2019 268275.55 1857.80818375
"509" 2019 259947.79 1901.51808385
"510" 2019 254712.65 1998.22073925
"511" 2019 249208.45 2118.271825
"512" 2019 243947.03 2233.33505965
"513" 2019 239513.34 2391.5406999
"514" 2019 232906.29 2578.2726303
"515" 2019 228864.34 2778.4130876
"516" 2019 230942.94 3169.6918515
"517" 2019 213611.54 3281.0732544
"518" 2019 188420.99 3155.10947755
"519" 2019 177378.99 3366.6532302
"520" 2019 162349.07 3493.7519864
"521" 2019 150886.78 3562.4368758
"522" 2019 142550.95 3707.03745475
"523" 2019 132620.44 3951.4260098
"524" 2019 124769.89 4275.24028085
"525" 2019 116122.47 4480.0048926
"526" 2019 107790.77 4667.340341
"527" 2019 99314.35 4870.375724
"528" 2019 89786.18 4994.8051934
"529" 2019 81187.64 5189.5139488
"530" 2019 74074.51 5398.5502888
"531" 2019 67609.48 5546.6817392
"532" 2019 62228.02 5721.866439
"533" 2019 57650.74 6029.1143892
"534" 2019 48435.88 5759.5104908
"535" 2019 42936.77 5796.8933177
"536" 2019 35251.09 5426.02402825
"537" 2019 29035.35 4991.176665
"538" 2019 23288.5 4472.9057525
"539" 2019 17716.99 3759.27952315
"540" 2019 13309.22 3087.2732173
"541" 2019 9591.72 2444.929428
"542" 2019 6770.09 1887.0948866
"543" 2019 4722 1432.01733
"544" 2019 2537.3 832.8052925
"545" 2019 1631.9 576.6237055
"546" 2019 1034.55 391.411647
"547" 2019 599.5 241.5535375
"548" 2019 324.76 138.6173108
"549" 2019 169.69 76.32910735
"550" 2019 84.85 40.02162375
"551" 2019 40.29 19.83255105
"552" 2019 17.66 9.0315006
"553" 2019 7.15 3.783065
"554" 2019 2.6 1.998841
"555" 2019 0.74 0.74
"556" 2020 299526.74 967.4713702
"557" 2020 302636.67 55.98778395
"558" 2020 306797.44 41.4176544
"559" 2020 316040.95 28.4436855
"560" 2020 320096.73 22.4067711
"561" 2020 320314.72 28.8283248
"562" 2020 324111.78 25.9289424
"563" 2020 325186.67 21.13713355
"564" 2020 324075.68 19.4445408
"565" 2020 324574.02 21.0973113
"566" 2020 324354.07 19.4612442
"567" 2020 322685.92 25.8148736
"568" 2020 320933.46 33.6980133
"569" 2020 313014.71 31.301471
"570" 2020 301300.61 37.66257625
"571" 2020 293421.61 51.34878175
"572" 2020 289949.23 79.73603825
"573" 2020 289536.95 110.024041
"574" 2020 299768.47 125.9027574
"575" 2020 318244.43 140.0275492
"576" 2020 327452.07 142.44165045
"577" 2020 331485.66 137.5665489
"578" 2020 340671.43 149.8954292
"579" 2020 355680.53 174.2834597
"580" 2020 368635.12 175.101682
"581" 2020 373751.61 181.26953085
"582" 2020 374150.89 187.075445
"583" 2020 375999.87 174.83993955
"584" 2020 381082.6 179.108822
"585" 2020 386460.4 195.162502
"586" 2020 384555.81 196.1234631
"587" 2020 380588.82 194.1002982
"588" 2020 377962.25 217.32829375
"589" 2020 378212.97 247.72949535
"590" 2020 378002.06 264.601442
"591" 2020 375322.31 290.87479025
"592" 2020 372815.39 303.84454285
"593" 2020 366400.93 289.4567347
"594" 2020 355808.57 316.6696273
"595" 2020 343193.13 358.63682085
"596" 2020 330844.51 360.6205159
"597" 2020 323451.43 359.0310873
"598" 2020 318397.32 388.4447304
"599" 2020 318099.13 423.0718429
"600" 2020 319706.33 461.97564685
"601" 2020 324666.54 516.2197986
"602" 2020 331082.28 554.562819
"603" 2020 340548.07 609.5810453
"604" 2020 348207.24 701.6375886
"605" 2020 338805.6 730.126068
"606" 2020 324878.71 735.85027815
"607" 2020 316548.75 780.29266875
"608" 2020 306589.47 795.59967465
"609" 2020 302990.91 869.5839117
"610" 2020 303575.27 957.77997685
"611" 2020 309592.6 1037.13521
"612" 2020 315651.27 1156.86190455
"613" 2020 315937.77 1298.5042347
"614" 2020 313039.91 1424.3315905
"615" 2020 306078.22 1469.175456
"616" 2020 297116.98 1552.4362205
"617" 2020 290703.9 1665.733347
"618" 2020 283293.87 1784.751381
"619" 2020 276654.88 1915.835044
"620" 2020 268811.91 1966.35912165
"621" 2020 260463.38 2043.3352161
"622" 2020 254772.33 2165.564805
"623" 2020 249078.91 2280.31742105
"624" 2020 243474.73 2431.09517905
"625" 2020 238914.12 2644.7793084
"626" 2020 232117.56 2817.9071784
"627" 2020 227680.02 3124.9082745
"628" 2020 229106.72 3519.0792192
"629" 2020 211264.27 3537.62020115
"630" 2020 185782.54 3526.1526092
"631" 2020 174381.04 3752.6799808
"632" 2020 159061.4 3755.439654
"633" 2020 147411.25 3833.42955625
"634" 2020 138776.96 4134.8595232
"635" 2020 128686.83 4409.45422995
"636" 2020 120722.84 4657.4871672
"637" 2020 111918.11 4846.054163
"638" 2020 103213.72 5061.6008288
"639" 2020 94417.9 5252.467777
"640" 2020 84781.83 5419.2545736
"641" 2020 76016.39 5540.0745032
"642" 2020 68598.63 5627.8316052
"643" 2020 62007.09 5701.5519255
"644" 2020 56397.93 5898.0955194
"645" 2020 51622.64 6138.4481224
"646" 2020 42674.79 5761.5233979
"647" 2020 37220.68 5729.193169
"648" 2020 29760.02 5115.747438
"649" 2020 24075.29 4624.02057385
"650" 2020 18859.45 4001.69239825
"651" 2020 13967.95 3240.07552175
"652" 2020 10172.19 2592.891231
"653" 2020 7137.7 1989.562498
"654" 2020 4862.07 1474.49565855
"655" 2020 3290.99 1080.18519275
"656" 2020 1747.29 617.39618505
"657" 2020 1029.13 389.3610442
"658" 2020 630.49 254.04018325
"659" 2020 357.21 152.4679443
"660" 2020 187.3 84.2503495
"661" 2020 94.98 44.7996915
"662" 2020 46.05 22.66788225
"663" 2020 20.92 10.6986972
"664" 2020 8.57 4.534387
"665" 2020 3.09 2.37554565
"666" 2020 0.95 0.95
"667" 2021 297768.53 961.7923519
"668" 2021 298521.18 55.2264183
"669" 2021 302721.98 40.8674673
"670" 2021 307274.38 27.6546942
"671" 2021 316493.67 22.1545569
"672" 2021 320434.7 28.839123
"673" 2021 321220.03 25.6976024
"674" 2021 325006.06 21.1253939
"675" 2021 326314.83 19.5788898
"676" 2021 325336.15 21.14684975
"677" 2021 326023.45 19.561407
"678" 2021 326058.74 26.0846992
"679" 2021 324472.79 34.06964295
"680" 2021 322507.64 32.250764
"681" 2021 314537.18 39.3171475
"682" 2021 302676.3 52.9683525
"683" 2021 294705.32 81.043963
"684" 2021 290839.2 110.518896
"685" 2021 291773.65 122.544933
"686" 2021 303182.66 133.4003704
"687" 2021 317455.75 138.09325125
"688" 2021 324746.62 134.7698473
"689" 2021 330007.15 145.203146
"690" 2021 340190.03 166.6931147
"691" 2021 352033.76 167.216036
"692" 2021 362291.88 175.7115618
"693" 2021 368465.76 184.23288
"694" 2021 370425.62 172.2479133
"695" 2021 373796.18 175.6842046
"696" 2021 379759.99 191.77879495
"697" 2021 385272.07 196.4887557
"698" 2021 383441.25 195.5550375
"699" 2021 379734.97 218.34760775
"700" 2021 377864.73 247.50139815
"701" 2021 378807.88 265.165516
"702" 2021 378881.1 293.6328525
"703" 2021 376442.99 306.80103685
"704" 2021 373993.43 295.4548097
"705" 2021 367849.9 327.386411
"706" 2021 357030.39 373.09675755
"707" 2021 344187.93 375.1648437
"708" 2021 331896.07 368.4046377
"709" 2021 324390.29 395.7561538
"710" 2021 319082.4 424.379592
"711" 2021 318551.66 460.3071487
"712" 2021 320382.17 509.4076503
"713" 2021 325022.92 544.413391
"714" 2021 331313.94 593.0519526
"715" 2021 340964.06 687.0425809
"716" 2021 348687.03 751.42054965
"717" 2021 339019.46 767.8790769
"718" 2021 325053.46 801.2567789
"719" 2021 316510.44 821.3445918
"720" 2021 306496.76 879.6457012
"721" 2021 302961.17 955.84249135
"722" 2021 303793.62 1017.708627
"723" 2021 310081.76 1136.4496504
"724" 2021 315807.49 1297.9687839
"725" 2021 315945.58 1437.552389
"726" 2021 313042.4 1502.60352
"727" 2021 305968.25 1598.68410625
"728" 2021 296984.38 1701.7204974
"729" 2021 290472.8 1829.97864
"730" 2021 282856.68 1958.782509
"731" 2021 275913.21 2018.30513115
"732" 2021 268019.84 2102.6156448
"733" 2021 259669.41 2207.189985
"734" 2021 253700.84 2322.6311902
"735" 2021 247955.56 2475.8362666
"736" 2021 242081.58 2679.8430906
"737" 2021 237428.79 2882.3855106
"738" 2021 230454.61 3162.98952225
"739" 2021 225677.49 3466.4062464
"740" 2021 226649.16 3795.2401842
"741" 2021 208614.7 3959.507006
"742" 2021 182670.64 3931.0721728
"743" 2021 171039.81 4038.2499141
"744" 2021 155541.64 4044.8603482
"745" 2021 143628.7 4279.4171165
"746" 2021 134569.87 4611.03659555
"747" 2021 124367.68 4798.1050944
"748" 2021 116366.48 5038.668584
"749" 2021 107373.44 5265.5934976
"750" 2021 98395.33 5473.7322079
"751" 2021 89351.24 5711.3312608
"752" 2021 79529.44 5796.1055872
"753" 2021 70561.46 5788.8621784
"754" 2021 62903.28 5783.956596
"755" 2021 56267.45 5884.449921
"756" 2021 50416.42 5995.0165022
"757" 2021 45743.42 6175.8191342
"758" 2021 37179.59 5722.86839075
"759" 2021 31753.47 5458.421493
"760" 2021 25078.84 4816.7674046
"761" 2021 19721.12 4184.5258472
"762" 2021 15081.3 3498.3337545
"763" 2021 10924.83 2784.739167
"764" 2021 7713.09 2149.9467066
"765" 2021 5233.63 1587.17680195
"766" 2021 3541.03 1162.25457175
"767" 2021 2293.96 810.5592962
"768" 2021 1147.09 433.9900306
"769" 2021 642.17 258.74634725
"770" 2021 378.81 161.6874723
"771" 2021 210.23 94.56460745
"772" 2021 105.75 49.87963125
"773" 2021 51.51 25.35553995
"774" 2021 23.77 12.1562157
"775" 2021 9.93 5.253963
"776" 2021 3.69 2.83681665
"777" 2021 0.96 0.96
