  2015           0            149667.13       157731.06       307398.19
  2015           1            150771.45       159069.71       309841.16
  2015           2            151576.72       160155.32       311732.04
  2015           3            150159.24       158460.40       308619.64
  2015           4            150723.27       158730.47       309453.74
  2015           5            150808.29       158951.48       309759.77
  2015           6            149811.20       158009.46       307820.66
  2015           7            148940.90       157236.47       306177.37
  2015           8            146518.05       154772.95       301291.00
  2015           9            141710.98       149933.39       291644.37
  2015          10            137837.71       146169.95       284007.66
  2015          11            136321.78       144045.90       280367.68
  2015          12            135685.85       142655.57       278341.42
  2015          13            136465.95       143769.18       280235.13
  2015          14            138011.64       145163.77       283175.41
  2015          15            138814.13       145736.80       284550.93
  2015          16            139234.88       146713.86       285948.74
  2015          17            141357.08       148066.01       289423.09
  2015          18            145522.19       152437.98       297960.17
  2015          19            151915.48       160480.59       312396.07
  2015          20            155997.54       165079.32       321076.86
  2015          21            157655.39       165822.69       323478.08
  2015          22            160858.10       168183.67       329041.77
  2015          23            168290.08       174003.05       342293.13
  2015          24            173902.93       179223.43       353126.36
  2015          25            175271.94       179280.18       354552.12
  2015          26            175010.29       177387.76       352398.05
  2015          27            175759.98       176787.34       352547.32
  2015          28            177193.48       177472.49       354665.97
  2015          29            178795.83       178268.84       357064.67
  2015          30            178327.83       177466.65       355794.48
  2015          31            177410.87       177035.50       354446.37
  2015          32            173926.97       174275.50       348202.47
  2015          33            169540.25       170394.24       339934.49
  2015          34            164865.24       165373.15       330238.39
  2015          35            159969.49       159824.44       319793.93
  2015          36            156660.31       156067.48       312727.79
  2015          37            154978.36       154394.30       309372.66
  2015          38            155018.54       154587.23       309605.77
  2015          39            156506.66       156070.29       312576.95
  2015          40            159386.10       158526.05       317912.15
  2015          41            163936.02       161912.35       325848.37
  2015          42            169587.47       165869.57       335457.04
  2015          43            174675.42       169304.68       343980.10
  2015          44            170868.85       165277.73       336146.58
  2015          45            164349.85       159077.55       323427.40
  2015          46            160526.87       155014.69       315541.56
  2015          47            155657.45       150787.49       306444.94
  2015          48            153396.93       149017.78       302414.71
  2015          49            153690.99       149434.55       303125.54
  2015          50            156101.96       152030.99       308132.95
  2015          51            159439.42       155472.09       314911.51
  2015          52            159654.75       156002.20       315656.95
  2015          53            158936.88       155181.28       314118.16
  2015          54            156223.11       151730.80       307953.91
  2015          55            151974.01       147401.88       299375.89
  2015          56            148742.05       143977.65       292719.70
  2015          57            145606.95       140504.56       286111.51
  2015          58            142263.83       137982.10       280245.93
  2015          59            138953.88       134236.01       273189.89
  2015          60            135134.20       129261.59       264395.79
  2015          61            132563.92       127033.02       259596.94
  2015          62            129289.26       124947.22       254236.48
  2015          63            126344.41       122836.68       249181.09
  2015          64            124272.38       121072.81       245345.19
  2015          65            120672.91       118089.41       238762.32
  2015          66            118692.63       117040.09       235732.72
  2015          67            120491.56       119251.45       239743.01
  2015          68            112515.53       111265.06       223780.59
  2015          69            100631.44        98756.65       199388.09
  2015          70             96105.61        93376.89       189482.50
  2015          71             89231.95        86021.21       175253.16
  2015          72             83699.79        80394.88       164094.67
  2015          73             80139.53        76420.18       156559.71
  2015          74             75793.77        71262.74       147056.51
  2015          75             72444.36        67130.61       139574.97
  2015          76             68764.39        62579.72       131344.11
  2015          77             65270.93        58566.21       123837.14
  2015          78             62236.91        54506.81       116743.72
  2015          79             58529.50        49656.44       108185.94
  2015          80             54588.99        45389.45        99978.44
  2015          81             51914.34        42066.40        93980.74
  2015          82             49564.57        38856.19        88420.76
  2015          83             48051.23        36596.37        84647.60
  2015          84             46623.15        34567.13        81190.28
  2015          85             41747.00        29857.43        71604.43
  2015          86             39492.00        27565.33        67057.33
  2015          87             35571.32        23072.33        58643.65
  2015          88             32288.30        19293.57        51581.87
  2015          89             28667.09        16169.91        44837.00
  2015          90             24347.96        12814.47        37162.43
  2015          91             20546.96         9975.66        30522.62
  2015          92             16951.63         7761.45        24713.08
  2015          93             13769.62         5612.76        19382.38
  2015          94             10677.90         4282.34        14960.24
  2015          95              6919.24         2531.22         9450.46
  2015          96              4992.79         1663.22         6656.01
  2015          97              3810.15         1105.84         4915.99
  2015          98              2712.09          773.44         3485.53
  2015          99              1829.26          440.19         2269.45
  2015         100              1170.15          281.87         1452.02
  2015         101               716.46          154.13          870.59
  2015         102               419.79           84.52          504.31
  2015         103               232.29           42.10          274.39
  2015         104               127.68           21.60          149.28
  2015         105                65.64           11.00           76.64
  2015         106                33.68            5.08           38.76
  2015         107                15.62            1.99           17.61
  2015         108                 7.43            0.60            8.03
  2015         109                 3.28            0.00            3.28
  2015         110+                1.18            0.00            1.18
  2016           0            152514.65       161181.14       313695.79
  2016           1            151108.21       159075.21       310183.42
  2016           2            152166.22       160501.65       312667.87
  2016           3            152920.99       161505.18       314426.17
  2016           4            151962.85       160246.93       312209.78
  2016           5            152901.01       161008.51       313909.52
  2016           6            152574.43       160679.94       313254.37
  2016           7            151410.98       159677.65       311088.63
  2016           8            150735.65       158992.30       309727.95
  2016           9            147779.91       156138.60       303918.51
  2016          10            142427.39       150590.76       293018.15
  2016          11            138348.34       146813.88       285162.22
  2016          12            136886.50       144777.79       281664.29
  2016          13            136313.72       143299.37       279613.09
  2016          14            137218.87       144598.68       281817.55
  2016          15            139342.77       146519.62       285862.39
  2016          16            140498.47       147514.73       288013.20
  2016          17            141356.36       148632.61       289988.97
  2016          18            145616.62       152304.36       297920.98
  2016          19            151663.90       159077.33       310741.23
  2016          20            157303.34       166038.78       323342.12
  2016          21            160904.78       169663.38       330568.16
  2016          22            163269.64       170986.29       334255.93
  2016          23            169003.16       175002.55       344005.71
  2016          24            174059.37       179018.35       353077.72
  2016          25            178552.19       182166.23       360718.42
  2016          26            179820.65       181652.18       361472.83
  2016          27            179445.81       179623.46       359069.27
  2016          28            179840.15       178960.60       358800.75
  2016          29            180868.29       179347.63       360215.92
  2016          30            182061.33       179905.85       361967.18
  2016          31            180841.84       178556.99       359398.83
  2016          32            179655.74       178035.53       357691.27
  2016          33            175930.67       175540.02       351470.69
  2016          34            171335.51       171496.27       342831.78
  2016          35            166337.25       166194.33       332531.58
  2016          36            161067.85       160483.75       321551.60
  2016          37            157611.22       156626.99       314238.21
  2016          38            155773.59       154972.38       310745.97
  2016          39            155901.36       155383.07       311284.43
  2016          40            157278.96       156696.80       313975.76
  2016          41            160074.26       159114.73       319188.99
  2016          42            164685.65       162339.27       327024.92
  2016          43            170243.78       166054.74       336298.52
  2016          44            175197.21       169190.76       344387.97
  2016          45            171280.29       164908.66       336188.95
  2016          46            164726.29       158477.83       323204.12
  2016          47            160963.61       154488.40       315452.01
  2016          48            156035.61       150256.25       306291.86
  2016          49            153802.41       148617.76       302420.17
  2016          50            153808.52       149028.14       302836.66
  2016          51            156148.67       151655.70       307804.37
  2016          52            159607.43       155228.49       314835.92
  2016          53            159608.11       155622.37       315230.48
  2016          54            158807.79       154639.24       313447.03
  2016          55            156145.73       151020.77       307166.50
  2016          56            151745.58       146539.92       298285.50
  2016          57            148524.09       143016.58       291540.67
  2016          58            145406.94       139576.93       284983.87
  2016          59            141981.05       136940.36       278921.41
  2016          60            138603.79       133072.64       271676.43
  2016          61            134696.56       128070.92       262767.48
  2016          62            132198.74       125838.19       258036.93
  2016          63            128928.73       123984.70       252913.43
  2016          64            126139.02       122088.10       248227.12
  2016          65            124001.48       120126.34       244127.82
  2016          66            120314.54       117126.98       237441.52
  2016          67            118135.96       116035.53       234171.49
  2016          68            119680.10       118061.04       237741.14
  2016          69            111508.96       109885.86       221394.82
  2016          70             99517.42        97313.43       196830.85
  2016          71             94806.52        91755.58       186562.10
  2016          72             87944.35        84332.20       172276.55
  2016          73             82492.44        78666.45       161158.89
  2016          74             79015.65        74573.37       153589.02
  2016          75             74647.25        69300.24       143947.49
  2016          76             71146.20        65022.35       136168.55
  2016          77             67435.33        60376.63       127811.96
  2016          78             63908.82        56237.45       120146.27
  2016          79             60651.47        52225.21       112876.68
  2016          80             56563.19        47393.96       103957.15
  2016          81             52527.66        43003.81        95531.47
  2016          82             49708.62        39533.35        89241.97
  2016          83             47185.58        36319.82        83505.40
  2016          84             45485.32        33927.33        79412.65
  2016          85             43773.15        31712.02        75485.17
  2016          86             38814.00        26966.32        65780.32
  2016          87             36293.00        24713.22        61006.22
  2016          88             32453.32        20259.22        52712.54
  2016          89             29006.30        16751.48        45757.78
  2016          90             25252.09        13711.82        38963.91
  2016          91             21061.96        10740.40        31802.36
  2016          92             17470.96         8146.59        25617.55
  2016          93             13916.63         6120.39        20037.02
  2016          94             11151.62         4336.71        15488.33
  2016          95              8410.90         3272.30        11683.20
  2016          96              5225.24         1811.19         7036.43
  2016          97              3668.79         1146.21         4815.00
  2016          98              2760.15          718.83         3478.98
  2016          99              1906.09          504.43         2410.52
  2016         100              1231.26          286.19         1517.45
  2016         101               740.48          170.29          910.77
  2016         102               434.59           89.60          524.19
  2016         103               243.93           47.14          291.07
  2016         104               129.25           22.50          151.75
  2016         105                67.87           11.01           78.88
  2016         106                33.36            5.37           38.73
  2016         107                16.28            2.27           18.55
  2016         108                 7.14            0.69            7.83
  2016         109                 3.09            0.00            3.09
  2016         110+                1.21            0.00            1.21
  2017           0            151705.56       160781.48       312487.04
  2017           1            153540.74       162162.08       315702.82
  2017           2            152355.77       160507.29       312863.06
  2017           3            153747.91       162034.79       315782.70
  2017           4            154261.53       163004.73       317266.26
  2017           5            154038.30       162466.94       316505.24
  2017           6            154655.30       162707.32       317362.62
  2017           7            154049.62       162259.01       316308.63
  2017           8            153057.51       161387.43       314444.94
  2017           9            152344.70       160791.77       313136.47
  2017          10            148830.24       157380.51       306210.75
  2017          11            143193.84       151530.23       294724.07
  2017          12            139162.65       147961.38       287124.03
  2017          13            137628.05       145620.12       283248.17
  2017          14            137203.92       144257.40       281461.32
  2017          15            138538.15       146076.33       284614.48
  2017          16            141102.06       148461.55       289563.61
  2017          17            142721.81       149781.33       292503.14
  2017          18            146134.08       153742.42       299876.50
  2017          19            152116.82       159714.32       311831.14
  2017          20            157186.14       164934.08       322120.22
  2017          21            162033.18       170509.78       332542.96
  2017          22            166837.70       175180.67       342018.37
  2017          23            172344.25       178881.24       351225.49
  2017          24            175502.39       180893.96       356396.35
  2017          25            179152.27       182725.34       361877.61
  2017          26            183502.28       185190.56       368692.84
  2017          27            184403.86       184350.77       368754.63
  2017          28            183796.92       182348.26       366145.18
  2017          29            183529.96       181255.39       364785.35
  2017          30            184567.88       181785.69       366353.57
  2017          31            184593.46       181646.81       366240.27
  2017          32            183346.11       180392.32       363738.43
  2017          33            181924.21       179949.30       361873.51
  2017          34            178255.27       177405.22       355660.49
  2017          35            173390.76       172942.18       346332.94
  2017          36            168056.47       167394.45       335450.92
  2017          37            162613.30       161296.79       323910.09
  2017          38            159072.93       157561.32       316634.25
  2017          39            157005.10       155756.42       312761.52
  2017          40            157253.32       156334.24       313587.56
  2017          41            158139.69       157357.69       315497.38
  2017          42            161135.17       159843.78       320978.95
  2017          43            165493.59       162809.96       328303.55
  2017          44            170880.92       166454.88       337335.80
  2017          45            175866.39       169453.49       345319.88
  2017          46            171741.54       165068.07       336809.61
  2017          47            164987.10       158469.83       323456.93
  2017          48            161269.88       154522.25       315792.13
  2017          49            156122.02       150148.64       306270.66
  2017          50            153941.59       148700.68       302642.27
  2017          51            153662.21       148836.40       302498.61
  2017          52            156468.92       151729.39       308198.31
  2017          53            159642.25       155114.50       314756.75
  2017          54            159638.00       155398.00       315036.00
  2017          55            158853.66       154223.68       313077.34
  2017          56            156107.73       150490.45       306598.18
  2017          57            151594.07       145755.93       297350.00
  2017          58            148525.75       142381.11       290906.86
  2017          59            145283.03       138813.46       284096.49
  2017          60            141894.30       136119.04       278013.34
  2017          61            138205.73       132048.15       270253.88
  2017          62            134540.96       127131.32       261672.28
  2017          63            131920.93       124957.36       256878.29
  2017          64            128684.31       123234.76       251919.07
  2017          65            125908.75       121135.01       247043.76
  2017          66            123670.09       119099.24       242769.33
  2017          67            119955.33       116086.25       236041.58
  2017          68            117716.14       114938.22       232654.36
  2017          69            118963.55       116631.83       235595.38
  2017          70            110665.19       108391.68       219056.87
  2017          71             98411.59        95702.32       194113.91
  2017          72             93672.88        90073.15       183746.03
  2017          73             86636.88        82520.45       169157.33
  2017          74             81230.18        76815.23       158045.41
  2017          75             77659.96        72601.30       150261.26
  2017          76             73192.64        67222.25       140414.89
  2017          77             69708.37        62881.44       132589.81
  2017          78             65985.24        58136.11       124121.35
  2017          79             62308.66        53993.85       116302.51
  2017          80             58725.61        49891.61       108617.22
  2017          81             54466.73        44938.02        99404.75
  2017          82             50402.04        40565.13        90967.17
  2017          83             47396.15        36954.36        84350.51
  2017          84             44735.44        33778.42        78513.86
  2017          85             42729.00        31197.40        73926.40
  2017          86             40872.04        28854.92        69726.96
  2017          87             35875.88        24135.22        60011.10
  2017          88             33081.87        21909.12        54990.99
  2017          89             29136.19        17577.12        46713.31
  2017          90             25690.17        14261.39        39951.56
  2017          91             21975.96        11470.74        33446.70
  2017          92             17902.84         8757.32        26660.16
  2017          93             14502.84         6506.53        21009.37
  2017          94             11250.52         4751.34        16001.86
  2017          95              8816.53         3225.67        12042.20
  2017          96              6496.83         2386.27         8883.10
  2017          97              3847.18         1276.17         5123.35
  2017          98              2654.75          765.19         3419.94
  2017          99              1983.12          466.82         2449.94
  2017         100              1289.07          317.42         1606.49
  2017         101               784.53          168.69          953.22
  2017         102               452.73           95.87          548.60
  2017         103               254.88           48.07          302.95
  2017         104               137.22           23.92          161.14
  2017         105                69.72           10.72           80.44
  2017         106                34.96            4.85           39.81
  2017         107                16.41            2.20           18.61
  2017         108                 7.54            0.73            8.27
  2017         109                 3.05            0.00            3.05
  2017         110+                1.37            0.00            1.37
  2018           0            147754.31       156629.74       304384.05
  2018           1            152093.66       161153.48       313247.14
  2018           2            154216.48       162984.01       317200.49
  2018           3            153501.04       161923.73       315424.77
  2018           4            155061.65       163786.35       318848.00
  2018           5            155881.84       164754.35       320636.19
  2018           6            155512.70       163936.25       319448.95
  2018           7            155874.52       164098.71       319973.23
  2018           8            155348.74       163775.15       319123.89
  2018           9            154363.97       162983.29       317347.26
  2018          10            153570.33       162324.28       315894.61
  2018          11            149848.38       158716.82       308565.20
  2018          12            144154.25       152867.33       297021.58
  2018          13            140015.53       149153.44       289168.97
  2018          14            138552.15       146654.73       285206.88
  2018          15            138414.25       145678.80       284093.05
  2018          16            140073.52       147876.76       287950.28
  2018          17            143207.78       150675.04       293882.82
  2018          18            147931.67       155804.03       303735.70
  2018          19            153094.17       162267.62       315361.79
  2018          20            157726.30       165894.75       323621.05
  2018          21            161710.59       169458.50       331169.09
  2018          22            168018.66       176590.62       344609.28
  2018          23            176044.18       183808.78       359852.96
  2018          24            178693.32       185190.29       363883.61
  2018          25            180305.66       184808.20       365113.86
  2018          26            183975.15       185968.87       369944.02
  2018          27            187951.47       188118.38       376069.85
  2018          28            188217.85       186971.15       375189.00
  2018          29            187338.38       184883.97       372222.35
  2018          30            186913.30       183780.12       370693.42
  2018          31            187152.19       184064.20       371216.39
  2018          32            186831.53       183690.76       370522.29
  2018          33            185653.47       182745.72       368399.19
  2018          34            184102.46       182129.26       366231.72
  2018          35            180454.75       179411.46       359866.21
  2018          36            175416.10       174562.05       349978.15
  2018          37            170025.05       168587.55       338612.60
  2018          38            164362.01       162237.56       326599.57
  2018          39            160804.55       158477.87       319282.42
  2018          40            158573.46       156609.47       315182.93
  2018          41            158485.65       157011.01       315496.66
  2018          42            159231.57       158034.74       317266.31
  2018          43            162114.13       160392.24       322506.37
  2018          44            166153.65       163318.25       329471.90
  2018          45            171550.26       167159.31       338709.57
  2018          46            176359.90       170158.13       346518.03
  2018          47            171977.52       165685.25       337662.77
  2018          48            165091.66       158950.70       324042.36
  2018          49            161175.46       154920.04       316095.50
  2018          50            155966.42       150437.95       306404.37
  2018          51            153777.75       148930.39       302708.14
  2018          52            153677.98       149019.15       302697.13
  2018          53            156521.24       151931.99       308453.23
  2018          54            159637.08       155003.82       314640.90
  2018          55            159738.59       155247.76       314986.35
  2018          56            158839.37       153869.97       312709.34
  2018          57            156053.06       149935.84       305988.90
  2018          58            151538.46       145207.63       296746.09
  2018          59            148508.05       141773.37       290281.42
  2018          60            145176.13       138101.69       283277.82
  2018          61            141658.70       135329.98       276988.68
  2018          62            137985.82       131241.39       269227.21
  2018          63            134327.32       126410.48       260737.80
  2018          64            131564.44       124214.37       255778.81
  2018          65            128364.33       122264.70       250629.03
  2018          66            125521.18       119954.85       245476.03
  2018          67            123324.93       117828.59       241153.52
  2018          68            119618.36       114875.12       234493.48
  2018          69            117268.92       113512.96       230781.88
  2018          70            118301.31       115050.27       233351.58
  2018          71            109754.14       106657.79       216411.93
  2018          72             97385.63        93936.58       191322.21
  2018          73             92444.99        88232.65       180677.64
  2018          74             85265.73        80542.64       165808.37
  2018          75             79742.26        74823.63       154565.89
  2018          76             75971.64        70502.11       146473.75
  2018          77             71507.94        65129.06       136637.00
  2018          78             68027.06        60734.75       128761.81
  2018          79             64250.78        55962.29       120213.07
  2018          80             60447.54        51690.69       112138.23
  2018          81             56695.11        47447.63       104142.74
  2018          82             52294.48        42417.53        94712.01
  2018          83             48203.94        37969.99        86173.93
  2018          84             44974.03        34402.18        79376.21
  2018          85             42122.45        31114.90        73237.35
  2018          86             39787.59        28326.69        68114.28
  2018          87             37648.92        25933.82        63582.74
  2018          88             32645.76        21371.12        54016.88
  2018          89             29777.75        19011.02        48788.77
  2018          90             25750.06        15011.03        40761.09
  2018          91             22279.05        11917.30        34196.35
  2018          92             18715.84         9288.66        28004.50
  2018          93             14897.73         6961.26        21858.99
  2018          94             11753.74         5062.48        16816.22
  2018          95              8906.43         3550.29        12456.72
  2018          96              6740.45         2343.64         9084.09
  2018          97              4826.76         1683.24         6510.00
  2018          98              2742.14          851.16         3593.30
  2018          99              1877.72          482.18         2359.90
  2018         100              1320.09          305.81         1625.90
  2018         101               797.87          177.13          975.00
  2018         102               460.89           89.66          550.55
  2018         103               252.04           48.44          300.48
  2018         104               134.15           22.99          157.14
  2018         105                68.10           10.62           78.72
  2018         106                32.49            4.32           36.81
  2018         107                15.05            1.67           16.72
  2018         108                 6.47            0.64            7.11
  2018         109                 2.57            0.00            2.57
  2018         110+                0.79            0.00            0.79
  2019           0            146708.04       155801.89       302509.93
  2019           1            148246.59       157058.22       305304.81
  2019           2            152854.08       161869.13       314723.21
  2019           3            154844.42       163808.70       318653.12
  2019           4            154559.70       163344.46       317904.16
  2019           5            156474.13       165352.19       321826.32
  2019           6            157077.15       166004.73       323081.88
  2019           7            156674.99       165156.43       321831.42
  2019           8            156931.39       165358.97       322290.36
  2019           9            156550.91       165207.95       321758.86
  2019          10            155574.21       164447.71       320021.92
  2019          11            154679.43       163753.73       318433.16
  2019          12            150857.86       160031.02       310888.88
  2019          13            145019.98       154091.55       299111.53
  2019          14            140941.93       150251.32       291193.25
  2019          15            139669.55       147868.62       287538.17
  2019          16            139798.63       147215.70       287014.33
  2019          17            141797.15       149673.84       291470.99
  2019          18            148357.45       157128.91       305486.36
  2019          19            154948.04       165344.17       320292.21
  2019          20            158391.65       168468.87       326860.52
  2019          21            162092.08       170555.44       332647.52
  2019          22            167675.98       176166.32       343842.30
  2019          23            176634.35       185558.80       362193.15
  2019          24            181514.41       189856.10       371370.51
  2019          25            182522.04       188557.58       371079.62
  2019          26            184646.81       187487.03       372133.84
  2019          27            188245.49       188513.41       376758.90
  2019          28            191633.36       190569.59       382202.95
  2019          29            191514.37       189347.12       380861.49
  2019          30            190293.00       187059.34       377352.34
  2019          31            189416.84       185651.77       375068.61
  2019          32            189107.26       185942.36       375049.62
  2019          33            188859.38       185721.70       374581.08
  2019          34            187611.88       184607.61       372219.49
  2019          35            185883.52       183873.88       369757.40
  2019          36            182276.74       181078.98       363355.72
  2019          37            177226.22       175854.75       353080.97
  2019          38            171646.27       169399.19       341045.46
  2019          39            165887.21       162983.12       328870.33
  2019          40            162308.65       159127.63       321436.28
  2019          41            159899.40       156998.33       316897.73
  2019          42            159436.59       157351.68       316788.27
  2019          43            160068.46       158494.06       318562.52
  2019          44            162795.23       160781.45       323576.68
  2019          45            166637.27       163692.61       330329.88
  2019          46            171981.24       167627.73       339608.97
  2019          47            176682.14       170641.36       347323.50
  2019          48            172079.44       166114.95       338194.39
  2019          49            165065.14       159257.68       324322.82
  2019          50            160994.33       155162.82       316157.15
  2019          51            155694.87       150585.58       306280.45
  2019          52            153580.71       148988.61       302569.32
  2019          53            153660.59       149144.94       302805.53
  2019          54            156642.42       151956.24       308598.66
  2019          55            159737.47       154849.54       314587.01
  2019          56            159898.81       155055.28       314954.09
  2019          57            158890.39       153398.25       312288.64
  2019          58            156004.20       149408.80       305413.00
  2019          59            151608.88       144658.34       296267.22
  2019          60            148543.08       141211.36       289754.44
  2019          61            145170.61       137451.38       282621.99
  2019          62            141520.25       134559.01       276079.26
  2019          63            137824.39       130451.16       268275.55
  2019          64            134205.21       125742.58       259947.79
  2019          65            131323.55       123389.10       254712.65
  2019          66            128035.88       121172.57       249208.45
  2019          67            125204.06       118742.97       243947.03
  2019          68            122865.38       116647.96       239513.34
  2019          69            119300.13       113606.16       232906.29
  2019          70            116791.16       112073.18       228864.34
  2019          71            117550.16       113392.78       230942.94
  2019          72            108802.70       104808.84       213611.54
  2019          73             96305.75        92115.24       188420.99
  2019          74             91138.16        86240.83       177378.99
  2019          75             83797.32        78551.75       162349.07
  2019          76             78154.90        72731.88       150886.78
  2019          77             74187.01        68363.94       142550.95
  2019          78             69692.64        62927.80       132620.44
  2019          79             66308.14        58461.75       124769.89
  2019          80             62470.06        53652.41       116122.47
  2019          81             58484.10        49306.67       107790.77
  2019          82             54486.05        44828.30        99314.35
  2019          83             50034.07        39752.11        89786.18
  2019          84             45755.35        35432.29        81187.64
  2019          85             42375.64        31698.87        74074.51
  2019          86             39306.39        28303.09        67609.48
  2019          87             36787.02        25441.00        62228.02
  2019          88             34495.92        23154.82        57650.74
  2019          89             29662.76        18773.12        48435.88
  2019          90             26605.75        16331.02        42936.77
  2019          91             22537.06        12714.03        35251.09
  2019          92             19175.05         9860.30        29035.35
  2019          93             15800.84         7487.66        23288.50
  2019          94             12239.73         5477.26        17716.99
  2019          95              9427.74         3881.48        13309.22
  2019          96              6937.43         2654.29         9591.72
  2019          97              5092.45         1677.64         6770.09
  2019          98              3549.76         1172.24         4722.00
  2019          99              1974.14          563.16         2537.30
  2019         100              1319.72          312.18         1631.90
  2019         101               855.66          178.89         1034.55
  2019         102               498.91          100.59          599.50
  2019         103               276.26           48.50          324.76
  2019         104               144.85           24.84          169.69
  2019         105                73.79           11.06           84.85
  2019         106                35.74            4.55           40.29
  2019         107                16.14            1.52           17.66
  2019         108                 6.83            0.32            7.15
  2019         109                 2.60            0.00            2.60
  2019         110+                0.74            0.00            0.74
  2020           0            145411.36       154115.38       299526.74
  2020           1            146820.15       155816.52       302636.67
  2020           2            148993.59       157803.85       306797.44
  2020           3            153524.99       162515.96       316040.95
  2020           4            155488.86       164607.87       320096.73
  2020           5            155629.94       164684.78       320314.72
  2020           6            157507.97       166603.81       324111.78
  2020           7            158076.05       167110.62       325186.67
  2020           8            157768.92       166306.76       324075.68
  2020           9            158003.67       166570.35       324574.02
  2020          10            157748.07       166606.00       324354.07
  2020          11            156765.30       165920.62       322685.92
  2020          12            155774.66       165158.80       320933.46
  2020          13            151754.89       161259.82       313014.71
  2020          14            146001.03       155299.58       301300.61
  2020          15            141984.92       151436.69       293421.61
  2020          16            140851.02       149098.21       289949.23
  2020          17            141028.97       148507.98       289536.95
  2020          18            145406.40       154362.07       299768.47
  2020          19            153584.99       164659.44       318244.43
  2020          20            158099.02       169353.05       327452.07
  2020          21            160707.13       170778.53       331485.66
  2020          22            165709.52       174961.91       340671.43
  2020          23            173298.81       182381.72       355680.53
  2020          24            179632.39       189002.73       368635.12
  2020          25            183056.98       190694.63       373751.61
  2020          26            185019.33       189131.56       374150.89
  2020          27            187567.96       188431.91       375999.87
  2020          28            191218.36       189864.24       381082.60
  2020          29            194301.70       192158.70       386460.40
  2020          30            193716.11       190839.70       384555.81
  2020          31            192226.31       188362.51       380588.82
  2020          32            190894.38       187067.87       377962.25
  2020          33            190671.60       187541.37       378212.97
  2020          34            190528.14       187473.92       378002.06
  2020          35            189150.32       186171.99       375322.31
  2020          36            187387.44       185427.95       372815.39
  2020          37            183891.02       182509.91       366400.93
  2020          38            178816.27       176992.30       355808.57
  2020          39            173042.47       170150.66       343193.13
  2020          40            167304.91       163539.60       330844.51
  2020          41            163753.18       159698.25       323451.43
  2020          42            161087.92       157309.40       318397.32
  2020          43            160332.14       157766.99       318099.13
  2020          44            160801.81       158904.52       319706.33
  2020          45            163495.36       161171.18       324666.54
  2020          46            167114.16       163968.12       331082.28
  2020          47            172467.34       168080.73       340548.07
  2020          48            177028.70       171178.54       348207.24
  2020          49            172270.74       166534.86       338805.60
  2020          50            165208.42       159670.29       324878.71
  2020          51            161059.62       155489.13       316548.75
  2020          52            155752.51       150836.96       306589.47
  2020          53            153760.68       149230.23       302990.91
  2020          54            154149.95       149425.32       303575.27
  2020          55            157388.30       152204.30       309592.60
  2020          56            160558.17       155093.10       315651.27
  2020          57            160810.32       155127.45       315937.77
  2020          58            159643.32       153396.59       313039.91
  2020          59            156804.24       149273.98       306078.22
  2020          60            152534.64       144582.34       297116.98
  2020          61            149505.01       141198.89       290703.90
  2020          62            145953.61       137340.26       283293.87
  2020          63            142319.53       134335.35       276654.88
  2020          64            138568.59       130243.32       268811.91
  2020          65            134814.55       125648.83       260463.38
  2020          66            131721.93       123050.40       254772.33
  2020          67            128338.57       120740.34       249078.91
  2020          68            125334.42       118140.31       243474.73
  2020          69            123024.51       115889.61       238914.12
  2020          70            119380.46       112737.10       232117.56
  2020          71            116645.27       111034.75       227680.02
  2020          72            117116.35       111990.37       229106.72
  2020          73            108075.96       103188.31       211264.27
  2020          74             95286.94        90495.60       185782.54
  2020          75             89946.32        84434.72       174381.04
  2020          76             82445.12        76616.28       159061.40
  2020          77             76700.24        70711.01       147411.25
  2020          78             72517.99        66258.97       138776.96
  2020          79             68008.35        60678.48       128686.83
  2020          80             64559.63        56163.21       120722.84
  2020          81             60607.83        51310.28       111918.11
  2020          82             56398.68        46815.04       103213.72
  2020          83             52210.82        42207.08        94417.90
  2020          84             47577.10        37204.73        84781.83
  2020          85             43257.56        32758.83        76016.39
  2020          86             39670.61        28928.02        68598.63
  2020          87             36441.08        25566.01        62007.09
  2020          88             33683.18        22714.75        56397.93
  2020          89             31324.92        20297.72        51622.64
  2020          90             26431.76        16243.03        42674.79
  2020          91             23355.75        13864.93        37220.68
  2020          92             19263.06        10496.96        29760.02
  2020          93             16099.05         7976.24        24075.29
  2020          94             12950.84         5908.61        18859.45
  2020          95              9782.73         4185.22        13967.95
  2020          96              7304.74         2867.45        10172.19
  2020          97              5266.43         1871.27         7137.70
  2020          98              3698.45         1163.62         4862.07
  2020          99              2511.76          779.23         3290.99
  2020         100              1382.14          365.15         1747.29
  2020         101               832.12          197.01         1029.13
  2020         102               523.47          107.02          630.49
  2020         103               297.67           59.54          357.21
  2020         104               159.71           27.59          187.30
  2020         105                81.52           13.46           94.98
  2020         106                40.46            5.59           46.05
  2020         107                19.02            1.90           20.92
  2020         108                 8.23            0.34            8.57
  2020         109                 3.09            0.00            3.09
  2020         110+                0.95            0.00            0.95
  2021           0            144912.92       152855.61       297768.53
  2021           1            144958.61       153562.57       298521.18
  2021           2            146874.96       155847.02       302721.98
  2021           3            149240.74       158033.64       307274.38
  2021           4            153742.54       162751.13       316493.67
  2021           5            155559.93       164874.77       320434.70
  2021           6            155946.76       165273.27       321220.03
  2021           7            157820.43       167185.63       325006.06
  2021           8            158590.92       167723.91       326314.83
  2021           9            158340.04       166996.11       325336.15
  2021          10            158674.71       167348.74       326023.45
  2021          11            158496.87       167561.87       326058.74
  2021          12            157543.48       166929.31       324472.79
  2021          13            156394.87       166112.77       322507.64
  2021          14            152363.30       162173.88       314537.18
  2021          15            146568.66       156107.64       302676.30
  2021          16            142573.10       152132.22       294705.32
  2021          17            141255.90       149583.30       290839.20
  2021          18            141924.92       149848.73       291773.65
  2021          19            146675.35       156507.31       303182.66
  2021          20            153074.92       164380.83       317455.75
  2021          21            156956.12       167790.50       324746.62
  2021          22            159970.92       170036.23       330007.15
  2021          23            165532.57       174657.46       340190.03
  2021          24            171500.42       180533.34       352033.76
  2021          25            176945.61       185346.27       362291.88
  2021          26            181402.13       187063.63       368465.76
  2021          27            184039.20       186386.42       370425.62
  2021          28            187341.39       186454.79       373796.18
  2021          29            191301.87       188458.12       379759.99
  2021          30            194149.17       191122.90       385272.07
  2021          31            193395.86       190045.39       383441.25
  2021          32            191881.33       187853.64       379734.97
  2021          33            190956.25       186908.48       377864.73
  2021          34            190911.13       187896.75       378807.88
  2021          35            190876.98       188004.12       378881.10
  2021          36            189611.88       186831.11       376442.99
  2021          37            187907.21       186086.22       373993.43
  2021          38            184668.32       183181.58       367849.90
  2021          39            179643.44       177386.95       357030.39
  2021          40            173883.05       170304.88       344187.93
  2021          41            168188.33       163707.74       331896.07
  2021          42            164675.51       159714.78       324390.29
  2021          43            161763.62       157318.78       319082.40
  2021          44            160797.59       157754.07       318551.66
  2021          45            161261.25       159120.92       320382.17
  2021          46            163838.40       161184.52       325022.92
  2021          47            167291.06       164022.88       331313.94
  2021          48            172587.97       168376.09       340964.06
  2021          49            177094.92       171592.11       348687.03
  2021          50            172179.57       166839.89       339019.46
  2021          51            165072.05       159981.41       325053.46
  2021          52            160782.27       155728.17       316510.44
  2021          53            155482.91       151013.85       306496.76
  2021          54            153652.97       149308.20       302961.17
  2021          55            154253.40       149540.22       303793.62
  2021          56            157663.22       152418.54       310081.76
  2021          57            160743.83       155063.66       315807.49
  2021          58            160914.69       155030.89       315945.58
  2021          59            159857.58       153184.82       313042.40
  2021          60            156990.02       148978.23       305968.25
  2021          61            152712.94       144271.44       296984.38
  2021          62            149637.80       140835.00       290472.80
  2021          63            146045.67       136811.01       282856.68
  2021          64            142289.59       133623.62       275913.21
  2021          65            138413.62       129606.22       268019.84
  2021          66            134726.29       124943.12       259669.41
  2021          67            131422.40       122278.44       253700.84
  2021          68            128089.20       119866.36       247955.56
  2021          69            125014.43       117067.15       242081.58
  2021          70            122679.27       114749.52       237428.79
  2021          71            118979.84       111474.77       230454.61
  2021          72            116135.01       109542.48       225677.49
  2021          73            116372.99       110276.17       226649.16
  2021          74            107091.58       101523.12       208614.70
  2021          75             94089.78        88580.86       182670.64
  2021          76             88572.86        82466.95       171039.81
  2021          77             80994.36        74547.28       155541.64
  2021          78             75051.95        68576.75       143628.70
  2021          79             70686.09        63883.78       134569.87
  2021          80             66052.67        58315.01       124367.68
  2021          81             62590.50        53775.98       116366.48
  2021          82             58534.36        48839.08       107373.44
  2021          83             54138.04        44257.29        98395.33
  2021          84             49748.25        39602.99        89351.24
  2021          85             45004.29        34525.15        79529.44
  2021          86             40568.73        29992.73        70561.46
  2021          87             36740.39        26162.89        62903.28
  2021          88             33377.27        22890.18        56267.45
  2021          89             30454.04        19962.38        50416.42
  2021          90             28125.80        17617.62        45743.42
  2021          91             23321.64        13857.95        37179.59
  2021          92             20160.62        11592.85        31753.47
  2021          93             16488.95         8589.89        25078.84
  2021          94             13364.94         6356.18        19721.12
  2021          95             10453.74         4627.56        15081.30
  2021          96              7743.65         3181.18        10924.83
  2021          97              5640.67         2072.42         7713.09
  2021          98              3909.38         1324.25         5233.63
  2021          99              2750.42          790.61         3541.03
  2021         100              1786.74          507.22         2293.96
  2021         101               917.46          229.63         1147.09
  2021         102               523.86          118.31          642.17
  2021         103               318.67           60.14          378.81
  2021         104               176.20           34.03          210.23
  2021         105                90.54           15.21          105.75
  2021         106                44.45            7.06           51.51
  2021         107                21.12            2.65           23.77
  2021         108                 9.39            0.54            9.93
  2021         109                 3.69            0.00            3.69
  2021         110+                0.96            0.00            0.96