  2015           0      0.00313  0.00313  0.14  100000     313   99732  8260359  82.60
  2015           1      0.00024  0.00024  0.50   99687      24   99675  8160627  81.86
  2015           2      0.00018  0.00018  0.50   99664      17   99655  8060951  80.88
  2015           3      0.00010  0.00010  0.50   99646      10   99641  7961297  79.90
  2015           4      0.00013  0.00013  0.50   99636      13   99630  7861655  78.90
  2015           5      0.00008  0.00008  0.50   99624       8   99619  7762025  77.91
  2015           6      0.00009  0.00009  0.50   99615       9   99611  7662406  76.92
  2015           7      0.00007  0.00007  0.50   99606       7   99603  7562795  75.93
  2015           8      0.00007  0.00007  0.50   99599       6   99596  7463193  74.93
  2015           9      0.00008  0.00008  0.50   99592       8   99588  7363597  73.94
  2015          10      0.00009  0.00009  0.50   99584       9   99580  7264009  72.94
  2015          11      0.00008  0.00008  0.50   99575       8   99571  7164429  71.95
  2015          12      0.00008  0.00008  0.50   99567       8   99563  7064858  70.96
  2015          13      0.00015  0.00015  0.50   99559      15   99551  6965295  69.96
  2015          14      0.00011  0.00011  0.50   99544      11   99539  6865744  68.97
  2015          15      0.00025  0.00025  0.50   99534      25   99521  6766205  67.98
  2015          16      0.00025  0.00025  0.50   99509      25   99496  6666684  67.00
  2015          17      0.00030  0.00030  0.50   99484      30   99469  6567187  66.01
  2015          18      0.00039  0.00039  0.50   99454      39   99434  6467719  65.03
  2015          19      0.00040  0.00040  0.50   99415      40   99395  6368285  64.06
  2015          20      0.00041  0.00041  0.50   99375      41   99354  6268890  63.08
  2015          21      0.00033  0.00033  0.50   99334      33   99317  6169536  62.11
  2015          22      0.00039  0.00039  0.50   99301      39   99282  6070219  61.13
  2015          23      0.00047  0.00047  0.50   99262      47   99239  5970937  60.15
  2015          24      0.00040  0.00040  0.50   99216      39   99196  5871698  59.18
  2015          25      0.00041  0.00041  0.50   99176      40   99156  5772502  58.20
  2015          26      0.00054  0.00054  0.50   99136      54   99109  5673346  57.23
  2015          27      0.00047  0.00047  0.50   99082      46   99059  5574237  56.26
  2015          28      0.00046  0.00046  0.50   99035      46   99012  5475179  55.29
  2015          29      0.00053  0.00053  0.50   98989      53   98963  5376166  54.31
  2015          30      0.00051  0.00051  0.50   98937      50   98912  5277203  53.34
  2015          31      0.00062  0.00062  0.50   98887      61   98856  5178291  52.37
  2015          32      0.00063  0.00063  0.50   98825      62   98794  5079435  51.40
  2015          33      0.00063  0.00063  0.50   98763      62   98732  4980641  50.43
  2015          34      0.00069  0.00069  0.50   98701      68   98667  4881909  49.46
  2015          35      0.00083  0.00083  0.50   98633      82   98592  4783243  48.50
  2015          36      0.00086  0.00086  0.50   98551      85   98509  4684651  47.54
  2015          37      0.00083  0.00083  0.50   98466      81   98426  4586142  46.58
  2015          38      0.00094  0.00094  0.50   98385      92   98339  4487716  45.61
  2015          39      0.00097  0.00097  0.50   98293      96   98245  4389377  44.66
  2015          40      0.00105  0.00105  0.50   98197     103   98145  4291132  43.70
  2015          41      0.00116  0.00116  0.50   98094     113   98037  4192987  42.74
  2015          42      0.00131  0.00131  0.50   97980     128   97916  4094950  41.79
  2015          43      0.00145  0.00145  0.50   97852     142   97781  3997034  40.85
  2015          44      0.00147  0.00147  0.50   97710     143   97639  3899252  39.91
  2015          45      0.00151  0.00151  0.50   97567     147   97494  3801613  38.96
  2015          46      0.00154  0.00154  0.50   97420     150   97345  3704120  38.02
  2015          47      0.00189  0.00189  0.50   97270     184   97178  3606775  37.08
  2015          48      0.00215  0.00215  0.50   97086     209   96982  3509596  36.15
  2015          49      0.00218  0.00218  0.50   96877     211   96772  3412615  35.23
  2015          50      0.00240  0.00240  0.50   96667     232   96551  3315843  34.30
  2015          51      0.00258  0.00257  0.50   96435     248   96311  3219292  33.38
  2015          52      0.00263  0.00263  0.50   96187     253   96060  3122981  32.47
  2015          53      0.00304  0.00303  0.50   95934     291   95788  3026921  31.55
  2015          54      0.00328  0.00327  0.50   95643     313   95486  2931133  30.65
  2015          55      0.00356  0.00355  0.50   95330     339   95160  2835647  29.75
  2015          56      0.00379  0.00379  0.50   94991     360   94811  2740487  28.85
  2015          57      0.00410  0.00409  0.50   94631     387   94438  2645676  27.96
  2015          58      0.00453  0.00452  0.50   94244     426   94031  2551238  27.07
  2015          59      0.00464  0.00463  0.50   93818     435   93601  2457207  26.19
  2015          60      0.00552  0.00550  0.50   93384     514   93127  2363606  25.31
  2015          61      0.00539  0.00537  0.50   92870     499   92620  2270479  24.45
  2015          62      0.00616  0.00614  0.50   92371     567   92087  2177858  23.58
  2015          63      0.00649  0.00647  0.50   91804     594   91507  2085771  22.72
  2015          64      0.00726  0.00724  0.50   91210     660   90880  1994264  21.86
  2015          65      0.00746  0.00743  0.50   90550     673   90213  1903384  21.02
  2015          66      0.00861  0.00857  0.50   89877     770   89492  1813171  20.17
  2015          67      0.00934  0.00929  0.50   89107     828   88693  1723679  19.34
  2015          68      0.01095  0.01089  0.50   88279     961   87798  1634987  18.52
  2015          69      0.01094  0.01088  0.50   87317     950   86842  1547189  17.72
  2015          70      0.01247  0.01239  0.50   86368    1070   85832  1460346  16.91
  2015          71      0.01439  0.01429  0.50   85297    1219   84688  1374514  16.11
  2015          72      0.01539  0.01528  0.50   84079    1284   83437  1289825  15.34
  2015          73      0.01735  0.01720  0.50   82795    1424   82083  1206389  14.57
  2015          74      0.01955  0.01936  0.50   81371    1575   80583  1124306  13.82
  2015          75      0.02193  0.02169  0.50   79796    1731   78930  1043723  13.08
  2015          76      0.02508  0.02476  0.50   78065    1933   77098   964793  12.36
  2015          77      0.02765  0.02727  0.50   76131    2076   75093   887695  11.66
  2015          78      0.03086  0.03039  0.50   74055    2250   72930   812602  10.97
  2015          79      0.03453  0.03394  0.50   71805    2437   70586   739671  10.30
  2015          80      0.03900  0.03826  0.50   69368    2654   68041   669085   9.65
  2015          81      0.04527  0.04427  0.50   66714    2953   65237   601044   9.01
  2015          82      0.05222  0.05089  0.50   63761    3245   62138   535806   8.40
  2015          83      0.05785  0.05622  0.50   60516    3402   58815   473668   7.83
  2015          84      0.06648  0.06434  0.50   57114    3675   55276   414853   7.26
  2015          85      0.07884  0.07585  0.50   53439    4053   51412   359577   6.73
  2015          86      0.08889  0.08510  0.50   49386    4203   47284   308165   6.24
  2015          87      0.10150  0.09660  0.50   45183    4365   43001   260881   5.77
  2015          88      0.11221  0.10625  0.50   40818    4337   38650   217880   5.34
  2015          89      0.12757  0.11992  0.50   36481    4375   34294   179230   4.91
  2015          90      0.15041  0.13989  0.50   32107    4491   29861   144936   4.51
  2015          91      0.16539  0.15276  0.50   27615    4218   25506   115075   4.17
  2015          92      0.19004  0.17355  0.50   23397    4060   21366    89570   3.83
  2015          93      0.21375  0.19311  0.50   19336    3734   17469    68203   3.53
  2015          94      0.24038  0.21459  0.50   15602    3348   13928    50734   3.25
  2015          95      0.26673  0.23534  0.50   12254    2884   10812    36806   3.00
  2015          96      0.29673  0.25839  0.50    9370    2421    8160    25994   2.77
  2015          97      0.32871  0.28231  0.50    6949    1962    5968    17835   2.57
  2015          98      0.36248  0.30686  0.50    4987    1530    4222    11867   2.38
  2015          99      0.39779  0.33180  0.50    3457    1147    2883     7645   2.21
  2015         100      0.43434  0.35684  0.50    2310     824    1898     4761   2.06
  2015         101      0.47175  0.38171  0.50    1486     567    1202     2864   1.93
  2015         102      0.50961  0.40613  0.50     919     373     732     1661   1.81
  2015         103      0.54750  0.42983  0.50     545     234     428      929   1.70
  2015         104      0.58496  0.45259  0.50     311     141     241      501   1.61
  2015         105      0.62157  0.47420  0.50     170      81     130      261   1.53
  2015         106      0.65694  0.49451  0.50      90      44      67      131   1.46
  2015         107      0.69074  0.51342  0.50      45      23      34       63   1.40
  2015         108      0.72268  0.53086  0.50      22      12      16       30   1.35
  2015         109      0.75257  0.54681  0.50      10       6       8       14   1.31
  2015         110+     0.78026  1.00000  1.28       5       5       6        6   1.28