2015-2019        0      0.00319  0.00318  0.14  100000     318   99727  8293199  82.93
2015-2019        1      0.00024  0.00024  0.50   99682      24   99670  8193472  82.20
2015-2019        2      0.00015  0.00015  0.50   99658      15   99651  8093801  81.22
2015-2019        3      0.00011  0.00011  0.50   99643      11   99638  7994151  80.23
2015-2019        4      0.00009  0.00009  0.50   99632       9   99628  7894513  79.24
2015-2019        5      0.00007  0.00007  0.50   99623       7   99620  7794885  78.24
2015-2019        6      0.00007  0.00007  0.50   99616       7   99612  7695266  77.25
2015-2019        7      0.00007  0.00007  0.50   99609       7   99605  7595653  76.25
2015-2019        8      0.00006  0.00006  0.50   99602       6   99599  7496048  75.26
2015-2019        9      0.00008  0.00008  0.50   99595       8   99592  7396450  74.27
2015-2019       10      0.00006  0.00006  0.50   99588       6   99585  7296858  73.27
2015-2019       11      0.00006  0.00006  0.50   99581       6   99579  7197274  72.28
2015-2019       12      0.00009  0.00009  0.50   99576       9   99571  7097695  71.28
2015-2019       13      0.00012  0.00012  0.50   99567      12   99561  6998123  70.29
2015-2019       14      0.00013  0.00013  0.50   99554      12   99548  6898563  69.29
2015-2019       15      0.00018  0.00018  0.50   99542      18   99533  6799015  68.30
2015-2019       16      0.00022  0.00022  0.50   99524      22   99513  6699482  67.32
2015-2019       17      0.00032  0.00032  0.50   99502      32   99486  6599969  66.33
2015-2019       18      0.00038  0.00038  0.50   99470      38   99451  6500483  65.35
2015-2019       19      0.00041  0.00041  0.50   99432      41   99412  6401032  64.38
2015-2019       20      0.00042  0.00042  0.50   99391      42   99370  6301620  63.40
2015-2019       21      0.00038  0.00038  0.50   99349      38   99330  6202250  62.43
2015-2019       22      0.00042  0.00042  0.50   99311      42   99290  6102920  61.45
2015-2019       23      0.00044  0.00044  0.50   99270      44   99248  6003630  60.48
2015-2019       24      0.00044  0.00044  0.50   99226      43   99204  5904382  59.50
2015-2019       25      0.00044  0.00044  0.50   99183      44   99161  5805178  58.53
2015-2019       26      0.00047  0.00047  0.50   99139      47   99115  5706017  57.56
2015-2019       27      0.00047  0.00046  0.50   99092      46   99069  5606902  56.58
2015-2019       28      0.00047  0.00047  0.50   99046      47   99023  5507833  55.61
2015-2019       29      0.00050  0.00050  0.50   98999      50   98974  5408810  54.63
2015-2019       30      0.00055  0.00055  0.50   98950      55   98922  5309836  53.66
2015-2019       31      0.00054  0.00054  0.50   98895      53   98868  5210913  52.69
2015-2019       32      0.00061  0.00061  0.50   98842      60   98812  5112045  51.72
2015-2019       33      0.00062  0.00062  0.50   98782      61   98751  5013233  50.75
2015-2019       34      0.00070  0.00070  0.50   98720      69   98686  4914482  49.78
2015-2019       35      0.00076  0.00076  0.50   98651      75   98614  4815796  48.82
2015-2019       36      0.00082  0.00082  0.50   98577      81   98536  4717182  47.85
2015-2019       37      0.00084  0.00084  0.50   98496      83   98455  4618646  46.89
2015-2019       38      0.00090  0.00090  0.50   98413      88   98369  4520191  45.93
2015-2019       39      0.00099  0.00099  0.50   98325      97   98277  4421822  44.97
2015-2019       40      0.00105  0.00105  0.50   98228     103   98177  4323545  44.02
2015-2019       41      0.00113  0.00112  0.50   98125     110   98070  4225368  43.06
2015-2019       42      0.00123  0.00123  0.50   98015     120   97955  4127298  42.11
2015-2019       43      0.00131  0.00131  0.50   97895     128   97831  4029343  41.16
2015-2019       44      0.00145  0.00145  0.50   97766     142   97696  3931513  40.21
2015-2019       45      0.00156  0.00156  0.50   97625     152   97549  3833817  39.27
2015-2019       46      0.00164  0.00164  0.50   97473     159   97393  3736268  38.33
2015-2019       47      0.00179  0.00179  0.50   97313     174   97226  3638875  37.39
2015-2019       48      0.00198  0.00198  0.50   97139     192   97043  3541649  36.46
2015-2019       49      0.00212  0.00212  0.50   96947     205   96845  3444605  35.53
2015-2019       50      0.00221  0.00221  0.50   96742     214   96635  3347760  34.60
2015-2019       51      0.00247  0.00247  0.50   96528     238   96409  3251125  33.68
2015-2019       52      0.00261  0.00261  0.50   96290     251   96165  3154716  32.76
2015-2019       53      0.00286  0.00285  0.50   96039     274   95902  3058551  31.85
2015-2019       54      0.00319  0.00319  0.50   95765     305   95613  2962649  30.94
2015-2019       55      0.00341  0.00340  0.50   95460     325   95297  2867037  30.03
2015-2019       56      0.00368  0.00367  0.50   95135     349   94960  2771739  29.13
2015-2019       57      0.00393  0.00392  0.50   94786     372   94600  2676779  28.24
2015-2019       58      0.00438  0.00437  0.50   94414     413   94207  2582179  27.35
2015-2019       59      0.00469  0.00468  0.50   94001     440   93781  2487972  26.47
2015-2019       60      0.00519  0.00518  0.50   93561     484   93319  2394191  25.59
2015-2019       61      0.00552  0.00551  0.50   93077     513   92821  2300872  24.72
2015-2019       62      0.00607  0.00605  0.50   92565     560   92285  2208051  23.85
2015-2019       63      0.00652  0.00650  0.50   92004     598   91705  2115766  23.00
2015-2019       64      0.00703  0.00700  0.50   91407     640   91087  2024061  22.14
2015-2019       65      0.00752  0.00749  0.50   90767     680   90427  1932974  21.30
2015-2019       66      0.00838  0.00835  0.50   90087     752   89710  1842548  20.45
2015-2019       67      0.00906  0.00902  0.50   89334     805   88932  1752837  19.62
2015-2019       68      0.01015  0.01010  0.50   88529     894   88082  1663905  18.80
2015-2019       69      0.01099  0.01093  0.50   87635     958   87156  1575823  17.98
2015-2019       70      0.01222  0.01215  0.50   86677    1053   86151  1488667  17.17
2015-2019       71      0.01364  0.01355  0.50   85624    1160   85044  1402516  16.38
2015-2019       72      0.01500  0.01489  0.50   84464    1257   83835  1317472  15.60
2015-2019       73      0.01709  0.01694  0.50   83207    1410   82502  1233637  14.83
2015-2019       74      0.01879  0.01861  0.50   81797    1523   81036  1151135  14.07
2015-2019       75      0.02105  0.02084  0.50   80274    1673   79438  1070099  13.33
2015-2019       76      0.02370  0.02343  0.50   78602    1841   77681   990661  12.60
2015-2019       77      0.02626  0.02592  0.50   76761    1989   75766   912980  11.89
2015-2019       78      0.03002  0.02957  0.50   74771    2211   73666   837214  11.20
2015-2019       79      0.03339  0.03284  0.50   72560    2383   71369   763548  10.52
2015-2019       80      0.03812  0.03740  0.50   70177    2625   68865   692179   9.86
2015-2019       81      0.04348  0.04255  0.50   67552    2875   66115   623314   9.23
2015-2019       82      0.04985  0.04863  0.50   64678    3146   63105   557199   8.61
2015-2019       83      0.05509  0.05361  0.50   61532    3299   59883   494094   8.03
2015-2019       84      0.06391  0.06193  0.50   58233    3606   56430   434211   7.46
2015-2019       85      0.07423  0.07157  0.50   54627    3910   52672   377781   6.92
2015-2019       86      0.08362  0.08027  0.50   50717    4071   48682   325109   6.41
2015-2019       87      0.09600  0.09161  0.50   46646    4273   44510   276428   5.93
2015-2019       88      0.10774  0.10223  0.50   42373    4332   40207   231918   5.47
2015-2019       89      0.12419  0.11693  0.50   38041    4448   35817   191711   5.04
2015-2019       90      0.14190  0.13250  0.50   33593    4451   31367   155894   4.64
2015-2019       91      0.16109  0.14908  0.50   29142    4344   26970   124526   4.27
2015-2019       92      0.18314  0.16778  0.50   24798    4161   22717    97557   3.93
2015-2019       93      0.20547  0.18633  0.50   20637    3845   18714    74839   3.63
2015-2019       94      0.23227  0.20811  0.50   16792    3494   15045    56125   3.34
2015-2019       95      0.25678  0.22756  0.50   13297    3026   11784    41081   3.09
2015-2019       96      0.28602  0.25023  0.50   10271    2570    8986    29296   2.85
2015-2019       97      0.31728  0.27384  0.50    7701    2109    6647    20310   2.64
2015-2019       98      0.35040  0.29816  0.50    5592    1667    4759    13663   2.44
2015-2019       99      0.38517  0.32297  0.50    3925    1268    3291     8905   2.27
2015-2019      100      0.42129  0.34799  0.50    2657     925    2195     5614   2.11
2015-2019      101      0.45841  0.37293  0.50    1733     646    1409     3419   1.97
2015-2019      102      0.49614  0.39753  0.50    1086     432     870     2009   1.85
2015-2019      103      0.53406  0.42150  0.50     655     276     517     1139   1.74
2015-2019      104      0.57171  0.44461  0.50     379     168     294      622   1.64
2015-2019      105      0.60867  0.46665  0.50     210      98     161      328   1.56
2015-2019      106      0.64453  0.48744  0.50     112      55      85      166   1.48
2015-2019      107      0.67893  0.50686  0.50      57      29      43       82   1.42
2015-2019      108      0.71156  0.52484  0.50      28      15      21       39   1.37
2015-2019      109      0.74221  0.54132  0.50      13       7      10       18   1.32
2015-2019      110+     0.77070  1.00000  1.30       6       6       8        8   1.30