  2019           0      0.00324  0.00323  0.14  100000     323   99723  8324537  83.25
  2019           1      0.00023  0.00023  0.50   99677      23   99665  8224814  82.51
  2019           2      0.00014  0.00014  0.50   99653      14   99647  8125149  81.53
  2019           3      0.00013  0.00013  0.50   99640      13   99633  8025502  80.55
  2019           4      0.00005  0.00005  0.50   99627       5   99624  7925869  79.56
  2019           5      0.00009  0.00009  0.50   99622       9   99617  7826245  78.56
  2019           6      0.00009  0.00009  0.50   99613       9   99608  7726627  77.57
  2019           7      0.00007  0.00007  0.50   99604       6   99600  7627019  76.57
  2019           8      0.00006  0.00006  0.50   99597       6   99594  7527419  75.58
  2019           9      0.00006  0.00006  0.50   99591       6   99589  7427824  74.58
  2019          10      0.00007  0.00007  0.50   99586       7   99582  7328236  73.59
  2019          11      0.00005  0.00005  0.50   99578       5   99576  7228654  72.59
  2019          12      0.00011  0.00011  0.50   99573      11   99568  7129078  71.60
  2019          13      0.00010  0.00010  0.50   99562      10   99557  7029511  70.60
  2019          14      0.00010  0.00010  0.50   99552      10   99547  6929954  69.61
  2019          15      0.00015  0.00015  0.50   99542      15   99534  6830407  68.62
  2019          16      0.00020  0.00020  0.50   99527      20   99517  6730873  67.63
  2019          17      0.00035  0.00035  0.50   99507      35   99490  6631356  66.64
  2019          18      0.00041  0.00041  0.50   99472      41   99452  6531866  65.67
  2019          19      0.00043  0.00043  0.50   99431      42   99410  6432414  64.69
  2019          20      0.00045  0.00045  0.50   99389      44   99367  6333004  63.72
  2019          21      0.00042  0.00042  0.50   99345      42   99324  6233637  62.75
  2019          22      0.00041  0.00041  0.50   99303      41   99282  6134314  61.77
  2019          23      0.00047  0.00047  0.50   99262      47   99238  6035031  60.80
  2019          24      0.00051  0.00051  0.50   99215      50   99190  5935793  59.83
  2019          25      0.00044  0.00044  0.50   99165      44   99143  5836603  58.86
  2019          26      0.00053  0.00053  0.50   99121      53   99094  5737460  57.88
  2019          27      0.00047  0.00047  0.50   99068      46   99045  5638366  56.91
  2019          28      0.00046  0.00046  0.50   99022      46   98999  5539321  55.94
  2019          29      0.00048  0.00048  0.50   98976      48   98952  5440323  54.97
  2019          30      0.00053  0.00053  0.50   98928      53   98902  5341371  53.99
  2019          31      0.00049  0.00049  0.50   98876      48   98851  5242469  53.02
  2019          32      0.00053  0.00053  0.50   98827      52   98801  5143617  52.05
  2019          33      0.00062  0.00062  0.50   98775      61   98745  5044816  51.07
  2019          34      0.00069  0.00069  0.50   98714      68   98680  4946071  50.10
  2019          35      0.00071  0.00071  0.50   98646      70   98611  4847391  49.14
  2019          36      0.00084  0.00084  0.50   98576      82   98535  4748780  48.17
  2019          37      0.00079  0.00079  0.50   98494      78   98455  4650245  47.21
  2019          38      0.00079  0.00079  0.50   98416      78   98377  4551790  46.25
  2019          39      0.00099  0.00099  0.50   98338      97   98289  4453413  45.29
  2019          40      0.00110  0.00110  0.50   98240     108   98186  4355124  44.33
  2019          41      0.00108  0.00108  0.50   98132     106   98079  4256938  43.38
  2019          42      0.00114  0.00114  0.50   98027     112   97970  4158859  42.43
  2019          43      0.00130  0.00130  0.50   97914     127   97851  4060888  41.47
  2019          44      0.00136  0.00136  0.50   97787     133   97721  3963037  40.53
  2019          45      0.00153  0.00153  0.50   97655     149   97580  3865316  39.58
  2019          46      0.00165  0.00165  0.50   97506     161   97425  3767736  38.64
  2019          47      0.00170  0.00170  0.50   97345     165   97262  3670311  37.70
  2019          48      0.00188  0.00188  0.50   97179     183   97088  3573049  36.77
  2019          49      0.00215  0.00215  0.50   96997     208   96892  3475961  35.84
  2019          50      0.00216  0.00216  0.50   96788     209   96684  3379069  34.91
  2019          51      0.00238  0.00237  0.50   96579     229   96465  3282385  33.99
  2019          52      0.00256  0.00256  0.50   96350     246   96227  3185920  33.07
  2019          53      0.00263  0.00263  0.50   96104     253   95977  3089694  32.15
  2019          54      0.00311  0.00311  0.50   95851     298   95702  2993716  31.23
  2019          55      0.00321  0.00320  0.50   95553     306   95400  2898014  30.33
  2019          56      0.00351  0.00350  0.50   95247     333   95080  2802614  29.42
  2019          57      0.00384  0.00383  0.50   94914     364   94732  2707534  28.53
  2019          58      0.00440  0.00439  0.50   94550     415   94342  2612802  27.63
  2019          59      0.00472  0.00471  0.50   94135     443   93913  2518459  26.75
  2019          60      0.00490  0.00489  0.50   93692     458   93463  2424546  25.88
  2019          61      0.00557  0.00556  0.50   93234     518   92975  2331084  25.00
  2019          62      0.00592  0.00590  0.50   92716     547   92442  2238109  24.14
  2019          63      0.00672  0.00670  0.50   92169     617   91860  2145667  23.28
  2019          64      0.00718  0.00715  0.50   91551     655   91224  2053807  22.43
  2019          65      0.00751  0.00748  0.50   90897     680   90557  1962583  21.59
  2019          66      0.00824  0.00821  0.50   90216     741   89846  1872026  20.75
  2019          67      0.00883  0.00879  0.50   89476     787   89083  1782180  19.92
  2019          68      0.00957  0.00952  0.50   88689     844   88267  1693098  19.09
  2019          69      0.01051  0.01045  0.50   87845     918   87386  1604831  18.27
  2019          70      0.01176  0.01169  0.50   86927    1016   86418  1517445  17.46
  2019          71      0.01266  0.01259  0.50   85910    1081   85370  1431027  16.66
  2019          72      0.01497  0.01486  0.50   84829    1260   84199  1345657  15.86
  2019          73      0.01598  0.01586  0.50   83569    1325   82906  1261458  15.09
  2019          74      0.01779  0.01763  0.50   82244    1450   81519  1178551  14.33
  2019          75      0.02053  0.02033  0.50   80794    1642   79973  1097032  13.58
  2019          76      0.02297  0.02271  0.50   79152    1797   78253  1017059  12.85
  2019          77      0.02482  0.02451  0.50   77355    1896   76407   938806  12.14
  2019          78      0.02789  0.02750  0.50   75459    2075   74421   862400  11.43
  2019          79      0.03261  0.03209  0.50   73383    2355   72206   787979  10.74
  2019          80      0.03711  0.03644  0.50   71029    2588   69734   715773  10.08
  2019          81      0.04156  0.04072  0.50   68440    2787   67047   646038   9.44
  2019          82      0.04696  0.04588  0.50   65654    3012   64148   578991   8.82
  2019          83      0.05360  0.05220  0.50   62641    3270   61006   514844   8.22
  2019          84      0.06085  0.05906  0.50   59371    3506   57618   453837   7.64
  2019          85      0.07123  0.06878  0.50   55865    3842   53944   396219   7.09
  2019          86      0.08007  0.07698  0.50   52023    4005   50020   342275   6.58
  2019          87      0.09107  0.08710  0.50   48018    4183   45927   292255   6.09
  2019          88      0.10172  0.09680  0.50   43835    4243   41714   246328   5.62
  2019          89      0.11905  0.11236  0.50   39592    4449   37368   204614   5.17
  2019          90      0.13386  0.12546  0.50   35144    4409   32939   167247   4.76
  2019          91      0.15582  0.14456  0.50   30734    4443   28513   134308   4.37
  2019          92      0.17780  0.16329  0.50   26291    4293   24145   105795   4.02
  2019          93      0.19842  0.18051  0.50   21998    3971   20013    81650   3.71
  2019          94      0.22670  0.20362  0.50   18027    3671   16192    61637   3.42
  2019          95      0.24814  0.22075  0.50   14357    3169   12772    45445   3.17
  2019          96      0.27684  0.24318  0.50   11187    2721    9827    32673   2.92
  2019          97      0.30763  0.26662  0.50    8467    2257    7338    22846   2.70
  2019          98      0.34036  0.29086  0.50    6209    1806    5306    15508   2.50
  2019          99      0.37483  0.31567  0.50    4403    1390    3708    10201   2.32
  2019         100      0.41078  0.34078  0.50    3013    1027    2500     6493   2.15
  2019         101      0.44785  0.36591  0.50    1986     727    1623     3993   2.01
  2019         102      0.48566  0.39077  0.50    1260     492    1013     2370   1.88
  2019         103      0.52378  0.41508  0.50     767     319     608     1356   1.77
  2019         104      0.56177  0.43858  0.50     449     197     350      748   1.67
  2019         105      0.59917  0.46105  0.50     252     116     194      398   1.58
  2019         106      0.63556  0.48230  0.50     136      66     103      204   1.50
  2019         107      0.67056  0.50219  0.50      70      35      53      101   1.44
  2019         108      0.70385  0.52063  0.50      35      18      26       48   1.38
  2019         109      0.73517  0.53757  0.50      17       9      12       22   1.34
  2019         110+     0.76435  1.00000  1.31       8       8      10       10   1.31