"year" "population" "expected"
"1" 2015 30357 95.62455
"2" 2015 30013 4.952145
"3" 2015 30383 4.405535
"4" 2015 29909 4.43650166666667
"5" 2015 29816 3.727
"6" 2015 30250 3.42833333333333
"7" 2015 28564 3.23725333333333
"8" 2015 26674 4.09001333333333
"9" 2015 26423 3.96345
"10" 2015 26336 3.33589333333333
"11" 2015 26394 3.69516
"12" 2015 26571 4.029935
"13" 2015 26177 3.83929333333333
"14" 2015 27574 5.05523333333333
"15" 2015 30021 7.0049
"16" 2015 32257 10.5372866666667
"17" 2015 32955 12.797525
"18" 2015 33799 16.6741733333333
"19" 2015 35129 22.48256
"20" 2015 36258 22.90297
"21" 2015 36941 23.27283
"22" 2015 40809 27.546075
"23" 2015 44196 31.15818
"24" 2015 43442 32.0022733333333
"25" 2015 41779 31.6824083333333
"26" 2015 39354 33.71326
"27" 2015 38794 32.9102433333333
"28" 2015 39951 39.15198
"29" 2015 39427 49.4151733333333
"30" 2015 37811 50.7927766666667
"31" 2015 37279 51.1964933333333
"32" 2015 37244 50.9622066666667
"33" 2015 34378 55.4631733333333
"34" 2015 34284 61.88262
"35" 2015 34152 66.3118
"36" 2015 34460 71.2747666666667
"37" 2015 35033 76.02161
"38" 2015 35867 87.9339283333333
"39" 2015 36782 99.12749
"40" 2015 37054 103.133633333333
"41" 2015 37832 112.92852
"42" 2015 38539 122.810946666667
"43" 2015 40484 132.450153333333
"44" 2015 42465 155.28035
"45" 2015 42059 167.535016666667
"46" 2015 41620 180.8389
"47" 2015 41778 193.15362
"48" 2015 41669 199.525061666667
"49" 2015 41932 214.132746666667
"50" 2015 42026 229.67209
"51" 2015 43504 261.45904
"52" 2015 44233 288.325438333333
"53" 2015 45984 312.15472
"54" 2015 47886 354.3564
"55" 2015 47583 389.308245
"56" 2015 46560 404.7616
"57" 2015 45383 418.733813333333
"58" 2015 41859 405.33465
"59" 2015 38311 407.24593
"60" 2015 37622 447.012063333333
"61" 2015 35489 458.044693333333
"62" 2015 33091 460.737023333333
"63" 2015 34254 522.9444
"64" 2015 33706 556.373706666667
"65" 2015 33381 605.364435
"66" 2015 33894 677.37159
"67" 2015 30160 624.7644
"68" 2015 27158 586.522273333333
"69" 2015 25455 583.00435
"70" 2015 27369 669.81066
"71" 2015 23478 612.65841
"72" 2015 26786 740.007893333333
"73" 2015 28812 866.32882
"74" 2015 27658 902.019573333334
"75" 2015 26322 938.64252
"76" 2015 25612 994.727393333333
"77" 2015 25596 1050.88644
"78" 2015 24293 1077.43503833333
"79" 2015 23850 1150.6035
"80" 2015 21561 1146.074955
"81" 2015 19175.41 1152.37822296667
"82" 2015 18385.46 1238.7203675
"83" 2015 17473.07 1302.35527245
"84" 2015 16030.44 1343.5378938
"85" 2015 14225.57 1359.03982995
"86" 2015 12798.07 1379.54662553333
"87" 2015 11314.21 1361.81602963333
"88" 2015 9375.35 1249.23413633333
"89" 2015 7701.5 1123.59750666667
"90" 2015 6185.04 1015.2433908
"91" 2015 4820.46 877.9503798
"92" 2015 3794.12 755.915174666667
"93" 2015 2775.99 624.7735627
"94" 2015 1943.54 480.4722411
"95" 2015 1387.93 369.906477166667
"96" 2015 908.9 263.5400995
"97" 2015 519.97 163.100723133333
"98" 2015 327.8 110.695328333333
"99" 2015 205.37 74.29362435
"100" 2015 120.87 46.6086807
"101" 2015 68.81 28.1435193666667
"102" 2015 35.85 15.476445
"103" 2015 17.41 7.89537696666667
"104" 2015 7.41 3.51400725
"105" 2015 2.75 1.35781708333333
"106" 2015 0.36 0.184314
"107" 2015 0 0
"108" 2015 0 0
"109" 2015 0 0
"110" 2015 0 0
"111" 2015 0 0
"112" 2016 31462 99.1053
"113" 2016 30438 5.02227
"114" 2016 29823 4.324335
"115" 2016 30104 4.46542666666667
"116" 2016 29663 3.707875
"117" 2016 29590 3.35353333333333
"118" 2016 29914 3.39025333333333
"119" 2016 28325 4.34316666666667
"120" 2016 26456 3.9684
"121" 2016 26230 3.32246666666667
"122" 2016 26085 3.6519
"123" 2016 26062 3.95273666666667
"124" 2016 26283 3.85484
"125" 2016 25969 4.76098333333333
"126" 2016 27343 6.38003333333333
"127" 2016 29757 9.72062
"128" 2016 31978 12.4181233333333
"129" 2016 32719 16.1413733333333
"130" 2016 33409 21.38176
"131" 2016 34279 21.6529016666667
"132" 2016 35424 22.31712
"133" 2016 36070 24.34725
"134" 2016 39605 27.921525
"135" 2016 42701 31.4564033333333
"136" 2016 42063 31.897775
"137" 2016 40770 34.9263
"138" 2016 38422 32.5946633333333
"139" 2016 38070 37.3086
"140" 2016 39687 49.74104
"141" 2016 38944 52.3147733333333
"142" 2016 37537 51.5508133333333
"143" 2016 36906 50.49971
"144" 2016 36717 59.23676
"145" 2016 33934 61.25087
"146" 2016 33791 65.6108583333333
"147" 2016 33451 69.1878183333333
"148" 2016 33874 73.50658
"149" 2016 34536 84.67076
"150" 2016 35391 95.378745
"151" 2016 36255 100.90975
"152" 2016 36576 109.17936
"153" 2016 37448 119.334293333333
"154" 2016 38105 124.666858333333
"155" 2016 40009 146.299576666667
"156" 2016 41948 167.092866666667
"157" 2016 41413 179.939485
"158" 2016 41110 190.065233333333
"159" 2016 41324 197.873086666667
"160" 2016 41215 210.471266666667
"161" 2016 41554 227.09261
"162" 2016 41565 249.80565
"163" 2016 43048 280.601213333333
"164" 2016 43752 297.00316
"165" 2016 45481 336.5594
"166" 2016 47348 387.385553333333
"167" 2016 46881 407.55216
"168" 2016 45933 423.80848
"169" 2016 44791 433.726183333333
"170" 2016 41361 439.66743
"171" 2016 37776 448.84184
"172" 2016 37058 478.295253333333
"173" 2016 35006 487.400206666667
"174" 2016 32574 497.2964
"175" 2016 33671 555.795973333333
"176" 2016 33047 599.307345
"177" 2016 32648 652.47028
"178" 2016 33108 685.83222
"179" 2016 29442 635.84906
"180" 2016 26472 606.29704
"181" 2016 24812 607.232346666667
"182" 2016 26620 694.6489
"183" 2016 22816 630.330026666667
"184" 2016 25979 781.145231666667
"185" 2016 27855 908.4444
"186" 2016 26736 953.40576
"187" 2016 25358 984.862456666667
"188" 2016 24596 1009.82977333333
"189" 2016 24438 1083.86603
"190" 2016 23172 1117.89452
"191" 2016 22602 1201.40931
"192" 2016 19682.54 1182.85504553333
"193" 2016 17910.5 1206.7199375
"194" 2016 17059.59 1271.53654065
"195" 2016 16051.43 1345.29710068333
"196" 2016 14557.45 1390.74598575
"197" 2016 12774.27 1376.9811442
"198" 2016 11345.56 1365.58942013333
"199" 2016 9876.07 1315.95340726667
"200" 2016 8032.32 1171.8619392
"201" 2016 6459.03 1060.21747935
"202" 2016 5099.55 928.7810415
"203" 2016 3898.54 776.719119333333
"204" 2016 3002.33 675.714397566667
"205" 2016 2136.67 528.21687405
"206" 2016 1454.09 387.539219833333
"207" 2016 998.49 289.51716795
"208" 2016 623.78 195.663151866667
"209" 2016 347.52 117.354608
"210" 2016 213.04 77.0682852
"211" 2016 129.9 50.090739
"212" 2016 74.37 30.4175779
"213" 2016 41.2 17.78604
"214" 2016 20.87 9.46447543333333
"215" 2016 9.72 4.609467
"216" 2016 3.68 1.81700613333333
"217" 2016 1.19 0.609260166666666
"218" 2016 0 0
"219" 2016 0 0
"220" 2016 0 0
"221" 2016 0 0
"222" 2016 0 0
"223" 2017 30409 95.78835
"224" 2017 31158 5.14107
"225" 2017 30030 4.35435
"226" 2017 29400 4.361
"227" 2017 29674 3.70925
"228" 2017 29298 3.32044
"229" 2017 29258 3.31590666666667
"230" 2017 29534 4.52854666666667
"231" 2017 27966 4.1949
"232" 2017 26198 3.31841333333333
"233" 2017 25935 3.6309
"234" 2017 25742 3.90420333333333
"235" 2017 25766 3.77901333333333
"236" 2017 26027 4.77161666666667
"237" 2017 25727 6.00296666666667
"238" 2017 27075 8.8445
"239" 2017 29472 11.44496
"240" 2017 31719 15.64804
"241" 2017 32306 20.67584
"242" 2017 32479 20.5159016666667
"243" 2017 33474 21.08862
"244" 2017 34528 23.3064
"245" 2017 35080 24.7314
"246" 2017 38241 28.17087
"247" 2017 41233 31.2683583333333
"248" 2017 40718 34.8817533333333
"249" 2017 39394 33.4192433333333
"250" 2017 37360 36.6128
"251" 2017 37133 46.5400266666667
"252" 2017 38776 52.0890933333333
"253" 2017 38025 52.221
"254" 2017 36726 50.25341
"255" 2017 36047 58.1558266666667
"256" 2017 35880 64.7634
"257" 2017 33120 64.308
"258" 2017 32836 67.9157933333333
"259" 2017 32704 70.96768
"260" 2017 33259 81.5399816666667
"261" 2017 33991 91.605745
"262" 2017 34850 96.9991666666667
"263" 2017 35699 106.561515
"264" 2017 36053 114.888893333333
"265" 2017 36925 120.806291666667
"266" 2017 37592 137.461413333333
"267" 2017 39487 157.289883333333
"268" 2017 41312 179.50064
"269" 2017 40971 189.42259
"270" 2017 40613 194.468581666667
"271" 2017 40840 208.556266666667
"272" 2017 40751 222.704215
"273" 2017 41033 246.60833
"274" 2017 41041 267.518918333333
"275" 2017 42512 288.585626666667
"276" 2017 43187 319.5838
"277" 2017 44816 366.669573333333
"278" 2017 46657 405.604853333333
"279" 2017 46281 427.01936
"280" 2017 45308 438.732466666667
"281" 2017 44190 469.7397
"282" 2017 40700 483.583833333333
"283" 2017 37233 480.55392
"284" 2017 36464 507.700426666667
"285" 2017 34431 525.6466
"286" 2017 32039 528.857093333333
"287" 2017 33024 598.89024
"288" 2017 32366 646.83451
"289" 2017 31941 661.657815
"290" 2017 32363 698.932923333333
"291" 2017 28731 658.03567
"292" 2017 25822 631.950413333333
"293" 2017 24192 631.29024
"294" 2017 25834 713.707306666667
"295" 2017 22118 665.051396666667
"296" 2017 25104 818.72512
"297" 2017 26912 959.68192
"298" 2017 25736 999.543346666667
"299" 2017 24386 1001.20787333333
"300" 2017 23574 1045.54619
"301" 2017 23264 1122.33290666667
"302" 2017 21958 1167.17749
"303" 2017 21194.17 1273.69896976667
"304" 2017 18407.45 1240.20194375
"305" 2017 16655.57 1241.42290995
"306" 2017 15764.38 1321.23896176667
"307" 2017 14683.55 1402.79294925
"308" 2017 13150.83 1417.5718018
"309" 2017 11377.68 1369.4554904
"310" 2017 9909.62 1320.42383293333
"311" 2017 8487.9 1238.328024
"312" 2017 6797.12 1115.7132624
"313" 2017 5370.44 978.1182372
"314" 2017 4169.9 830.783076666666
"315" 2017 3110.65 700.093257833333
"316" 2017 2323.24 574.3397766
"317" 2017 1613.1 429.918035
"318" 2017 1062.53 308.08588615
"319" 2017 697.72 218.856158133333
"320" 2017 423.36 142.965144
"321" 2017 229.22 82.9214811
"322" 2017 135.75 52.3465575
"323" 2017 79.87 32.6670962333333
"324" 2017 43.93 18.964581
"325" 2017 23.29 10.5619373666667
"326" 2017 11.22 5.3208045
"327" 2017 4.78 2.36013296666667
"328" 2017 1.53 0.7833345
"329" 2017 0.33 0.17452435
"330" 2017 0 0
"331" 2017 0 0
"332" 2017 0 0
"333" 2017 0 0
"334" 2018 28760 90.594
"335" 2018 30422 5.01963
"336" 2018 30861 4.474845
"337" 2018 29710 4.40698333333333
"338" 2018 29046 3.63075
"339" 2018 29320 3.32293333333333
"340" 2018 28993 3.28587333333333
"341" 2018 28996 4.44605333333333
"342" 2018 29248 4.3872
"343" 2018 27687 3.50702
"344" 2018 25924 3.62936
"345" 2018 25630 3.88721666666667
"346" 2018 25498 3.73970666666667
"347" 2018 25533 4.68105
"348" 2018 25809 6.0221
"349" 2018 25486 8.32542666666667
"350" 2018 26855 10.4286916666667
"351" 2018 29237 14.4235866666667
"352" 2018 31212 19.97568
"353" 2018 30910 19.5248166666667
"354" 2018 31285 19.70955
"355" 2018 32106 21.67155
"356" 2018 33001 23.265705
"357" 2018 33130 24.4057666666667
"358" 2018 36276 27.5093
"359" 2018 39178 33.5624866666667
"360" 2018 39040 33.1189333333333
"361" 2018 38011 37.25078
"362" 2018 36272 45.4609066666667
"363" 2018 36242 48.6850866666667
"364" 2018 37966 52.1399733333333
"365" 2018 37361 51.1223016666667
"366" 2018 36115 58.2655333333333
"367" 2018 35538 64.14609
"368" 2018 35410 68.7544166666667
"369" 2018 32750 67.7379166666667
"370" 2018 32502 70.52934
"371" 2018 32417 79.4756783333333
"372" 2018 32935 88.759825
"373" 2018 33616 93.5645333333333
"374" 2018 34536 103.08996
"375" 2018 35448 112.96096
"376" 2018 35724 116.87702
"377" 2018 36612 133.87788
"378" 2018 37358 148.809366666667
"379" 2018 39139 170.058955
"380" 2018 40941 189.28389
"381" 2018 40644 194.61702
"382" 2018 40301 205.803773333333
"383" 2018 40458 221.10297
"384" 2018 40435 243.01435
"385" 2018 40639 264.898548333333
"386" 2018 40672 276.095093333333
"387" 2018 42111 311.6214
"388" 2018 42728 349.586253333333
"389" 2018 44354 385.584106666667
"390" 2018 46130 425.626133333333
"391" 2018 45753 443.04155
"392" 2018 44776 475.96888
"393" 2018 43680 518.9912
"394" 2018 40199 518.835093333333
"395" 2018 36716 511.209106666667
"396" 2018 36016 549.844266666667
"397" 2018 33924 559.97216
"398" 2018 31522 571.65147
"399" 2018 32428 648.07358
"400" 2018 31709 656.851935
"401" 2018 31286 675.673313333333
"402" 2018 31640 724.661466666667
"403" 2018 28074 687.06436
"404" 2018 25162 656.60239
"405" 2018 23530 650.055466666667
"406" 2018 25076 753.993526666667
"407" 2018 21435 699.0668
"408" 2018 24281 865.86046
"409" 2018 25928 1007.00030666667
"410" 2018 24724 1015.08502666667
"411" 2018 23362 1036.14363666667
"412" 2018 22531 1086.97054333333
"413" 2018 22108 1175.15074
"414" 2018 20778.39 1248.7119777
"415" 2018 19876.33 1339.16773375
"416" 2018 17090.26 1273.8225291
"417" 2018 15335.19 1285.26783255
"418" 2018 14371.26 1372.9583241
"419" 2018 13231.76 1426.29551626667
"420" 2018 11671.48 1404.81823773333
"421" 2018 9943.58 1324.94888973333
"422" 2018 8554.77 1248.0839112
"423" 2018 7195.55 1181.11355475
"424" 2018 5638.11 1026.8689743
"425" 2018 4377.27 872.098093
"426" 2018 3328.92 749.2178316
"427" 2018 2402.59 593.95628685
"428" 2018 1732.3 461.686821666667
"429" 2018 1158.31 335.85777605
"430" 2018 739.44 231.9426096
"431" 2018 466.61 157.570308583333
"432" 2018 273.35 98.88572925
"433" 2018 142.88 55.0959568
"434" 2018 80.96 33.1129098666667
"435" 2018 45.35 19.577595
"436" 2018 23.44 10.6299618666667
"437" 2018 11.54 5.4725565
"438" 2018 5.04 2.4885084
"439" 2018 1.94 0.993247666666666
"440" 2018 0.34 0.179812966666667
"441" 2018 0 0
"442" 2018 0 0
"443" 2018 0 0
"444" 2018 0 0
"445" 2019 28166 88.7229
"446" 2019 28894 4.76751
"447" 2019 30380 4.4051
"448" 2019 30724 4.55739333333333
"449" 2019 29537 3.692125
"450" 2019 28822 3.26649333333333
"451" 2019 29119 3.30015333333333
"452" 2019 28815 4.4183
"453" 2019 28818 4.3227
"454" 2019 29114 3.68777333333333
"455" 2019 27510 3.8514
"456" 2019 25745 3.90465833333333
"457" 2019 25456 3.73354666666667
"458" 2019 25365 4.65025
"459" 2019 25392 5.9248
"460" 2019 25667 8.38455333333333
"461" 2019 25333 9.83764833333333
"462" 2019 26718 13.18088
"463" 2019 28932 18.51648
"464" 2019 30169 19.0567516666667
"465" 2019 30373 19.13499
"466" 2019 30828 20.8089
"467" 2019 31541 22.236405
"468" 2019 32303 23.7965433333333
"469" 2019 32564 24.6943666666667
"470" 2019 35777 30.6489633333333
"471" 2019 38749 32.8720683333333
"472" 2019 38826 38.04948
"473" 2019 38044 47.6818133333333
"474" 2019 36317 48.7858366666667
"475" 2019 36300 49.852
"476" 2019 38015 52.0171916666667
"477" 2019 37588 60.6419733333333
"478" 2019 36193 65.328365
"479" 2019 35750 69.4145833333333
"480" 2019 35545 73.5189083333333
"481" 2019 32873 71.33441
"482" 2019 32574 79.86059
"483" 2019 32550 87.72225
"484" 2019 33082 92.0782333333333
"485" 2019 33640 100.4154
"486" 2019 34577 110.185373333333
"487" 2019 35482 116.085276666667
"488" 2019 35774 130.813593333333
"489" 2019 36631 145.913483333333
"490" 2019 37308 162.10326
"491" 2019 39141 180.96189
"492" 2019 40954 196.101403333333
"493" 2019 40581 207.23364
"494" 2019 40166 219.50719
"495" 2019 40308 242.25108
"496" 2019 40211 262.108701666667
"497" 2019 40397 274.228301666667
"498" 2019 40415 299.071
"499" 2019 41864 342.517293333333
"500" 2019 42375 368.38
"501" 2019 44008 406.047146666667
"502" 2019 45775 443.254583333333
"503" 2019 45320 481.7516
"504" 2019 44371 527.201431666667
"505" 2019 43164 557.10336
"506" 2019 39685 552.547483333333
"507" 2019 36316 554.424266666667
"508" 2019 35489 585.805093333333
"509" 2019 33391 605.545785
"510" 2019 30989 619.315165
"511" 2019 31756 657.82554
"512" 2019 31088 671.397173333333
"513" 2019 30577 700.315223333333
"514" 2019 30941 757.229406666667
"515" 2019 27372 714.27234
"516" 2019 24485 676.438933333333
"517" 2019 22864 687.482373333333
"518" 2019 24313 792.927973333334
"519" 2019 20729 739.19614
"520" 2019 23388 908.35094
"521" 2019 24924 1023.29636
"522" 2019 23689 1050.64663166667
"523" 2019 22343 1077.90079666667
"524" 2019 21376 1136.24128
"525" 2019 20821.05 1251.2757015
"526" 2019 19512.28 1314.639865
"527" 2019 18552.86 1382.8374201
"528" 2019 15809.72 1325.03898273333
"529" 2019 14064.44 1343.6462754
"530" 2019 12975.96 1398.7219816
"531" 2019 11807.35 1421.17200383333
"532" 2019 10278.49 1369.57453086667
"533" 2019 8595.54 1254.0319824
"534" 2019 7319.65 1201.48394925
"535" 2019 6022.97 1096.9635261
"536" 2019 4590.38 914.556708666667
"537" 2019 3487.98 785.0164054
"538" 2019 2572.76 636.0248634
"539" 2019 1797.81 479.1463285
"540" 2019 1263.77 366.43643035
"541" 2019 823.74 258.3852716
"542" 2019 504.32 170.304661333333
"543" 2019 305.08 110.3642154
"544" 2019 172.82 66.6411202
"545" 2019 87.45 35.7673415
"546" 2019 47.21 20.380557
"547" 2019 24.95 11.3147418333333
"548" 2019 11.83 5.61008175
"549" 2019 5.14 2.53788356666667
"550" 2019 1.8 0.92157
"551" 2019 0.69 0.36491455
"552" 2019 0 0
"553" 2019 0 0
"554" 2019 0 0
"555" 2019 0 0
"556" 2020 27351 86.15565
"557" 2020 28300 4.6695
"558" 2020 28916 4.19282
"559" 2020 30365 4.50414166666667
"560" 2020 30658 3.83225
"561" 2020 29404 3.33245333333333
"562" 2020 28683 3.25074
"563" 2020 28989 4.44498
"564" 2020 28698 4.3047
"565" 2020 28738 3.64014666666667
"566" 2020 29000 4.06
"567" 2020 27350 4.14808333333333
"568" 2020 25635 3.7598
"569" 2020 25367 4.65061666666667
"570" 2020 25290 5.901
"571" 2020 25288 8.26074666666667
"572" 2020 25547 9.92075166666667
"573" 2020 25242 12.45272
"574" 2020 26539 16.98496
"575" 2020 28310 17.8824833333333
"576" 2020 30021 18.91323
"577" 2020 30161 20.358675
"578" 2020 30554 21.54057
"579" 2020 31342 23.0886066666667
"580" 2020 32282 24.4805166666667
"581" 2020 32620 27.9444666666667
"582" 2020 35902 30.4568633333333
"583" 2020 39017 38.23666
"584" 2020 39248 49.1908266666667
"585" 2020 38589 51.83789
"586" 2020 36871 50.6361733333333
"587" 2020 36937 50.5421283333333
"588" 2020 38625 62.315
"589" 2020 38256 69.05208
"590" 2020 36757 71.3698416666667
"591" 2020 36300 75.0805
"592" 2020 36071 78.27407
"593" 2020 33343 81.7459216666667
"594" 2020 33132 89.29074
"595" 2020 32947 91.7024833333333
"596" 2020 33485 99.952725
"597" 2020 33993 108.32436
"598" 2020 34922 114.253143333333
"599" 2020 35789 130.868443333333
"600" 2020 36063 143.65095
"601" 2020 36800 159.896
"602" 2020 37503 173.38887
"603" 2020 39305 188.205441666667
"604" 2020 41141 210.093373333333
"605" 2020 40721 222.540265
"606" 2020 40250 241.9025
"607" 2020 40320 262.8192
"608" 2020 40149 272.544795
"609" 2020 40333 298.4642
"610" 2020 40256 329.361173333333
"611" 2020 41574 361.41664
"612" 2020 42146 388.867093333333
"613" 2020 43687 423.035783333333
"614" 2020 45423 482.84649
"615" 2020 44901 533.498715
"616" 2020 43909 566.718826666667
"617" 2020 42655 593.899783333333
"618" 2020 39265 599.445666666667
"619" 2020 35912 592.787413333333
"620" 2020 34967 634.126545
"621" 2020 32774 654.98839
"622" 2020 30390 629.52885
"623" 2020 31080 671.2244
"624" 2020 30424 696.811013333333
"625" 2020 29872 731.067413333333
"626" 2020 30223 788.669185
"627" 2020 26677 736.996586666667
"628" 2020 23867 717.640911666667
"629" 2020 22196 723.885546666667
"630" 2020 23517 838.61622
"631" 2020 20007 777.038535
"632" 2020 22474 922.707526666667
"633" 2020 23942 1061.86760333333
"634" 2020 22677 1094.01407
"635" 2020 21310 1132.73305
"636" 2020 20351.67 1223.0675281
"637" 2020 19665.99 1324.99607625
"638" 2020 18275.46 1362.1614111
"639" 2020 17265.59 1447.05787388333
"640" 2020 14516.71 1386.85388985
"641" 2020 12773.29 1376.87550673333
"642" 2020 11663.83 1403.89745823333
"643" 2020 10462.16 1394.04794613333
"644" 2020 8981.81 1310.38620026667
"645" 2020 7405.06 1215.5035737
"646" 2020 6164.03 1122.6547839
"647" 2020 4986.28 993.433185333333
"648" 2020 3720.82 837.420151933333
"649" 2020 2733.49 675.75973035
"650" 2020 1971.6 525.46426
"651" 2020 1346.64 390.4650012
"652" 2020 918.59 288.137187266667
"653" 2020 581.12 196.239381333333
"654" 2020 339 122.634945
"655" 2020 195.01 75.1978061
"656" 2020 106.39 43.5138646333333
"657" 2020 51.91 22.409547
"658" 2020 26.26 11.9088224666667
"659" 2020 12.67 6.00843075
"660" 2020 5.03 2.48357088333333
"661" 2020 1.49 0.762855166666667
"662" 2020 0.31 0.163947116666667
"663" 2020 0 0
"664" 2020 0 0
"665" 2020 0 0
"666" 2020 0 0
"667" 2021 25100 79.065
"668" 2021 27410 4.52265
"669" 2021 28309 4.104805
"670" 2021 28948 4.29395333333333
"671" 2021 30385 3.798125
"672" 2021 30685 3.47763333333333
"673" 2021 29306 3.32134666666667
"674" 2021 28662 4.39484
"675" 2021 28961 4.34415
"676" 2021 28677 3.63242
"677" 2021 28732 4.02248
"678" 2021 28923 4.386655
"679" 2021 27298 4.00370666666667
"680" 2021 25627 4.69828333333333
"681" 2021 25345 5.91383333333333
"682" 2021 25228 8.24114666666667
"683" 2021 25208 9.78910666666667
"684" 2021 25514 12.5869066666667
"685" 2021 25162 16.10368
"686" 2021 26166 16.52819
"687" 2021 28393 17.88759
"688" 2021 30147 20.349225
"689" 2021 30329 21.381945
"690" 2021 30839 22.7180633333333
"691" 2021 31834 24.1407833333333
"692" 2021 32936 28.2151733333333
"693" 2021 33236 28.1952066666667
"694" 2021 36575 35.8435
"695" 2021 39864 49.96288
"696" 2021 40122 53.89722
"697" 2021 39440 54.1642666666667
"698" 2021 37776 51.69016
"699" 2021 37865 61.0888666666667
"700" 2021 39378 71.07729
"701" 2021 39130 75.9774166666667
"702" 2021 37595 77.7589916666667
"703" 2021 36968 80.22056
"704" 2021 36801 90.223785
"705" 2021 33944 91.47908
"706" 2021 33677 93.7343166666667
"707" 2021 33477 99.928845
"708" 2021 33972 108.25744
"709" 2021 34407 112.568235
"710" 2021 35321 129.157123333333
"711" 2021 36144 143.9736
"712" 2021 36347 157.927715
"713" 2021 37073 171.400836666667
"714" 2021 37745 180.735641666667
"715" 2021 39501 201.71844
"716" 2021 41203 225.174395
"717" 2021 40712 244.67912
"718" 2021 40241 262.304251666667
"719" 2021 40267 273.345818333333
"720" 2021 40058 296.4292
"721" 2021 40224 329.09936
"722" 2021 40010 347.820266666667
"723" 2021 41339 381.421173333333
"724" 2021 41793 404.69555
"725" 2021 43359 460.90617
"726" 2021 44959 534.187851666667
"727" 2021 44425 573.378666666667
"728" 2021 43376 603.938506666667
"729" 2021 42095 642.650333333333
"730" 2021 38800 640.458666666667
"731" 2021 35289 639.966015
"732" 2021 34241 684.306385
"733" 2021 32091 664.765065
"734" 2021 29746 642.414446666667
"735" 2021 30382 695.849073333333
"736" 2021 29608 724.606453333333
"737" 2021 29077 758.764315
"738" 2021 29333 810.373013333333
"739" 2021 25787 775.372111666667
"740" 2021 22998 750.04144
"741" 2021 21411 763.51626
"742" 2021 22572 876.65886
"743" 2021 19129 785.372976666667
"744" 2021 21429 950.411865
"745" 2021 22703 1095.26839666667
"746" 2021 21401 1137.570155
"747" 2021 20104 1208.18338666667
"748" 2021 19088 1286.054
"749" 2021 18283 1362.723405
"750" 2021 16796 1407.70075333333
"751" 2021 15777 1507.255695
"752" 2021 13081.72 1410.12220453333
"753" 2021 11326.09 1363.24594603333
"754" 2021 10184.69 1357.07599353333
"755" 2021 8978.61 1309.9193416
"756" 2021 7585.6 1245.138312
"757" 2021 6148.1 1119.753453
"758" 2021 5009.64 998.087276
"759" 2021 3971.05 893.737749833333
"760" 2021 2873.23 710.30555445
"761" 2021 2055.72 547.883642
"762" 2021 1448.99 420.14189545
"763" 2021 967.5 303.47895
"764" 2021 642.14 216.845326833333
"765" 2021 383.95 138.89583225
"766" 2021 210.41 81.1362001
"767" 2021 116.93 47.8247597666667
"768" 2021 60.32 26.040144
"769" 2021 27.11 12.2942946333333
"770" 2021 12.96 6.145956
"771" 2021 5.67 2.79957195
"772" 2021 1.52 0.778214666666666
"773" 2021 0 0
"774" 2021 0 0
"775" 2021 0 0
"776" 2021 0 0
"777" 2021 0 0
