"year" "population" "expected"
"1" 2015 82264 240.485093333333
"2" 2015 82701 17.91855
"3" 2015 89661 12.55254
"4" 2015 95685 11.960625
"5" 2015 99488 10.44624
"6" 2015 95928 7.35448
"7" 2015 99991 6.99937
"8" 2015 98088 7.52008
"9" 2015 100841 8.23534833333333
"10" 2015 104920 10.3171333333333
"11" 2015 103515 9.6614
"12" 2015 106342 9.92525333333333
"13" 2015 107357 9.84105833333333
"14" 2015 106992 10.34256
"15" 2015 116468 15.3349533333333
"16" 2015 114080 19.7738666666667
"17" 2015 110885 19.7744916666667
"18" 2015 110409 22.44983
"19" 2015 109201 30.030275
"20" 2015 107798 33.41738
"21" 2015 106912 33.3209066666667
"22" 2015 110635 34.850025
"23" 2015 111068 39.6142533333333
"24" 2015 112444 41.04206
"25" 2015 112049 40.897885
"26" 2015 110772 42.09336
"27" 2015 112382 44.39089
"28" 2015 112345 46.8104166666667
"29" 2015 113884 51.6274133333333
"30" 2015 117122 59.3418133333333
"31" 2015 125402 64.7910333333333
"32" 2015 128227 63.8997883333333
"33" 2015 134905 70.825125
"34" 2015 136772 85.9384066666667
"35" 2015 143346 98.19201
"36" 2015 143812 92.5190533333333
"37" 2015 148792 96.9627866666667
"38" 2015 161734 121.030943333333
"39" 2015 165911 145.172125
"40" 2015 166501 161.50597
"41" 2015 164170 175.6619
"42" 2015 159635 192.892291666667
"43" 2015 160206 216.2781
"44" 2015 159019 234.818056666667
"45" 2015 154244 251.931866666667
"46" 2015 150839 278.297955
"47" 2015 150119 310.74633
"48" 2015 150434 349.257603333333
"49" 2015 152310 393.72135
"50" 2015 153504 430.57872
"51" 2015 155002 482.572893333333
"52" 2015 151275 532.99225
"53" 2015 150820 582.416566666667
"54" 2015 150038 605.653393333333
"55" 2015 148965 648.742575
"56" 2015 142061 671.474993333333
"57" 2015 141522 708.55348
"58" 2015 139560 756.1826
"59" 2015 135231 805.07522
"60" 2015 136177 890.824541666667
"61" 2015 131698 926.49543
"62" 2015 128257 961.286215
"63" 2015 130338 1034.88372
"64" 2015 129614 1102.15104666667
"65" 2015 126988 1163.63337333333
"66" 2015 123489 1185.90603
"67" 2015 125484 1288.09326
"68" 2015 112106 1259.32406666667
"69" 2015 111266 1362.82305666667
"70" 2015 113991 1540.208395
"71" 2015 106268 1562.1396
"72" 2015 101149 1621.58705166667
"73" 2015 93907 1670.60553
"74" 2015 91698 1819.74681
"75" 2015 92174 2050.56425333333
"76" 2015 91858 2277.00672333333
"77" 2015 89955 2490.704025
"78" 2015 85770 2652.8661
"79" 2015 87284 3084.03466666667
"80" 2015 83198 3346.08489666667
"81" 2015 75290 3381.77583333333
"82" 2015 72160 3704.09306666667
"83" 2015 67657 3964.81296166667
"84" 2015 61290.69 4082.3685586
"85" 2015 54753.42 4173.4881838
"86" 2015 50051.3 4354.88019416667
"87" 2015 44660.36 4343.96434933333
"88" 2015 37793.91 4048.29466965
"89" 2015 34420.08 4103.2751036
"90" 2015 28463.64 3840.8361422
"91" 2015 23688 3576.65112
"92" 2015 18998 3163.07201
"93" 2015 14693.09 2674.16686848333
"94" 2015 11329.63 2252.27379585
"95" 2015 8617.98 1886.6912715
"96" 2015 5116.97 1227.51846158333
"97" 2015 3520.75 919.948503333333
"98" 2015 2593.31 734.974309283333
"99" 2015 1903.01 582.4542707
"100" 2015 1282.84 422.1377446
"101" 2015 787.12 277.2079216
"102" 2015 523.25 196.32078375
"103" 2015 273.53 108.834395816667
"104" 2015 194 81.4890533333333
"105" 2015 90 39.7329
"106" 2015 39 18.018455
"107" 2015 32 15.4083733333333
"108" 2015 15 7.49805
"109" 2015 10 5.17013333333333
"110" 2015 5 3.81318333333333
"111" 2015 2 2
"112" 2016 85527 250.02393
"113" 2016 82422 17.8581
"114" 2016 82848 11.59872
"115" 2016 89778 11.22225
"116" 2016 95790 10.05795
"117" 2016 99557 7.63270333333333
"118" 2016 95990 6.7193
"119" 2016 100047 7.67027
"120" 2016 98178 8.01787
"121" 2016 100933 9.92507833333333
"122" 2016 105032 9.80298666666667
"123" 2016 103649 9.67390666666667
"124" 2016 106493 9.76185833333333
"125" 2016 107483 10.3900233333333
"126" 2016 107105 14.1021583333333
"127" 2016 116522 20.1971466666667
"128" 2016 114083 20.3448016666667
"129" 2016 110759 22.5209966666667
"130" 2016 110205 30.306375
"131" 2016 108794 33.72614
"132" 2016 107261 33.4296783333333
"133" 2016 106235 33.464025
"134" 2016 109849 39.1794766666667
"135" 2016 110203 40.224095
"136" 2016 111584 40.72816
"137" 2016 111190 42.2522
"138" 2016 109943 43.427485
"139" 2016 111580 46.4916666666667
"140" 2016 111541 50.5652533333333
"141" 2016 113195 57.3521333333333
"142" 2016 116496 60.1896
"143" 2016 124849 62.2164183333333
"144" 2016 127763 67.075575
"145" 2016 134487 84.502665
"146" 2016 136434 93.45729
"147" 2016 143011 92.0037433333333
"148" 2016 143473 93.4965716666667
"149" 2016 148434 111.07811
"150" 2016 161307 141.143625
"151" 2016 165445 160.48165
"152" 2016 166042 177.66494
"153" 2016 163696 197.799333333333
"154" 2016 159156 214.8606
"155" 2016 159693 235.81333
"156" 2016 158502 258.8866
"157" 2016 153643 283.471335
"158" 2016 150201 310.91607
"159" 2016 149467 347.012551666667
"160" 2016 149749 387.101165
"161" 2016 151747 425.650335
"162" 2016 152942 476.159426666667
"163" 2016 154420 544.073133333333
"164" 2016 150707 581.980198333333
"165" 2016 150142 606.073206666667
"166" 2016 149350 650.41925
"167" 2016 148256 700.756693333333
"168" 2016 141289 707.386926666667
"169" 2016 140822 763.020536666667
"170" 2016 138849 826.61438
"171" 2016 134503 879.873791666667
"172" 2016 135416 952.65156
"173" 2016 130843 980.668285
"174" 2016 127419 1011.70686
"175" 2016 129420 1100.5014
"176" 2016 128757 1179.84331
"177" 2016 126071 1210.70183666667
"178" 2016 122427 1256.713155
"179" 2016 124338 1396.7302
"180" 2016 110997 1359.528255
"181" 2016 109913 1485.10781833333
"182" 2016 112476 1653.3972
"183" 2016 104660 1677.87423333333
"184" 2016 99458 1769.35782
"185" 2016 92182 1829.35179
"186" 2016 89862 1999.12996
"187" 2016 90102 2233.47841
"188" 2016 89529 2478.908795
"189" 2016 87387 2702.87991
"190" 2016 82887 2928.674
"191" 2016 84082 3381.63790333333
"192" 2016 79719 3580.71175
"193" 2016 71693 3680.12117833333
"194" 2016 68199 3996.575065
"195" 2016 63313 4217.06788666667
"196" 2016 56948.15 4340.77782016667
"197" 2016 50318.89 4378.16275408333
"198" 2016 45536.77 4429.20982866667
"199" 2016 40196.85 4305.68558775
"200" 2016 33570.44 4001.98810313333
"201" 2016 30116.63 4063.88785781667
"202" 2016 24498.22 3698.9862378
"203" 2016 20042.62 3336.9960169
"204" 2016 15704.67 2858.27611445
"205" 2016 11884.82 2362.6427919
"206" 2016 8989.41 1968.00658425
"207" 2016 6647.81 1594.75422058333
"208" 2016 3884.87 1015.09063186667
"209" 2016 2600.68 737.063053266667
"210" 2016 1838.24 562.6301168
"211" 2016 1316.96 433.3654424
"212" 2016 849.8 299.282564
"213" 2016 486.1 182.3822895
"214" 2016 344.24 136.969079866667
"215" 2016 164.53 69.1102780666667
"216" 2016 122 53.8601533333333
"217" 2016 51 23.562595
"218" 2016 18 8.66721
"219" 2016 19 9.49753
"220" 2016 7 3.61909333333333
"221" 2016 4 3.05054666666667
"222" 2016 3 3
"223" 2017 87075 254.54925
"224" 2017 85700 18.5683333333333
"225" 2017 82572 11.56008
"226" 2017 82998 10.37475
"227" 2017 89899 9.439395
"228" 2017 95874 7.35034
"229" 2017 99649 6.97543
"230" 2017 96079 7.36605666666667
"231" 2017 100132 8.17744666666667
"232" 2017 98270 9.66321666666667
"233" 2017 101032 9.42965333333333
"234" 2017 105144 9.81344
"235" 2017 103783 9.51344166666667
"236" 2017 106614 10.30602
"237" 2017 107595 14.166675
"238" 2017 107210 18.5830666666667
"239" 2017 116538 20.78261
"240" 2017 113969 23.1736966666667
"241" 2017 110584 30.4106
"242" 2017 109864 34.05784
"243" 2017 108253 33.7388516666667
"244" 2017 106577 33.571755
"245" 2017 105417 37.59873
"246" 2017 109000 39.785
"247" 2017 109309 39.897785
"248" 2017 110691 42.06258
"249" 2017 110328 43.57956
"250" 2017 109168 45.4866666666667
"251" 2017 110842 50.2483733333333
"252" 2017 110890 56.1842666666667
"253" 2017 112670 58.2128333333333
"254" 2017 116033 57.8231116666667
"255" 2017 124448 65.3352
"256" 2017 127464 80.08988
"257" 2017 134223 91.942755
"258" 2017 136199 87.6213566666667
"259" 2017 142802 93.0593033333333
"260" 2017 143227 107.181538333333
"261" 2017 148117 129.602375
"262" 2017 160908 156.08076
"263" 2017 165004 176.55428
"264" 2017 165565 200.057708333333
"265" 2017 163225 220.35375
"266" 2017 158705 234.354383333333
"267" 2017 159223 260.064233333333
"268" 2017 157965 291.445425
"269" 2017 153140 316.9998
"270" 2017 149703 347.560465
"271" 2017 148948 385.03058
"272" 2017 149228 418.58454
"273" 2017 151218 470.79204
"274" 2017 152416 537.012373333333
"275" 2017 153767 593.796898333333
"276" 2017 150033 605.63321
"277" 2017 149448 650.84604
"278" 2017 148635 702.5481
"279" 2017 147513 738.54842
"280" 2017 140513 761.346271666667
"281" 2017 140043 833.72266
"282" 2017 138101 903.410708333333
"283" 2017 133758 940.98753
"284" 2017 134598 1008.81201
"285" 2017 130011 1032.28734
"286" 2017 126558 1076.16486
"287" 2017 128468 1177.19510666667
"288" 2017 127804 1227.34441333333
"289" 2017 125016 1283.28924
"290" 2017 121272 1362.2888
"291" 2017 122971 1506.18979833333
"292" 2017 109732 1482.66220666667
"293" 2017 108427 1593.8769
"294" 2017 110944 1778.61722666667
"295" 2017 102934 1831.19586
"296" 2017 97648 1937.82456
"297" 2017 90291 2008.67378
"298" 2017 87814 2176.76270333333
"299" 2017 87817 2431.50636833333
"300" 2017 86864 2686.70352
"301" 2017 84476 2984.81866666667
"302" 2017 79709 3205.76313166667
"303" 2017 80643 3622.21475
"304" 2017 76064 3904.49189333333
"305" 2017 67803 3973.368805
"306" 2017 63979 4261.42792666667
"307" 2017 58816 4483.15157333333
"308" 2017 52519.68 4569.649824
"309" 2017 45797.42 4454.56238533333
"310" 2017 41025.31 4394.42608065
"311" 2017 35651.38 4250.06042876667
"312" 2017 29391.01 3965.97390438333
"313" 2017 25959.21 3919.5811179
"314" 2017 20684.85 3443.92410075
"315" 2017 16611.29 3023.28246548333
"316" 2017 12813.4 2547.239853
"317" 2017 9525.6 2085.39198
"318" 2017 6988.22 1676.41574283333
"319" 2017 5043.67 1317.87734653333
"320" 2017 2877.78 815.5964261
"321" 2017 1844.62 564.5828434
"322" 2017 1267.18 416.9845867
"323" 2017 897.92 316.2294656
"324" 2017 565.78 212.2778271
"325" 2017 329.09 130.941071616667
"326" 2017 191.23 80.3255240666667
"327" 2017 104.53 46.1475559666667
"328" 2017 71 32.8028283333333
"329" 2017 26 12.5193033333333
"330" 2017 6 2.99922
"331" 2017 13 6.72117333333333
"332" 2017 4 3.05054666666667
"333" 2017 4 4
"334" 2018 86256 252.15504
"335" 2018 87318 18.9189
"336" 2018 85959 12.03426
"337" 2018 82821 10.352625
"338" 2018 83208 8.73684
"339" 2018 90098 6.90751333333333
"340" 2018 96077 6.72539
"341" 2018 99845 7.65478333333333
"342" 2018 96268 7.86188666666667
"343" 2018 100324 9.86519333333333
"344" 2018 98451 9.18876
"345" 2018 101208 9.44608
"346" 2018 105334 9.65561666666667
"347" 2018 103952 10.0486933333333
"348" 2018 106777 14.0589716666667
"349" 2018 107730 18.6732
"350" 2018 107273 19.1303516666667
"351" 2018 116510 23.6903666666667
"352" 2018 113913 31.326075
"353" 2018 110485 34.25035
"354" 2018 109608 34.16116
"355" 2018 107896 33.98724
"356" 2018 106155 37.86195
"357" 2018 105008 38.32792
"358" 2018 108623 39.647395
"359" 2018 108991 41.41658
"360" 2018 110467 43.634465
"361" 2018 110170 45.9041666666667
"362" 2018 109069 49.4446133333333
"363" 2018 110770 56.1234666666667
"364" 2018 110860 57.2776666666667
"365" 2018 112705 56.1646583333333
"366" 2018 116084 60.9441
"367" 2018 124526 78.2438366666667
"368" 2018 127625 87.423125
"369" 2018 134403 86.46593
"370" 2018 136351 88.8554016666667
"371" 2018 142904 106.939826666667
"372" 2018 143226 125.32275
"373" 2018 148034 143.59298
"374" 2018 160747 171.99929
"375" 2018 164729 199.047541666667
"376" 2018 165298 223.1523
"377" 2018 162903 240.55343
"378" 2018 158376 258.6808
"379" 2018 158873 293.120685
"380" 2018 157617 326.26719
"381" 2018 152803 354.757631666667
"382" 2018 149297 385.932745
"383" 2018 148519 416.595795
"384" 2018 148742 463.083426666667
"385" 2018 150676 530.881773333333
"386" 2018 151794 586.17783
"387" 2018 153100 618.013666666667
"388" 2018 149337 650.362635
"389" 2018 148723 702.964046666667
"390" 2018 147897 740.47098
"391" 2018 146821 795.525118333333
"392" 2018 139794 832.24028
"393" 2018 139326 911.42425
"394" 2018 137326 966.08841
"395" 2018 133062 997.29969
"396" 2018 133840 1062.6896
"397" 2018 129197 1098.60515666667
"398" 2018 125674 1151.59275333333
"399" 2018 127579 1225.18366333333
"400" 2018 126774 1301.33511
"401" 2018 123961 1392.49523333333
"402" 2018 120021 1470.057215
"403" 2018 121551 1642.356595
"404" 2018 108438 1594.0386
"405" 2018 106985 1715.14785833333
"406" 2018 109260 1943.7354
"407" 2018 101117 2006.666865
"408" 2018 95703 2129.07274
"409" 2018 88276 2188.21491333333
"410" 2018 85726 2373.61006333333
"411" 2018 85397 2641.32921
"412" 2018 84110 2971.88666666667
"413" 2018 81488 3277.31154666667
"414" 2018 76459 3434.28341666667
"415" 2018 77094 3957.36351
"416" 2018 72264 4234.79084
"417" 2018 63788 4248.70605333333
"418" 2018 59745 4553.96305
"419" 2018 54271 4722.02925833333
"420" 2018 47909.06 4659.95456933333
"421" 2018 41238.81 4417.29513315
"422" 2018 36579.71 4360.72819528333
"423" 2018 31386.84 4235.2878782
"424" 2018 25377.51 3831.7502349
"425" 2018 21959.72 3656.1835814
"426" 2018 17170.44 3125.0486974
"427" 2018 13596.95 2703.00567525
"428" 2018 10306.12 2256.267321
"429" 2018 7480.38 1794.4808255
"430" 2018 5342.04 1395.8394384
"431" 2018 3781.54 1071.73255396667
"432" 2018 2098.7 642.349109
"433" 2018 1314.57 432.57897705
"434" 2018 884.14 311.3764252
"435" 2018 588.88 220.9448316
"436" 2018 376.77 149.91238735
"437" 2018 208.09 87.4075108666667
"438" 2018 107.23 47.3395429666667
"439" 2018 57.53 26.5795311833333
"440" 2018 39 18.778955
"441" 2018 12 5.99844
"442" 2018 4 2.06805333333333
"443" 2018 9 6.86373
"444" 2018 2 2
"445" 2019 86965 254.227683333333
"446" 2019 86531 18.7483833333333
"447" 2019 87601 12.26414
"448" 2019 86251 10.781375
"449" 2019 83113 8.726865
"450" 2019 83489 6.40082333333333
"451" 2019 90364 6.32548
"452" 2019 96321 7.38461
"453" 2019 100087 8.17377166666667
"454" 2019 96493 9.48847833333333
"455" 2019 100551 9.38476
"456" 2019 98693 9.21134666666667
"457" 2019 101432 9.29793333333333
"458" 2019 105544 10.2025866666667
"459" 2019 104131 13.7105816666667
"460" 2019 106945 18.5371333333333
"461" 2019 107826 19.22897
"462" 2019 107338 21.8253933333333
"463" 2019 116597 32.064175
"464" 2019 114038 35.35178
"465" 2019 110497 34.4382316666667
"466" 2019 109520 34.4988
"467" 2019 107756 38.4329733333333
"468" 2019 106024 38.69876
"469" 2019 104908 38.29142
"470" 2019 108520 41.2376
"471" 2019 108957 43.038015
"472" 2019 110462 46.0258333333333
"473" 2019 110225 49.9686666666667
"474" 2019 109166 55.3107733333333
"475" 2019 110896 57.2962666666667
"476" 2019 111045 55.337425
"477" 2019 112981 59.315025
"478" 2019 116361 73.113495
"479" 2019 124832 85.50992
"480" 2019 127950 82.3145
"481" 2019 134711 87.7866683333333
"482" 2019 136651 102.260498333333
"483" 2019 143090 125.20375
"484" 2019 143362 139.06114
"485" 2019 148057 158.42099
"486" 2019 160702 194.181583333333
"487" 2019 164585 222.18975
"488" 2019 165091 243.784376666667
"489" 2019 162681 265.7123
"490" 2019 158109 291.711105
"491" 2019 158600 328.302
"492" 2019 157270 365.128516666667
"493" 2019 152469 394.132365
"494" 2019 148929 417.745845
"495" 2019 148096 461.072213333333
"496" 2019 148215 522.21085
"497" 2019 150093 579.609135
"498" 2019 151140 610.1018
"499" 2019 152439 663.871845
"500" 2019 148601 702.387393333333
"501" 2019 148012 741.046746666667
"502" 2019 147150 797.30775
"503" 2019 146091 869.72842
"504" 2019 139084 909.841166666667
"505" 2019 138599 975.043965
"506" 2019 136547 1023.419765
"507" 2019 132255 1050.1047
"508" 2019 133047 1131.34299
"509" 2019 128306 1175.71064666667
"510" 2019 124697 1197.50685666667
"511" 2019 126596 1299.50794
"512" 2019 125585 1410.73816666667
"513" 2019 122704 1502.91949333333
"514" 2019 118591 1602.36206166667
"515" 2019 120026 1764.3822
"516" 2019 106888 1713.59278666667
"517" 2019 105187 1871.27673
"518" 2019 107339 2130.142455
"519" 2019 99000 2202.42
"520" 2019 93500 2317.70916666667
"521" 2019 86041 2382.33188833333
"522" 2019 83187 2572.97391
"523" 2019 82615 2919.06333333333
"524" 2019 80813 3250.16417166667
"525" 2019 78136 3509.60866666667
"526" 2019 72666 3730.06689
"527" 2019 72947 4274.81577833333
"528" 2019 68020 4530.58546666667
"529" 2019 59413 4528.65690333333
"530" 2019 55020 4787.1985
"531" 2019 49544 4818.97973333333
"532" 2019 43163.77 4623.48722355
"533" 2019 36702.54 4375.3709643
"534" 2019 32074.44 4328.0714762
"535" 2019 27057.59 4085.4255141
"536" 2019 21491.31 3578.19565845
"537" 2019 18261.52 3323.62707586667
"538" 2019 13999.27 2782.98487965
"539" 2019 10886.81 2383.39487925
"540" 2019 7974 1912.89615
"541" 2019 5768.3 1507.21833466667
"542" 2019 3919.97 1110.96523098333
"543" 2019 2752.49 842.4546143
"544" 2019 1428.67 470.12529355
"545" 2019 901.55 317.507879
"546" 2019 566.14 212.4128973
"547" 2019 362.88 144.3857184
"548" 2019 219.77 92.3136559333333
"549" 2019 122.09 53.8998862333333
"550" 2019 61.23 28.28897435
"551" 2019 35.53 17.1081095166667
"552" 2019 14 6.99818
"553" 2019 5 2.58506666666667
"554" 2019 2 1.52527333333333
"555" 2019 3 3
"556" 2020 86834 253.844726666667
"557" 2020 87429 18.94295
"558" 2020 87024 12.18336
"559" 2020 88117 11.014625
"560" 2020 86798 9.11379
"561" 2020 83647 6.41293666666667
"562" 2020 84015 5.88105
"563" 2020 90829 6.96355666666667
"564" 2020 96802 7.90549666666667
"565" 2020 100550 9.88741666666667
"566" 2020 96939 9.04764
"567" 2020 100969 9.42377333333333
"568" 2020 99152 9.08893333333333
"569" 2020 101890 9.84936666666667
"570" 2020 105990 13.95535
"571" 2020 104572 18.1258133333333
"572" 2020 107321 19.1389116666667
"573" 2020 108172 21.9949733333333
"574" 2020 108011 29.703025
"575" 2020 117246 36.34626
"576" 2020 114629 35.7260383333333
"577" 2020 110982 34.95933
"578" 2020 109967 39.2215633333333
"579" 2020 108260 39.5149
"580" 2020 106606 38.91119
"581" 2020 105583 40.12154
"582" 2020 109358 43.19641
"583" 2020 109875 45.78125
"584" 2020 111507 50.54984
"585" 2020 111357 56.42088
"586" 2020 110399 57.0394833333333
"587" 2020 112149 55.887585
"588" 2020 112304 58.9596
"589" 2020 114225 71.771375
"590" 2020 117517 80.499145
"591" 2020 126052 81.0934533333333
"592" 2020 129176 84.1796933333333
"593" 2020 135741 101.579515
"594" 2020 137549 120.355375
"595" 2020 143904 139.58688
"596" 2020 144018 154.09926
"597" 2020 148627 179.590958333333
"598" 2020 161179 217.59165
"599" 2020 164985 243.62785
"600" 2020 165415 270.177833333333
"601" 2020 162941 300.626145
"602" 2020 158296 327.67272
"603" 2020 158750 368.564583333333
"604" 2020 157282 406.57397
"605" 2020 152464 427.66152
"606" 2020 148827 463.34806
"607" 2020 147914 521.150326666667
"608" 2020 147914 571.194563333333
"609" 2020 149716 604.353586666667
"610" 2020 150807 656.764485
"611" 2020 152004 718.47224
"612" 2020 148181 741.892873333333
"613" 2020 147598 799.735163333333
"614" 2020 146745 873.6219
"615" 2020 145613 952.551708333333
"616" 2020 138619 975.184665
"617" 2020 138144 1035.38928
"618" 2020 136027 1080.05438
"619" 2020 131657 1119.52335666667
"620" 2020 132315 1212.44645
"621" 2020 127516 1224.57865333333
"622" 2020 123831 1271.125215
"623" 2020 125594 1410.83926666667
"624" 2020 124486 1524.74602333333
"625" 2020 121485 1641.464825
"626" 2020 117104 1721.4288
"627" 2020 118474 1899.33567666667
"628" 2020 105282 1872.96678
"629" 2020 103376 2051.49672
"630" 2020 105355 2343.79756666667
"631" 2020 96876 2401.39458
"632" 2020 91155 2523.930025
"633" 2020 83719 2589.42867
"634" 2020 80686 2850.90533333333
"635" 2020 79622 3202.26413666667
"636" 2020 77428 3477.80766666667
"637" 2020 74666 3832.73022333333
"638" 2020 68791 4031.26725166667
"639" 2020 68750 4579.20833333333
"640" 2020 63619 4849.25224333333
"641" 2020 54896 4776.40946666667
"642" 2020 50235 4886.191
"643" 2020 44963 4816.211745
"644" 2020 38602.02 4601.8111409
"645" 2020 32420.84 4374.81411486667
"646" 2020 27767.75 4192.6525725
"647" 2020 23030.98 3834.5430151
"648" 2020 18022.79 3280.17781798333
"649" 2020 14992.06 2980.3465677
"650" 2020 11250.89 2463.10109325
"651" 2020 8477.46 2033.6720085
"652" 2020 6086.76 1590.4298096
"653" 2020 4262.11 1207.93169861667
"654" 2020 2846.84 871.3323188
"655" 2020 1939.39 638.18537035
"656" 2020 977.62 344.2982116
"657" 2020 601.52 225.6872964
"658" 2020 359.11 142.885679383333
"659" 2020 240.88 101.180841066667
"660" 2020 136.77 60.3807637
"661" 2020 58.09 26.8382577166667
"662" 2020 35.23 16.9636560166667
"663" 2020 23.53 11.7619411
"664" 2020 8 4.13610666666667
"665" 2020 4 3.05054666666667
"666" 2020 1 1
"667" 2021 84603 247.32277
"668" 2021 87256 18.9054666666667
"669" 2021 87913 12.30782
"670" 2021 87566 10.94575
"671" 2021 88696 9.31308
"672" 2021 87368 6.69821333333333
"673" 2021 84192 5.89344
"674" 2021 84547 6.48193666666667
"675" 2021 91323 7.458045
"676" 2021 97276 9.56547333333333
"677" 2021 101022 9.42872
"678" 2021 97436 9.09402666666667
"679" 2021 101465 9.30095833333333
"680" 2021 99608 9.62877333333333
"681" 2021 102357 13.477005
"682" 2021 106443 18.45012
"683" 2021 104949 18.715905
"684" 2021 107667 21.89229
"685" 2021 108781 29.914775
"686" 2021 108601 33.66631
"687" 2021 117773 36.7059183333333
"688" 2021 115111 36.259965
"689" 2021 111473 39.7587033333333
"690" 2021 110541 40.347465
"691" 2021 108895 39.746675
"692" 2021 107330 40.7854
"693" 2021 106414 42.03353
"694" 2021 110328 45.97
"695" 2021 110890 50.2701333333333
"696" 2021 112631 57.0663733333333
"697" 2021 112573 58.1627166666667
"698" 2021 111641 55.6344316666667
"699" 2021 113286 59.47515
"700" 2021 113417 71.2636816666667
"701" 2021 115335 79.004475
"702" 2021 118536 76.25816
"703" 2021 127062 82.80207
"704" 2021 130090 97.3506833333333
"705" 2021 136568 119.497
"706" 2021 137969 133.82993
"707" 2021 144490 154.6043
"708" 2021 144521 174.629541666667
"709" 2021 148988 201.1338
"710" 2021 161470 238.437366666667
"711" 2021 165204 269.8332
"712" 2021 165565 305.467425
"713" 2021 163025 337.46175
"714" 2021 158349 367.633595
"715" 2021 158724 410.30154
"716" 2021 157155 440.819775
"717" 2021 152225 473.927166666667
"718" 2021 148521 523.28899
"719" 2021 147533 569.723268333333
"720" 2021 147464 595.263013333333
"721" 2021 149278 650.10569
"722" 2021 150333 710.57398
"723" 2021 151543 758.725286666667
"724" 2021 147664 800.092773333333
"725" 2021 147051 875.44362
"726" 2021 146138 955.986083333333
"727" 2021 145054 1020.45489
"728" 2021 137941 1033.867795
"729" 2021 137449 1091.34506
"730" 2021 135226 1149.87175333333
"731" 2021 130761 1198.20663
"732" 2021 131364 1261.53228
"733" 2021 126474 1298.25561
"734" 2021 122602 1377.22913333333
"735" 2021 124342 1522.98226333333
"736" 2021 123059 1662.73218833333
"737" 2021 119986 1763.7942
"738" 2021 115348 1849.22068666667
"739" 2021 116561 2073.62019
"740" 2021 103254 2049.07563
"741" 2021 101123 2249.64967333333
"742" 2021 102895 2550.59555833333
"743" 2021 94278 2610.40069
"744" 2021 88326 2731.92318
"745" 2021 80850 2856.7
"746" 2021 77596 3120.78179333333
"747" 2021 76124 3419.23633333333
"748" 2021 73448 3770.20825333333
"749" 2021 70402 4125.67453666667
"750" 2021 64342 4285.60614666667
"751" 2021 63752 4859.38994666667
"752" 2021 58734 5110.34745
"753" 2021 49919 4855.45473333333
"754" 2021 44986 4818.67539
"755" 2021 39729 4736.160305
"756" 2021 33604.41 4534.52307805
"757" 2021 27632.29 4172.1994671
"758" 2021 23178.24 3859.0610688
"759" 2021 18982.55 3454.85573758333
"760" 2021 14520.42 2886.5868939
"761" 2021 11785.74 2580.1931295
"762" 2021 8651.65 2075.45873791667
"763" 2021 6367.28 1663.72781546667
"764" 2021 4493.61 1273.54149945
"765" 2021 3001 918.51607
"766" 2021 1992.77 655.75086005
"767" 2021 1283.35 451.970203
"768" 2021 639.6 239.974722
"769" 2021 372.5 148.213404166667
"770" 2021 223.1 93.7124113333333
"771" 2021 134.88 59.5463728
"772" 2021 70.77 32.69656565
"773" 2021 31.09 14.9701977166667
"774" 2021 18.23 9.1126301
"775" 2021 13.53 6.9951904
"776" 2021 5 3.81318333333333
"777" 2021 1 1
