"year" "population" "expected"
"1" 2015 83730 334.92
"2" 2015 83494 17.53374
"3" 2015 83897 10.06764
"4" 2015 82976 6.63808
"5" 2015 84198 4.63089
"6" 2015 82637 7.43733
"7" 2015 82082 9.02902
"8" 2015 80602 5.23913
"9" 2015 79807 4.389385
"10" 2015 79631 4.379705
"11" 2015 79626 5.17569
"12" 2015 78370 7.0533
"13" 2015 79465 9.138475
"14" 2015 79805 9.5766
"15" 2015 84661 10.582625
"16" 2015 84237 15.583845
"17" 2015 85664 16.27616
"18" 2015 87128 18.73252
"19" 2015 90369 28.91808
"20" 2015 91373 30.15309
"21" 2015 93302 30.32315
"22" 2015 95596 31.0687
"23" 2015 100536 31.66884
"24" 2015 103338 34.10154
"25" 2015 105541 33.77312
"26" 2015 106422 36.18348
"27" 2015 110123 36.34059
"28" 2015 109260 33.8706
"29" 2015 112188 36.4611
"30" 2015 113451 34.0353
"31" 2015 115063 37.395475
"32" 2015 114796 49.36228
"33" 2015 117620 51.7528
"34" 2015 117166 45.69474
"35" 2015 117803 42.998095
"36" 2015 114646 53.31039
"37" 2015 113408 62.3744
"38" 2015 113520 59.0304
"39" 2015 112829 69.389835
"40" 2015 112317 71.88288
"41" 2015 114969 71.28078
"42" 2015 115627 80.360765
"43" 2015 119165 104.269375
"44" 2015 123116 127.42506
"45" 2015 124883 129.87832
"46" 2015 128140 157.6122
"47" 2015 131074 175.63916
"48" 2015 132348 180.65502
"49" 2015 135157 222.333265
"50" 2015 135381 259.93152
"51" 2015 137385 284.38695
"52" 2015 133323 291.97737
"53" 2015 128126 301.0961
"54" 2015 123612 321.3912
"55" 2015 120169 364.712915
"56" 2015 116355 398.515875
"57" 2015 111835 390.30415
"58" 2015 108928 425.90848
"59" 2015 105395 470.0617
"60" 2015 100950 498.693
"61" 2015 97474 532.69541
"62" 2015 93958 569.38548
"63" 2015 92790 596.6397
"64" 2015 88729 635.743285
"65" 2015 90535 710.247075
"66" 2015 88082 748.697
"67" 2015 88411 839.9045
"68" 2015 86626 897.44536
"69" 2015 85862 974.96301
"70" 2015 81575 1004.18825
"71" 2015 79860 1075.3149
"72" 2015 76403 1129.618355
"73" 2015 72359 1183.06965
"74" 2015 67018 1231.12066
"75" 2015 61086 1257.45531
"76" 2015 58771 1339.097235
"77" 2015 56078 1432.51251
"78" 2015 52924 1516.00798
"79" 2015 51759 1634.290425
"80" 2015 50050 1802.801
"81" 2015 47388 1959.73074
"82" 2015 44048 2066.07144
"83" 2015 41857 2262.998705
"84" 2015 38304.39 2366.8282581
"85" 2015 36342.66 2566.7003625
"86" 2015 32401.09 2613.95793575
"87" 2015 29282.25 2758.53436125
"88" 2015 25310.91 2740.9184439
"89" 2015 22939.19 2795.94317315
"90" 2015 19773.9 2765.182176
"91" 2015 16613.16 2640.246453
"92" 2015 13736.34 2453.3790057
"93" 2015 10913.74 2240.9182342
"94" 2015 8990.76 1998.1065024
"95" 2015 6554.9 1574.9785975
"96" 2015 4161.16 1125.2192756
"97" 2015 2904.69 861.34224915
"98" 2015 2008.32 649.1191488
"99" 2015 1422.07 497.8809277
"100" 2015 928.28 349.8501664
"101" 2015 651.75 262.7660475
"102" 2015 383.4 164.346327
"103" 2015 237 107.37285
"104" 2015 126 59.99049
"105" 2015 67 33.34389
"106" 2015 24 12.42228
"107" 2015 14 7.50162
"108" 2015 4 2.20942
"109" 2015 1 0.567205
"110" 2015 1 0.78711
"111" 2015 4 4
"112" 2016 84904 339.616
"113" 2016 85645 17.98545
"114" 2016 84249 10.10988
"115" 2016 84600 6.768
"116" 2016 83633 4.599815
"117" 2016 84976 7.64784
"118" 2016 83454 9.17994
"119" 2016 82877 5.387005
"120" 2016 81371 4.475405
"121" 2016 80579 4.431845
"122" 2016 80401 5.226065
"123" 2016 80352 7.23168
"124" 2016 79068 9.09282
"125" 2016 80158 9.61896
"126" 2016 80525 10.065625
"127" 2016 85425 15.803625
"128" 2016 85064 16.16216
"129" 2016 86627 18.624805
"130" 2016 88927 28.45664
"131" 2016 92668 30.58044
"132" 2016 93227 30.298775
"133" 2016 95135 30.918875
"134" 2016 97950 30.85425
"135" 2016 103337 34.10121
"136" 2016 106399 34.04768
"137" 2016 108900 37.026
"138" 2016 109967 36.28911
"139" 2016 113680 35.2408
"140" 2016 112826 36.66845
"141" 2016 115214 34.5642
"142" 2016 116102 37.73315
"143" 2016 117710 50.6153
"144" 2016 116936 51.45184
"145" 2016 119582 46.63698
"146" 2016 118954 43.41821
"147" 2016 119484 55.56006
"148" 2016 116085 63.84675
"149" 2016 114823 59.70796
"150" 2016 114775 70.586625
"151" 2016 114043 72.98752
"152" 2016 113461 70.34582
"153" 2016 116060 80.6617
"154" 2016 116596 102.0215
"155" 2016 120122 124.32627
"156" 2016 123928 128.88512
"157" 2016 125593 154.47939
"158" 2016 128798 172.58932
"159" 2016 131653 179.706345
"160" 2016 132787 218.434615
"161" 2016 135414 259.99488
"162" 2016 135553 280.59471
"163" 2016 137557 301.24983
"164" 2016 133203 313.02705
"165" 2016 128026 332.8676
"166" 2016 123435 374.625225
"167" 2016 119891 410.626675
"168" 2016 115985 404.78765
"169" 2016 111378 435.48798
"170" 2016 108328 483.14288
"171" 2016 104695 517.1933
"172" 2016 99934 546.13931
"173" 2016 96618 585.50508
"174" 2016 93031 598.18933
"175" 2016 91759 657.453235
"176" 2016 87637 687.512265
"177" 2016 89081 757.1885
"178" 2016 86899 825.5405
"179" 2016 87320 904.6352
"180" 2016 85534 971.23857
"181" 2016 84759 1043.38329
"182" 2016 80555 1084.673075
"183" 2016 78648 1162.81068
"184" 2016 75186 1229.2911
"185" 2016 71154 1307.09898
"186" 2016 65706 1352.55801
"187" 2016 59840 1363.4544
"188" 2016 57390 1466.02755
"189" 2016 54599 1563.988355
"190" 2016 51431 1623.933825
"191" 2016 50083 1803.98966
"192" 2016 48254 1995.54417
"193" 2016 45370 2128.07985
"194" 2016 41982 2269.75683
"195" 2016 39590 2446.2661
"196" 2016 35879.39 2533.98191875
"197" 2016 33867.66 2732.2734705
"198" 2016 29757.09 2803.26666345
"199" 2016 26577.25 2878.0504025
"200" 2016 22565.91 2750.44594035
"201" 2016 20155.19 2818.5017696
"202" 2016 17001.9 2702.0269575
"203" 2016 13950.16 2491.5683268
"204" 2016 11327.34 2325.8427222
"205" 2016 8651.74 1922.7626976
"206" 2016 7039.76 1691.478334
"207" 2016 4924.9 1331.742209
"208" 2016 3015.16 894.1004706
"209" 2016 2040.69 659.58161835
"210" 2016 1359.32 475.9115252
"211" 2016 918.07 346.0022216
"212" 2016 600.28 242.0148876
"213" 2016 422.75 181.21390125
"214" 2016 244.4 110.72542
"215" 2016 137 65.227755
"216" 2016 72 35.83224
"217" 2016 32 16.56304
"218" 2016 10 5.3583
"219" 2016 9 4.971195
"220" 2016 1 0.567205
"221" 2016 0 0
"222" 2016 3 3
"223" 2017 86296 345.184
"224" 2017 86967 18.26307
"225" 2017 86612 10.39344
"226" 2017 84936 6.79488
"227" 2017 85304 4.69172
"228" 2017 84434 7.59906
"229" 2017 85702 9.42722
"230" 2017 84384 5.48496
"231" 2017 83741 4.605755
"232" 2017 82195 4.520725
"233" 2017 81375 5.289375
"234" 2017 81149 7.30341
"235" 2017 81083 9.324545
"236" 2017 79781 9.57372
"237" 2017 81032 10.129
"238" 2017 81507 15.078795
"239" 2017 86685 16.47015
"240" 2017 86703 18.641145
"241" 2017 89200 28.544
"242" 2017 92380 30.4854
"243" 2017 94875 30.834375
"244" 2017 95443 31.018975
"245" 2017 97644 30.75786
"246" 2017 100957 33.31581
"247" 2017 106616 34.11712
"248" 2017 109592 37.26128
"249" 2017 112685 37.18605
"250" 2017 113549 35.20019
"251" 2017 116985 38.020125
"252" 2017 115770 34.731
"253" 2017 117891 38.314575
"254" 2017 118441 50.92963
"255" 2017 119771 52.69924
"256" 2017 118859 46.35501
"257" 2017 121138 44.21537
"258" 2017 120459 56.013435
"259" 2017 120823 66.45265
"260" 2017 117375 61.035
"261" 2017 115893 71.274195
"262" 2017 115789 74.10496
"263" 2017 114962 71.27644
"264" 2017 114328 79.45796
"265" 2017 116773 102.176375
"266" 2017 117430 121.54005
"267" 2017 120737 125.56648
"268" 2017 124455 153.07965
"269" 2017 126056 168.91504
"270" 2017 129200 176.358
"271" 2017 131923 217.013335
"272" 2017 133045 255.4464
"273" 2017 135438 280.35666
"274" 2017 135542 296.83698
"275" 2017 137480 323.078
"276" 2017 132962 345.7012
"277" 2017 127619 387.323665
"278" 2017 122990 421.24075
"279" 2017 119313 416.40237
"280" 2017 115325 450.92075
"281" 2017 110590 493.2314
"282" 2017 107594 531.51436
"283" 2017 103695 566.693175
"284" 2017 99032 600.13392
"285" 2017 95579 614.57297
"286" 2017 91869 658.241385
"287" 2017 90533 710.231385
"288" 2017 86145 732.2325
"289" 2017 87745 833.5775
"290" 2017 85790 888.7844
"291" 2017 86206 978.86913
"292" 2017 84482 1039.97342
"293" 2017 83660 1126.4819
"294" 2017 79380 1173.6333
"295" 2017 77360 1264.836
"296" 2017 74007 1359.50859
"297" 2017 69833 1437.512305
"298" 2017 64398 1467.30843
"299" 2017 58444 1492.95198
"300" 2017 55966 1603.14607
"301" 2017 53160 1678.527
"302" 2017 49931 1798.51462
"303" 2017 48295 1997.239725
"304" 2017 46289 2171.185545
"305" 2017 43298 2340.90637
"306" 2017 39825 2460.78675
"307" 2017 37264 2631.77
"308" 2017 33448.39 2698.44886325
"309" 2017 31269.66 2945.7583203
"310" 2017 27064.09 2930.7703061
"311" 2017 23929.25 2916.61663625
"312" 2017 19999.91 2796.7874144
"313" 2017 17436.19 2771.04649575
"314" 2017 14598.9 2607.4365345
"315" 2017 11610.16 2383.9141528
"316" 2017 9269.34 2060.0181216
"317" 2017 6867.74 1650.1462285
"318" 2017 5391.76 1457.9858216
"319" 2017 3730.9 1106.3424315
"320" 2017 2215.16 715.9729394
"321" 2017 1487.69 520.8551459
"322" 2017 920.32 346.8502016
"323" 2017 605.07 243.9460719
"324" 2017 384.28 164.7235434
"325" 2017 236.75 107.2595875
"326" 2017 143.4 68.274891
"327" 2017 73 36.32991
"328" 2017 43 22.256585
"329" 2017 20 10.7166
"330" 2017 4 2.20942
"331" 2017 6 3.40323
"332" 2017 0 0
"333" 2017 3 3
"334" 2018 85611 342.444
"335" 2018 88206 18.52326
"336" 2018 87541 10.50492
"337" 2018 87070 6.9656
"338" 2018 85315 4.692325
"339" 2018 85898 7.73082
"340" 2018 85086 9.35946
"341" 2018 86235 5.605275
"342" 2018 84928 4.67104
"343" 2018 84337 4.638535
"344" 2018 82767 5.379855
"345" 2018 82026 7.38234
"346" 2018 81729 9.398835
"347" 2018 81745 9.8094
"348" 2018 80561 10.070125
"349" 2018 81805 15.133925
"350" 2018 82277 15.63263
"351" 2018 87844 18.88646
"352" 2018 88442 28.30144
"353" 2018 91071 30.05343
"354" 2018 93447 30.370275
"355" 2018 95962 31.18765
"356" 2018 96741 30.473415
"357" 2018 99433 32.81289
"358" 2018 103126 33.00032
"359" 2018 109120 37.1008
"360" 2018 112344 37.07352
"361" 2018 115664 35.85584
"362" 2018 116205 37.766625
"363" 2018 119484 35.8452
"364" 2018 117867 38.306775
"365" 2018 119803 51.51529
"366" 2018 120129 52.85676
"367" 2018 121088 47.22432
"368" 2018 120008 43.80292
"369" 2018 122467 56.947155
"370" 2018 121530 66.8415
"371" 2018 121803 63.33756
"372" 2018 118156 72.66594
"373" 2018 116771 74.73344
"374" 2018 116577 72.27774
"375" 2018 115510 80.27945
"376" 2018 114913 100.548875
"377" 2018 117289 121.394115
"378" 2018 117882 122.59728
"379" 2018 121145 149.00835
"380" 2018 124767 167.18778
"381" 2018 126312 172.41588
"382" 2018 129490 213.01105
"383" 2018 131882 253.21344
"384" 2018 132985 275.27895
"385" 2018 135292 296.28948
"386" 2018 135189 317.69415
"387" 2018 137150 356.59
"388" 2018 132480 402.0768
"389" 2018 126998 434.96815
"390" 2018 122245 426.63505
"391" 2018 118586 463.67126
"392" 2018 114426 510.33996
"393" 2018 109632 541.58208
"394" 2018 106341 581.153565
"395" 2018 102553 621.47118
"396" 2018 97795 628.82185
"397" 2018 94287 675.566355
"398" 2018 90397 709.164465
"399" 2018 88779 754.6215
"400" 2018 84715 804.7925
"401" 2018 86481 895.94316
"402" 2018 84564 960.22422
"403" 2018 84953 1045.77143
"404" 2018 83230 1120.69195
"405" 2018 82377 1217.943945
"406" 2018 78096 1276.8696
"407" 2018 76048 1397.00176
"408" 2018 72610 1494.67685
"409" 2018 68354 1557.44589
"410" 2018 62950 1608.05775
"411" 2018 56973 1631.991585
"412" 2018 54419 1718.279925
"413" 2018 51480 1854.3096
"414" 2018 48170 1992.07035
"415" 2018 46390 2175.92295
"416" 2018 44158 2387.40227
"417" 2018 41049 2536.41771
"418" 2018 37430 2643.49375
"419" 2018 34724 2801.3587
"420" 2018 30890.39 2910.02918995
"421" 2018 28428.66 3078.5395914
"422" 2018 24353.09 2968.27637465
"423" 2018 21092.25 2949.54024
"424" 2018 17369.91 2760.51294675
"425" 2018 14836.19 2649.81771495
"426" 2018 12205.9 2506.237447
"427" 2018 9425.16 2094.6475584
"428" 2018 7307.34 1755.7711185
"429" 2018 5258.74 1422.0158834
"430" 2018 4017.76 1191.4064616
"431" 2018 2671.9 863.5981585
"432" 2018 1545.16 540.9759676
"433" 2018 981.69 369.9793272
"434" 2018 609.32 245.6595444
"435" 2018 374.07 160.34697585
"436" 2018 232.28 105.234454
"437" 2018 127.75 60.82369125
"438" 2018 73.4 36.528978
"439" 2018 37 19.151015
"440" 2018 18 9.64494
"441" 2018 9 4.971195
"442" 2018 3 1.701615
"443" 2018 1 0.78711
"444" 2018 1 1
"445" 2019 86168 344.672
"446" 2019 87251 18.32271
"447" 2019 88804 10.65648
"448" 2019 87997 7.03976
"449" 2019 87660 4.8213
"450" 2019 85802 7.72218
"451" 2019 86517 9.51687
"452" 2019 85659 5.567835
"453" 2019 86853 4.776915
"454" 2019 85473 4.701015
"455" 2019 85018 5.52617
"456" 2019 83396 7.50564
"457" 2019 82540 9.4921
"458" 2019 82340 9.8808
"459" 2019 82268 10.2835
"460" 2019 81171 15.016635
"461" 2019 82430 15.6617
"462" 2019 82884 17.82006
"463" 2019 89304 28.57728
"464" 2019 89923 29.67459
"465" 2019 91845 29.849625
"466" 2019 94380 30.6735
"467" 2019 97306 30.65139
"468" 2019 98475 32.49675
"469" 2019 101439 32.46048
"470" 2019 105517 35.87578
"471" 2019 111890 36.9237
"472" 2019 115025 35.65775
"473" 2019 118232 38.4254
"474" 2019 118624 35.5872
"475" 2019 121551 39.504075
"476" 2019 119651 51.44993
"477" 2019 121315 53.3786
"478" 2019 121692 47.45988
"479" 2019 122281 44.632565
"480" 2019 121206 56.36079
"481" 2019 123482 67.9151
"482" 2019 122485 63.6922
"483" 2019 122602 75.40023
"484" 2019 118931 76.11584
"485" 2019 117388 72.78056
"486" 2019 117070 81.36365
"487" 2019 116092 101.5805
"488" 2019 115478 119.51973
"489" 2019 117755 122.4652
"490" 2019 118183 145.36509
"491" 2019 121474 162.77516
"492" 2019 124965 170.577225
"493" 2019 126408 207.94116
"494" 2019 129619 248.86848
"495" 2019 131905 273.04335
"496" 2019 132812 290.85828
"497" 2019 134948 317.1278
"498" 2019 134843 350.5918
"499" 2019 136638 414.69633
"500" 2019 131834 451.53145
"501" 2019 126338 440.91962
"502" 2019 121521 475.14711
"503" 2019 117627 524.61642
"504" 2019 113412 560.25528
"505" 2019 108172 591.15998
"506" 2019 104986 636.21516
"507" 2019 101270 651.1661
"508" 2019 96383 690.584195
"509" 2019 92718 727.37271
"510" 2019 88544 752.624
"511" 2019 87262 828.989
"512" 2019 83525 865.319
"513" 2019 85299 968.570145
"514" 2019 83366 1026.23546
"515" 2019 83694 1126.93971
"516" 2019 81987 1212.177795
"517" 2019 81041 1325.02035
"518" 2019 76743 1409.76891
"519" 2019 74651 1536.690835
"520" 2019 71073 1619.398305
"521" 2019 66928 1709.67576
"522" 2019 61435 1759.805575
"523" 2019 55340 1747.3605
"524" 2019 52761 1900.45122
"525" 2019 49723 2056.294665
"526" 2019 46253 2169.496965
"527" 2019 44302 2395.18763
"528" 2019 41906 2589.37174
"529" 2019 38648 2729.515
"530" 2019 34943 2819.026525
"531" 2019 32078 3021.90799
"532" 2019 28162.39 3049.7052131
"533" 2019 25693.66 3131.6717491
"534" 2019 21564.09 3015.5223456
"535" 2019 18358.25 2917.58488125
"536" 2019 14812.91 2645.65979055
"537" 2019 12357.19 2537.3018227
"538" 2019 9952.9 2211.932496
"539" 2019 7471.16 1795.132969
"540" 2019 5695.34 1540.0768894
"541" 2019 3950.74 1171.5326859
"542" 2019 2944.76 951.7906034
"543" 2019 1877.9 657.471569
"544" 2019 1081.16 407.4675808
"545" 2019 672.69 271.2084273
"546" 2019 372.32 159.5968296
"547" 2019 214.07 96.9844135
"548" 2019 143.28 68.2177572
"549" 2019 72.75 36.2054925
"550" 2019 42.4 21.946028
"551" 2019 22 11.78826
"552" 2019 10 5.52355
"553" 2019 6 3.40323
"554" 2019 1 0.78711
"555" 2019 1 1
"556" 2020 84500 338
"557" 2020 87774 18.43254
"558" 2020 87829 10.53948
"559" 2020 89144 7.13152
"560" 2020 88448 4.86464
"561" 2020 88205 7.93845
"562" 2020 86352 9.49872
"563" 2020 87092 5.66098
"564" 2020 86267 4.744685
"565" 2020 87432 4.80876
"566" 2020 86101 5.596565
"567" 2020 85724 7.71516
"568" 2020 84001 9.660115
"569" 2020 83159 9.97908
"570" 2020 82890 10.36125
"571" 2020 82856 15.32836
"572" 2020 81637 15.51103
"573" 2020 82950 17.83425
"574" 2020 84207 26.94624
"575" 2020 90630 29.9079
"576" 2020 90818 29.51585
"577" 2020 92668 30.1171
"578" 2020 96074 30.26331
"579" 2020 99246 32.75118
"580" 2020 100697 32.22304
"581" 2020 103940 35.3396
"582" 2020 108374 35.76342
"583" 2020 114777 35.58087
"584" 2020 117966 38.33895
"585" 2020 120790 36.237
"586" 2020 120951 39.309075
"587" 2020 123719 53.19917
"588" 2020 121483 53.45252
"589" 2020 122975 47.96025
"590" 2020 122953 44.877845
"591" 2020 123350 57.35775
"592" 2020 122415 67.32825
"593" 2020 124532 64.75664
"594" 2020 123430 75.90945
"595" 2020 123368 78.95552
"596" 2020 119672 74.19664
"597" 2020 118212 82.15734
"598" 2020 117660 102.9525
"599" 2020 116625 120.706875
"600" 2020 115987 120.62648
"601" 2020 118170 145.3491
"602" 2020 118579 158.89586
"603" 2020 121751 166.190115
"604" 2020 125213 205.975385
"605" 2020 126456 242.79552
"606" 2020 129488 268.04016
"607" 2020 131768 288.57192
"608" 2020 132580 311.563
"609" 2020 134647 350.0822
"610" 2020 134334 407.70369
"611" 2020 135976 465.7178
"612" 2020 131156 457.73444
"613" 2020 125675 491.38925
"614" 2020 120627 537.99642
"615" 2020 116586 575.93484
"616" 2020 111966 611.89419
"617" 2020 106920 647.9352
"618" 2020 103644 666.43092
"619" 2020 99887 715.690355
"620" 2020 94930 744.72585
"621" 2020 90810 771.885
"622" 2020 87083 827.2885
"623" 2020 86127 892.27572
"624" 2020 82416 935.83368
"625" 2020 84176 1036.20656
"626" 2020 82159 1106.270935
"627" 2020 82424 1218.63884
"628" 2020 80621 1318.15335
"629" 2020 79524 1460.85588
"630" 2020 75363 1551.347355
"631" 2020 73162 1666.99617
"632" 2020 69497 1775.300865
"633" 2020 65330 1871.37785
"634" 2020 59792 1887.9324
"635" 2020 53646 1932.32892
"636" 2020 51003 2109.229065
"637" 2020 47790 2241.58995
"638" 2020 44240 2391.8356
"639" 2020 41987 2594.37673
"640" 2020 39493 2789.193125
"641" 2020 36129 2914.707075
"642" 2020 32378 3050.16949
"643" 2020 29277 3170.40633
"644" 2020 25394.39 3095.19522515
"645" 2020 22877.66 3199.2119744
"646" 2020 18770.09 2983.03655325
"647" 2020 15813.25 2824.32551625
"648" 2020 12358.91 2537.6549903
"649" 2020 10142.19 2254.0003056
"650" 2020 7907.9 1900.0706725
"651" 2020 5827.16 1575.7223356
"652" 2020 4275.34 1267.7879469
"653" 2020 2842.74 918.8162091
"654" 2020 2094.76 733.3964236
"655" 2020 1286.9 485.006872
"656" 2020 709.16 285.9120372
"657" 2020 431.69 185.04607695
"658" 2020 223.32 101.175126
"659" 2020 135.07 64.30885305
"660" 2020 64.28 31.9902276
"661" 2020 38.75 20.05680625
"662" 2020 21.4 11.466762
"663" 2020 8 4.41884
"664" 2020 4 2.26882
"665" 2020 0 0
"666" 2020 1 1
"667" 2021 84374 337.496
"668" 2021 86267 18.11607
"669" 2021 88408 10.60896
"670" 2021 88343 7.06744
"671" 2021 89726 4.93493
"672" 2021 89089 8.01801
"673" 2021 88843 9.77273
"674" 2021 87050 5.65825
"675" 2021 87817 4.829935
"676" 2021 86886 4.77873
"677" 2021 88123 5.727995
"678" 2021 86771 7.80939
"679" 2021 86290 9.92335
"680" 2021 84505 10.1406
"681" 2021 83779 10.472375
"682" 2021 83528 15.45268
"683" 2021 83495 15.86405
"684" 2021 82275 17.689125
"685" 2021 84863 27.15616
"686" 2021 85869 28.33677
"687" 2021 91781 29.828825
"688" 2021 91899 29.867175
"689" 2021 94606 29.80089
"690" 2021 98165 32.39445
"691" 2021 101730 32.5536
"692" 2021 103391 35.15294
"693" 2021 106951 35.29383
"694" 2021 111364 34.52284
"695" 2021 117703 38.253475
"696" 2021 120544 36.1632
"697" 2021 123399 40.104675
"698" 2021 123312 53.02416
"699" 2021 125806 55.35464
"700" 2021 123335 48.10065
"701" 2021 124607 45.481555
"702" 2021 124565 57.922725
"703" 2021 124621 68.54155
"704" 2021 123553 64.24756
"705" 2021 125613 77.251995
"706" 2021 124419 79.62816
"707" 2021 124293 77.06166
"708" 2021 120596 83.81422
"709" 2021 119017 104.139875
"710" 2021 118364 122.50674
"711" 2021 117348 122.04192
"712" 2021 116590 143.4057
"713" 2021 118719 159.08346
"714" 2021 118960 162.3804
"715" 2021 122118 200.88411
"716" 2021 125472 240.90624
"717" 2021 126614 262.09098
"718" 2021 129574 283.76706
"719" 2021 131663 309.40805
"720" 2021 132408 344.2608
"721" 2021 134350 407.75225
"722" 2021 134009 458.980825
"723" 2021 135357 472.39593
"724" 2021 130537 510.39967
"725" 2021 124810 556.6526
"726" 2021 119787 591.74778
"727" 2021 115194 629.53521
"728" 2021 110830 671.6298
"729" 2021 105694 679.61242
"730" 2021 102294 732.93651
"731" 2021 98367 771.689115
"732" 2021 93072 791.112
"733" 2021 89445 849.7275
"734" 2021 86013 891.09468
"735" 2021 84991 965.072805
"736" 2021 81393 1001.94783
"737" 2021 82979 1117.312235
"738" 2021 80954 1196.90489
"739" 2021 81087 1325.77245
"740" 2021 79224 1455.34488
"741" 2021 77971 1605.033035
"742" 2021 73785 1681.191225
"743" 2021 71402 1823.96409
"744" 2021 67781 1941.586745
"745" 2021 63347 2000.181525
"746" 2021 57937 2086.89074
"747" 2021 51610 2134.33155
"748" 2021 48820 2289.9021
"749" 2021 45494 2459.63311
"750" 2021 41832 2584.79928
"751" 2021 39330 2777.68125
"752" 2021 36479 2942.943325
"753" 2021 33042 3112.72161
"754" 2021 29164 3158.16956
"755" 2021 26047 3174.738595
"756" 2021 22169.39 3100.1674976
"757" 2021 19604.66 3115.6705905
"758" 2021 15688.09 2801.97131445
"759" 2021 12878.25 2644.2910725
"760" 2021 9857.91 2190.8219184
"761" 2021 7866.19 1890.04880225
"762" 2021 5963.9 1612.698199
"763" 2021 4220.16 1251.4251456
"764" 2021 3041.34 983.0067081
"765" 2021 1979.74 693.1267714
"766" 2021 1367.76 515.4813888
"767" 2021 810.9 326.930553
"768" 2021 443.16 189.9627498
"769" 2021 262.69 119.0117045
"770" 2021 125.32 59.6667318
"771" 2021 76.07 37.8577569
"772" 2021 32.28 16.7079666
"773" 2021 16.75 8.9751525
"774" 2021 9.4 5.192137
"775" 2021 0 0
"776" 2021 0 0
"777" 2021 0 0
