"year" "population" "expected"
"1" 2015 83730 298.0788
"2" 2015 83494 14.19398
"3" 2015 83897 8.809185
"4" 2015 82976 7.46784
"5" 2015 84198 7.15683
"6" 2015 82637 5.78459
"7" 2015 82082 5.74574
"8" 2015 80602 5.23913
"9" 2015 79807 4.78842
"10" 2015 79631 5.176015
"11" 2015 79626 5.17569
"12" 2015 78370 5.4859
"13" 2015 79465 7.549175
"14" 2015 79805 8.379525
"15" 2015 84661 10.15932
"16" 2015 84237 12.63555
"17" 2015 85664 14.9912
"18" 2015 87128 19.6038
"19" 2015 90369 25.755165
"20" 2015 91373 26.49817
"21" 2015 93302 27.05758
"22" 2015 95596 29.63476
"23" 2015 100536 30.66348
"24" 2015 103338 33.06816
"25" 2015 105541 35.356235
"26" 2015 106422 32.99082
"27" 2015 110123 32.486285
"28" 2015 109260 32.778
"29" 2015 112188 37.58298
"30" 2015 113451 36.30432
"31" 2015 115063 36.82016
"32" 2015 114796 43.62248
"33" 2015 117620 44.6956
"34" 2015 117166 45.69474
"35" 2015 117803 50.066275
"36" 2015 114646 51.01747
"37" 2015 113408 52.73472
"38" 2015 113520 60.7332
"39" 2015 112829 66.004965
"40" 2015 112317 66.828615
"41" 2015 114969 75.87954
"42" 2015 115627 86.142115
"43" 2015 119165 97.7153
"44" 2015 123116 113.8823
"45" 2015 124883 128.005075
"46" 2015 128140 142.8761
"47" 2015 131074 158.59954
"48" 2015 132348 178.00806
"49" 2015 135157 206.79021
"50" 2015 135381 232.85532
"51" 2015 137385 254.849175
"52" 2015 133323 271.97892
"53" 2015 128126 290.84602
"54" 2015 123612 312.1203
"55" 2015 120169 345.485875
"56" 2015 116355 364.772925
"57" 2015 111835 375.7656
"58" 2015 108928 400.85504
"59" 2015 105395 432.1195
"60" 2015 100950 459.3225
"61" 2015 97474 492.73107
"62" 2015 93958 527.57417
"63" 2015 92790 561.84345
"64" 2015 88729 602.46991
"65" 2015 90535 685.34995
"66" 2015 88082 727.99773
"67" 2015 88411 801.88777
"68" 2015 86626 847.20228
"69" 2015 85862 910.99582
"70" 2015 81575 941.783375
"71" 2015 79860 1026.201
"72" 2015 76403 1102.113275
"73" 2015 72359 1141.82502
"74" 2015 67018 1167.45356
"75" 2015 61086 1171.62948
"76" 2015 58771 1239.186535
"77" 2015 56078 1321.75846
"78" 2015 52924 1405.66144
"79" 2015 51759 1542.93579
"80" 2015 50050 1705.45375
"81" 2015 47388 1847.65812
"82" 2015 44048 1953.74904
"83" 2015 41857 2140.357695
"84" 2015 38304.39 2251.1490003
"85" 2015 36342.66 2432.4142338
"86" 2015 32401.09 2491.80582645
"87" 2015 29282.25 2607.43795125
"88" 2015 25310.91 2562.60308295
"89" 2015 22939.19 2647.4119179
"90" 2015 19773.9 2614.6039275
"91" 2015 16613.16 2472.6196686
"92" 2015 13736.34 2296.029231
"93" 2015 10913.74 2059.0953258
"94" 2015 8990.76 1883.0247744
"95" 2015 6554.9 1510.773352
"96" 2015 4161.16 1058.2454054
"97" 2015 2904.69 811.3380108
"98" 2015 2008.32 612.6279744
"99" 2015 1422.07 470.9753633
"100" 2015 928.28 331.8044032
"101" 2015 651.75 249.92983125
"102" 2015 383.4 156.801015
"103" 2015 237 102.771495
"104" 2015 126 57.60783
"105" 2015 67 32.12516
"106" 2015 24 12.00708
"107" 2015 14 7.2737
"108" 2015 4 2.14876
"109" 2015 1 0.5532
"110" 2015 1 0.7804
"111" 2015 4 4
"112" 2016 84904 302.25824
"113" 2016 85645 14.55965
"114" 2016 84249 8.846145
"115" 2016 84600 7.614
"116" 2016 83633 7.108805
"117" 2016 84976 5.94832
"118" 2016 83454 5.84178
"119" 2016 82877 5.387005
"120" 2016 81371 4.88226
"121" 2016 80579 5.237635
"122" 2016 80401 5.226065
"123" 2016 80352 5.62464
"124" 2016 79068 7.51146
"125" 2016 80158 8.41659
"126" 2016 80525 9.663
"127" 2016 85425 12.81375
"128" 2016 85064 14.8862
"129" 2016 86627 19.491075
"130" 2016 88927 25.344195
"131" 2016 92668 26.87372
"132" 2016 93227 27.03583
"133" 2016 95135 29.49185
"134" 2016 97950 29.87475
"135" 2016 103337 33.06784
"136" 2016 106399 35.643665
"137" 2016 108900 33.759
"138" 2016 109967 32.440265
"139" 2016 113680 34.104
"140" 2016 112826 37.79671
"141" 2016 115214 36.86848
"142" 2016 116102 37.15264
"143" 2016 117710 44.7298
"144" 2016 116936 44.43568
"145" 2016 119582 46.63698
"146" 2016 118954 50.55545
"147" 2016 119484 53.17038
"148" 2016 116085 53.979525
"149" 2016 114823 61.430305
"150" 2016 114775 67.143375
"151" 2016 114043 67.855585
"152" 2016 113461 74.88426
"153" 2016 116060 86.4647
"154" 2016 116596 95.60872
"155" 2016 120122 111.11285
"156" 2016 123928 127.0262
"157" 2016 125593 140.036195
"158" 2016 128798 155.84558
"159" 2016 131653 177.073285
"160" 2016 132787 203.16411
"161" 2016 135414 232.91208
"162" 2016 135553 251.450815
"163" 2016 137557 280.61628
"164" 2016 133203 302.37081
"165" 2016 128026 323.26565
"166" 2016 123435 354.875625
"167" 2016 119891 375.858285
"168" 2016 115985 389.7096
"169" 2016 111378 409.87104
"170" 2016 108328 444.1448
"171" 2016 104695 476.36225
"172" 2016 99934 505.16637
"173" 2016 96618 542.51007
"174" 2016 93031 563.302705
"175" 2016 91759 623.04361
"176" 2016 87637 663.41209
"177" 2016 89081 736.254465
"178" 2016 86899 788.17393
"179" 2016 87320 853.9896
"180" 2016 85534 907.51574
"181" 2016 84759 978.542655
"182" 2016 80555 1035.13175
"183" 2016 78648 1134.4974
"184" 2016 75186 1186.43508
"185" 2016 71154 1239.50268
"186" 2016 65706 1260.24108
"187" 2016 59840 1261.7264
"188" 2016 57390 1352.6823
"189" 2016 54599 1450.14944
"190" 2016 51431 1533.15811
"191" 2016 50083 1706.578225
"192" 2016 48254 1881.42346
"193" 2016 45370 2012.38635
"194" 2016 41982 2146.74957
"195" 2016 39590 2326.7043
"196" 2016 35879.39 2401.4075727
"197" 2016 33867.66 2604.5923923
"198" 2016 29757.09 2649.72007905
"199" 2016 26577.25 2690.81367625
"200" 2016 22565.91 2604.3316731
"201" 2016 20155.19 2665.01999775
"202" 2016 17001.9 2530.4777865
"203" 2016 13950.16 2331.769244
"204" 2016 11327.34 2137.1292378
"205" 2016 8651.74 1812.0204256
"206" 2016 7039.76 1622.5238848
"207" 2016 4924.9 1252.4759435
"208" 2016 3015.16 842.1944912
"209" 2016 2040.69 622.50228105
"210" 2016 1359.32 450.1931908
"211" 2016 918.07 328.1549408
"212" 2016 600.28 230.192373
"213" 2016 422.75 172.89418125
"214" 2016 244.4 105.980394
"215" 2016 137 62.637085
"216" 2016 72 34.52256
"217" 2016 32 16.00944
"218" 2016 10 5.1955
"219" 2016 9 4.83471
"220" 2016 1 0.5532
"221" 2016 0 0
"222" 2016 3 3
"223" 2017 86296 307.21376
"224" 2017 86967 14.78439
"225" 2017 86612 9.09426
"226" 2017 84936 7.64424
"227" 2017 85304 7.25084
"228" 2017 84434 5.91038
"229" 2017 85702 5.99914
"230" 2017 84384 5.48496
"231" 2017 83741 5.02446
"232" 2017 82195 5.342675
"233" 2017 81375 5.289375
"234" 2017 81149 5.68043
"235" 2017 81083 7.702885
"236" 2017 79781 8.377005
"237" 2017 81032 9.72384
"238" 2017 81507 12.22605
"239" 2017 86685 15.169875
"240" 2017 86703 19.508175
"241" 2017 89200 25.422
"242" 2017 92380 26.7902
"243" 2017 94875 27.51375
"244" 2017 95443 29.58733
"245" 2017 97644 29.78142
"246" 2017 100957 32.30624
"247" 2017 106616 35.71636
"248" 2017 109592 33.97352
"249" 2017 112685 33.242075
"250" 2017 113549 34.0647
"251" 2017 116985 39.189975
"252" 2017 115770 37.0464
"253" 2017 117891 37.72512
"254" 2017 118441 45.00758
"255" 2017 119771 45.51298
"256" 2017 118859 46.35501
"257" 2017 121138 51.48365
"258" 2017 120459 53.604255
"259" 2017 120823 56.182695
"260" 2017 117375 62.795625
"261" 2017 115893 67.797405
"262" 2017 115789 68.894455
"263" 2017 114962 75.87492
"264" 2017 114328 85.17436
"265" 2017 116773 95.75386
"266" 2017 117430 108.62275
"267" 2017 120737 123.755425
"268" 2017 124455 138.767325
"269" 2017 126056 152.52776
"270" 2017 129200 173.774
"271" 2017 131923 201.84219
"272" 2017 133045 228.8374
"273" 2017 135438 251.23749
"274" 2017 135542 276.50568
"275" 2017 137480 312.0796
"276" 2017 132962 335.72905
"277" 2017 127619 366.904625
"278" 2017 122990 385.57365
"279" 2017 119313 400.89168
"280" 2017 115325 424.396
"281" 2017 110590 453.419
"282" 2017 107594 489.5527
"283" 2017 103695 524.178225
"284" 2017 99032 556.06468
"285" 2017 95579 578.730845
"286" 2017 91869 623.79051
"287" 2017 90533 685.33481
"288" 2017 86145 711.988425
"289" 2017 87745 795.84715
"290" 2017 85790 839.0262
"291" 2017 86206 914.64566
"292" 2017 84482 975.34469
"293" 2017 83660 1075.031
"294" 2017 79380 1145.0565
"295" 2017 77360 1220.7408
"296" 2017 74007 1289.20194
"297" 2017 69833 1339.39694
"298" 2017 64398 1357.83183
"299" 2017 58444 1377.52508
"300" 2017 55966 1486.45696
"301" 2017 53160 1584.6996
"302" 2017 49931 1701.398825
"303" 2017 48295 1883.02205
"304" 2017 46289 2053.148595
"305" 2017 43298 2214.04323
"306" 2017 39825 2340.51525
"307" 2017 37264 2494.07952
"308" 2017 33448.39 2572.34843295
"309" 2017 31269.66 2784.4068747
"310" 2017 27064.09 2740.10379205
"311" 2017 23929.25 2761.6747425
"312" 2017 19999.91 2644.48809975
"313" 2017 17436.19 2595.11533865
"314" 2017 14598.9 2440.206135
"315" 2017 11610.16 2190.4888872
"316" 2017 9269.34 1941.3705696
"317" 2017 6867.74 1582.8767152
"318" 2017 5391.76 1371.2054444
"319" 2017 3730.9 1042.114988
"320" 2017 2215.16 675.7234822
"321" 2017 1487.69 492.7080511
"322" 2017 920.32 328.9591808
"323" 2017 605.07 232.02921825
"324" 2017 384.28 157.160913
"325" 2017 236.75 102.66308625
"326" 2017 143.4 65.563197
"327" 2017 73 35.00204
"328" 2017 43 21.512685
"329" 2017 20 10.391
"330" 2017 4 2.14876
"331" 2017 6 3.3192
"332" 2017 0 0
"333" 2017 3 3
"334" 2018 85611 304.77516
"335" 2018 88206 14.99502
"336" 2018 87541 9.191805
"337" 2018 87070 7.8363
"338" 2018 85315 7.251775
"339" 2018 85898 6.01286
"340" 2018 85086 5.95602
"341" 2018 86235 5.605275
"342" 2018 84928 5.09568
"343" 2018 84337 5.481905
"344" 2018 82767 5.379855
"345" 2018 82026 5.74182
"346" 2018 81729 7.764255
"347" 2018 81745 8.583225
"348" 2018 80561 9.66732
"349" 2018 81805 12.27075
"350" 2018 82277 14.398475
"351" 2018 87844 19.7649
"352" 2018 88442 25.20597
"353" 2018 91071 26.41059
"354" 2018 93447 27.09963
"355" 2018 95962 29.74822
"356" 2018 96741 29.506005
"357" 2018 99433 31.81856
"358" 2018 103126 34.54721
"359" 2018 109120 33.8272
"360" 2018 112344 33.14148
"361" 2018 115664 34.6992
"362" 2018 116205 38.928675
"363" 2018 119484 38.23488
"364" 2018 117867 37.71744
"365" 2018 119803 45.52514
"366" 2018 120129 45.64902
"367" 2018 121088 47.22432
"368" 2018 120008 51.0034
"369" 2018 122467 54.497815
"370" 2018 121530 56.51145
"371" 2018 121803 65.164605
"372" 2018 118156 69.12126
"373" 2018 116771 69.478745
"374" 2018 116577 76.94082
"375" 2018 115510 86.05495
"376" 2018 114913 94.22866
"377" 2018 117289 108.492325
"378" 2018 117882 120.82905
"379" 2018 121145 135.076675
"380" 2018 124767 150.96807
"381" 2018 126312 169.88964
"382" 2018 129490 198.1197
"383" 2018 131882 226.83704
"384" 2018 132985 246.687175
"385" 2018 135292 275.99568
"386" 2018 135189 306.87903
"387" 2018 137150 346.30375
"388" 2018 132480 380.88
"389" 2018 126998 398.13873
"390" 2018 122245 410.7432
"391" 2018 118586 436.39648
"392" 2018 114426 469.1466
"393" 2018 109632 498.8256
"394" 2018 106341 537.553755
"395" 2018 102553 575.835095
"396" 2018 97795 592.148725
"397" 2018 94287 640.20873
"398" 2018 90397 684.30529
"399" 2018 88779 733.758435
"400" 2018 84715 768.36505
"401" 2018 86481 845.78418
"402" 2018 84564 897.22404
"403" 2018 84953 980.782385
"404" 2018 83230 1069.5055
"405" 2018 82377 1188.288225
"406" 2018 78096 1232.35488
"407" 2018 76048 1324.75616
"408" 2018 72610 1392.6598
"409" 2018 68354 1441.24409
"410" 2018 62950 1483.7315
"411" 2018 56973 1513.20288
"412" 2018 54419 1622.23039
"413" 2018 51480 1754.181
"414" 2018 48170 1878.1483
"415" 2018 46390 2057.62845
"416" 2018 44158 2258.01933
"417" 2018 41049 2412.44973
"418" 2018 37430 2505.1899
"419" 2018 34724 2670.44922
"420" 2018 30890.39 2750.63477755
"421" 2018 28428.66 2878.2596817
"422" 2018 24353.09 2810.5901169
"423" 2018 21092.25 2788.92275625
"424" 2018 17369.91 2585.25055485
"425" 2018 14836.19 2479.8691585
"426" 2018 12205.9 2302.887153
"427" 2018 9425.16 1974.0055104
"428" 2018 7307.34 1684.1957232
"429" 2018 5258.74 1337.3764631
"430" 2018 4017.76 1122.2407232
"431" 2018 2671.9 815.0497355
"432" 2018 1545.16 511.7415404
"433" 2018 981.69 350.8952736
"434" 2018 609.32 233.658987
"435" 2018 374.07 152.98527825
"436" 2018 232.28 100.7247378
"437" 2018 127.75 58.40793875
"438" 2018 73.4 35.193832
"439" 2018 37 18.510915
"440" 2018 18 9.3519
"441" 2018 9 4.83471
"442" 2018 3 1.6596
"443" 2018 1 0.7804
"444" 2018 1 1
"445" 2019 86168 306.75808
"446" 2019 87251 14.83267
"447" 2019 88804 9.32442
"448" 2019 87997 7.91973
"449" 2019 87660 7.4511
"450" 2019 85802 6.00614
"451" 2019 86517 6.05619
"452" 2019 85659 5.567835
"453" 2019 86853 5.21118
"454" 2019 85473 5.555745
"455" 2019 85018 5.52617
"456" 2019 83396 5.83772
"457" 2019 82540 7.8413
"458" 2019 82340 8.6457
"459" 2019 82268 9.87216
"460" 2019 81171 12.17565
"461" 2019 82430 14.42525
"462" 2019 82884 18.6489
"463" 2019 89304 25.45164
"464" 2019 89923 26.07767
"465" 2019 91845 26.63505
"466" 2019 94380 29.2578
"467" 2019 97306 29.67833
"468" 2019 98475 31.512
"469" 2019 101439 33.982065
"470" 2019 105517 32.71027
"471" 2019 111890 33.00755
"472" 2019 115025 34.5075
"473" 2019 118232 39.60772
"474" 2019 118624 37.95968
"475" 2019 121551 38.89632
"476" 2019 119651 45.46738
"477" 2019 121315 46.0997
"478" 2019 121692 47.45988
"479" 2019 122281 51.969425
"480" 2019 121206 53.93667
"481" 2019 123482 57.41913
"482" 2019 122485 65.529475
"483" 2019 122602 71.72217
"484" 2019 118931 70.763945
"485" 2019 117388 77.47608
"486" 2019 117070 87.21715
"487" 2019 116092 95.19544
"488" 2019 115478 106.81715
"489" 2019 117755 120.698875
"490" 2019 118183 131.774045
"491" 2019 121474 146.98354
"492" 2019 124965 168.077925
"493" 2019 126408 193.40424
"494" 2019 129619 222.94468
"495" 2019 131905 244.683775
"496" 2019 132812 270.93648
"497" 2019 134948 306.33196
"498" 2019 134843 340.478575
"499" 2019 136638 392.83425
"500" 2019 131834 413.29959
"501" 2019 126338 424.49568
"502" 2019 121521 447.19728
"503" 2019 117627 482.2707
"504" 2019 113412 516.0246
"505" 2019 108172 546.80946
"506" 2019 104986 589.49639
"507" 2019 101270 613.18985
"508" 2019 96383 654.44057
"509" 2019 92718 701.87526
"510" 2019 88544 731.81616
"511" 2019 87262 791.46634
"512" 2019 83525 816.8745
"513" 2019 85299 905.02239
"514" 2019 83366 962.46047
"515" 2019 83694 1075.4679
"516" 2019 81987 1182.662475
"517" 2019 81041 1278.82698
"518" 2019 76743 1336.86306
"519" 2019 74651 1431.80618
"520" 2019 71073 1498.574205
"521" 2019 66928 1577.49296
"522" 2019 61435 1631.7136
"523" 2019 55340 1649.6854
"524" 2019 52761 1797.831075
"525" 2019 49723 1938.69977
"526" 2019 46253 2051.551815
"527" 2019 44302 2265.38277
"528" 2019 41906 2462.81562
"529" 2019 38648 2586.71064
"530" 2019 34943 2687.291415
"531" 2019 32078 2856.38551
"532" 2019 28162.39 2851.30117555
"533" 2019 25693.66 2965.3053006
"534" 2019 21564.09 2851.31180025
"535" 2019 18358.25 2732.35013875
"536" 2019 14812.91 2475.9779065
"537" 2019 12357.19 2331.4310373
"538" 2019 9952.9 2084.535376
"539" 2019 7471.16 1721.9529568
"540" 2019 5695.34 1448.4103921
"541" 2019 3950.74 1103.5206968
"542" 2019 2944.76 898.2843142
"543" 2019 1877.9 621.941701
"544" 2019 1081.16 386.4498304
"545" 2019 672.69 257.95979775
"546" 2019 372.32 152.269572
"547" 2019 214.07 92.82824445
"548" 2019 143.28 65.5083324
"549" 2019 72.75 34.88217
"550" 2019 42.4 21.212508
"551" 2019 22 11.4301
"552" 2019 10 5.3719
"553" 2019 6 3.3192
"554" 2019 1 0.7804
"555" 2019 1 1
"556" 2020 84500 300.82
"557" 2020 87774 14.92158
"558" 2020 87829 9.222045
"559" 2020 89144 8.02296
"560" 2020 88448 7.51808
"561" 2020 88205 6.17435
"562" 2020 86352 6.04464
"563" 2020 87092 5.66098
"564" 2020 86267 5.17602
"565" 2020 87432 5.68308
"566" 2020 86101 5.596565
"567" 2020 85724 6.00068
"568" 2020 84001 7.980095
"569" 2020 83159 8.731695
"570" 2020 82890 9.9468
"571" 2020 82856 12.4284
"572" 2020 81637 14.286475
"573" 2020 82950 18.66375
"574" 2020 84207 23.998995
"575" 2020 90630 26.2827
"576" 2020 90818 26.33722
"577" 2020 92668 28.72708
"578" 2020 96074 29.30257
"579" 2020 99246 31.75872
"580" 2020 100697 33.733495
"581" 2020 103940 32.2214
"582" 2020 108374 31.97033
"583" 2020 114777 34.4331
"584" 2020 117966 39.51861
"585" 2020 120790 38.6528
"586" 2020 120951 38.70432
"587" 2020 123719 47.01322
"588" 2020 121483 46.16354
"589" 2020 122975 47.96025
"590" 2020 122953 52.255025
"591" 2020 123350 54.89075
"592" 2020 122415 56.922975
"593" 2020 124532 66.62462
"594" 2020 123430 72.20655
"595" 2020 123368 73.40396
"596" 2020 119672 78.98352
"597" 2020 118212 88.06794
"598" 2020 117660 96.4812
"599" 2020 116625 107.878125
"600" 2020 115987 118.886675
"601" 2020 118170 131.75955
"602" 2020 118579 143.48059
"603" 2020 121751 163.755095
"604" 2020 125213 191.57589
"605" 2020 126456 217.50432
"606" 2020 129488 240.20024
"607" 2020 131768 268.80672
"608" 2020 132580 300.9566
"609" 2020 134647 339.983675
"610" 2020 134334 386.21025
"611" 2020 135976 426.28476
"612" 2020 131156 440.68416
"613" 2020 125675 462.484
"614" 2020 120627 494.5707
"615" 2020 116586 530.4663
"616" 2020 111966 565.98813
"617" 2020 106920 600.3558
"618" 2020 103644 627.56442
"619" 2020 99887 678.23273
"620" 2020 94930 718.6201
"621" 2020 90810 750.54465
"622" 2020 87083 789.84281
"623" 2020 86127 842.32206
"624" 2020 82416 874.43376
"625" 2020 84176 971.81192
"626" 2020 82159 1055.74315
"627" 2020 82424 1188.9662
"628" 2020 80621 1272.19938
"629" 2020 79524 1385.30808
"630" 2020 75363 1445.46234
"631" 2020 73162 1542.62077
"632" 2020 69497 1638.04429
"633" 2020 65330 1735.1648
"634" 2020 59792 1782.39952
"635" 2020 53646 1827.98745
"636" 2020 51003 1988.60697
"637" 2020 47790 2119.72545
"638" 2020 44240 2262.2124
"639" 2020 41987 2467.57599
"640" 2020 39493 2643.26649
"641" 2020 36129 2778.500745
"642" 2020 32378 2883.09901
"643" 2020 29277 2964.149865
"644" 2020 25394.39 2930.7665499
"645" 2020 22877.66 3024.9985935
"646" 2020 18770.09 2793.64634515
"647" 2020 15813.25 2643.1847375
"648" 2020 12358.91 2331.7555497
"649" 2020 10142.19 2124.1802736
"650" 2020 7907.9 1822.612792
"651" 2020 5827.16 1481.9341954
"652" 2020 4275.34 1194.1879688
"653" 2020 2842.74 867.1636233
"654" 2020 2094.76 693.7635644
"655" 2020 1286.9 459.989536
"656" 2020 709.16 271.945131
"657" 2020 431.69 176.55041775
"658" 2020 223.32 96.8393682
"659" 2020 135.07 61.75467935
"660" 2020 64.28 30.8209744
"661" 2020 38.75 19.38643125
"662" 2020 21.4 11.11837
"663" 2020 8 4.29752
"664" 2020 4 2.2128
"665" 2020 0 0
"666" 2020 1 1
"667" 2021 84374 300.37144
"668" 2021 86267 14.66539
"669" 2021 88408 9.28284
"670" 2021 88343 7.95087
"671" 2021 89726 7.62671
"672" 2021 89089 6.23623
"673" 2021 88843 6.21901
"674" 2021 87050 5.65825
"675" 2021 87817 5.26902
"676" 2021 86886 5.64759
"677" 2021 88123 5.727995
"678" 2021 86771 6.07397
"679" 2021 86290 8.19755
"680" 2021 84505 8.873025
"681" 2021 83779 10.05348
"682" 2021 83528 12.5292
"683" 2021 83495 14.611625
"684" 2021 82275 18.511875
"685" 2021 84863 24.185955
"686" 2021 85869 24.90201
"687" 2021 91781 26.61649
"688" 2021 91899 28.48869
"689" 2021 94606 28.85483
"690" 2021 98165 31.4128
"691" 2021 101730 34.07955
"692" 2021 103391 32.05121
"693" 2021 106951 31.550545
"694" 2021 111364 33.4092
"695" 2021 117703 39.430505
"696" 2021 120544 38.57408
"697" 2021 123399 39.48768
"698" 2021 123312 46.85856
"699" 2021 125806 47.80628
"700" 2021 123335 48.10065
"701" 2021 124607 52.957975
"702" 2021 124565 55.431425
"703" 2021 124621 57.948765
"704" 2021 123553 66.100855
"705" 2021 125613 73.483605
"706" 2021 124419 74.029305
"707" 2021 124293 82.03338
"708" 2021 120596 89.84402
"709" 2021 119017 97.59394
"710" 2021 118364 109.4867
"711" 2021 117348 120.2817
"712" 2021 116590 129.99785
"713" 2021 118719 143.64999
"714" 2021 118960 160.0012
"715" 2021 122118 186.84054
"716" 2021 125472 215.81184
"717" 2021 126614 234.86897
"718" 2021 129574 264.33096
"719" 2021 131663 298.87501
"720" 2021 132408 334.3302
"721" 2021 134350 386.25625
"722" 2021 134009 420.118215
"723" 2021 135357 454.79952
"724" 2021 130537 480.37616
"725" 2021 124810 511.721
"726" 2021 119787 545.03085
"727" 2021 115194 582.30567
"728" 2021 110830 622.31045
"729" 2021 105694 639.97717
"730" 2021 102294 694.57626
"731" 2021 98367 744.63819
"732" 2021 93072 769.24008
"733" 2021 89445 811.26615
"734" 2021 86013 841.20714
"735" 2021 84991 901.75451
"736" 2021 81393 939.682185
"737" 2021 82979 1066.28015
"738" 2021 80954 1167.76145
"739" 2021 81087 1279.55286
"740" 2021 79224 1380.08208
"741" 2021 77971 1495.48378
"742" 2021 73785 1555.756725
"743" 2021 71402 1682.94514
"744" 2021 67781 1800.26336
"745" 2021 63347 1888.37407
"746" 2021 57937 1974.203275
"747" 2021 51610 2012.2739
"748" 2021 48820 2165.4111
"749" 2021 45494 2326.33569
"750" 2021 41832 2458.46664
"751" 2021 39330 2632.3569
"752" 2021 36479 2805.417495
"753" 2021 33042 2942.22489
"754" 2021 29164 2952.70918
"755" 2021 26047 3006.08427
"756" 2021 22169.39 2931.34759275
"757" 2021 19604.66 2917.8595711
"758" 2021 15688.09 2622.2642435
"759" 2021 12878.25 2429.7394275
"760" 2021 9857.91 2064.6406704
"761" 2021 7866.19 1812.9994712
"762" 2021 5963.9 1516.7092285
"763" 2021 4220.16 1178.7750912
"764" 2021 3041.34 927.7455603
"765" 2021 1979.74 655.6700906
"766" 2021 1367.76 488.8921344
"767" 2021 810.9 310.9598775
"768" 2021 443.16 181.241361
"769" 2021 262.69 113.91157815
"770" 2021 125.32 57.2969306
"771" 2021 76.07 36.4740436
"772" 2021 32.28 16.1495226
"773" 2021 16.75 8.7024625
"774" 2021 9.4 5.049586
"775" 2021 0 0
"776" 2021 0 0
"777" 2021 0 0
