"year" "population" "expected"
"1" 2015 83730 276.309
"2" 2015 83494 11.68916
"3" 2015 83897 7.55073
"4" 2015 82976 7.88272
"5" 2015 84198 8.84079
"6" 2015 82637 6.61096
"7" 2015 82082 7.79779
"8" 2015 80602 8.0602
"9" 2015 79807 3.99035
"10" 2015 79631 3.18524
"11" 2015 79626 3.18504
"12" 2015 78370 5.09405
"13" 2015 79465 6.754525
"14" 2015 79805 5.187325
"15" 2015 84661 11.85254
"16" 2015 84237 14.32029
"17" 2015 85664 11.99296
"18" 2015 87128 15.68304
"19" 2015 90369 23.044095
"20" 2015 91373 24.67071
"21" 2015 93302 27.05758
"22" 2015 95596 31.0687
"23" 2015 100536 33.67956
"24" 2015 103338 37.20168
"25" 2015 105541 37.467055
"26" 2015 106422 31.39449
"27" 2015 110123 29.73321
"28" 2015 109260 30.0465
"29" 2015 112188 31.41264
"30" 2015 113451 31.199025
"31" 2015 115063 32.792955
"32" 2015 114796 41.90054
"33" 2015 117620 44.1075
"34" 2015 117166 43.93725
"35" 2015 117803 50.65529
"36" 2015 114646 45.8584
"37" 2015 113408 41.39392
"38" 2015 113520 49.9488
"39" 2015 112829 56.978645
"40" 2015 112317 67.3902
"41" 2015 114969 79.32861
"42" 2015 115627 84.40771
"43" 2015 119165 95.332
"44" 2015 123116 102.18628
"45" 2015 124883 109.89704
"46" 2015 128140 128.14
"47" 2015 131074 138.93844
"48" 2015 132348 158.8176
"49" 2015 135157 195.301865
"50" 2015 135381 219.994125
"51" 2015 137385 234.241425
"52" 2015 133323 241.981245
"53" 2015 128126 262.01767
"54" 2015 123612 287.3979
"55" 2015 120169 318.44785
"56" 2015 116355 338.59305
"57" 2015 111835 353.3986
"58" 2015 108928 377.43552
"59" 2015 105395 404.189825
"60" 2015 100950 430.55175
"61" 2015 97474 474.21101
"62" 2015 93958 512.0711
"63" 2015 92790 537.71805
"64" 2015 88729 575.407565
"65" 2015 90535 662.7162
"66" 2015 88082 725.79568
"67" 2015 88411 772.71214
"68" 2015 86626 790.02912
"69" 2015 85862 866.77689
"70" 2015 81575 924.652625
"71" 2015 79860 1028.5968
"72" 2015 76403 1120.06798
"73" 2015 72359 1161.000155
"74" 2015 67018 1158.40613
"75" 2015 61086 1152.69282
"76" 2015 58771 1215.97199
"77" 2015 56078 1296.80375
"78" 2015 52924 1351.67896
"79" 2015 51759 1494.541125
"80" 2015 50050 1636.38475
"81" 2015 47388 1734.4008
"82" 2015 44048 1884.81392
"83" 2015 41857 2110.42994
"84" 2015 38304.39 2174.1571764
"85" 2015 36342.66 2305.7600637
"86" 2015 32401.09 2394.7645619
"87" 2015 29282.25 2496.75104625
"88" 2015 25310.91 2468.95271595
"89" 2015 22939.19 2572.6301585
"90" 2015 19773.9 2514.053646
"91" 2015 16613.16 2360.3977728
"92" 2015 13736.34 2225.6991702
"93" 2015 10913.74 2007.9098852
"94" 2015 8990.76 1820.9435766
"95" 2015 6554.9 1467.64211
"96" 2015 4161.16 1032.9663584
"97" 2015 2904.69 793.45964385
"98" 2015 2008.32 600.2567232
"99" 2015 1422.07 462.33628805
"100" 2015 928.28 326.3229098
"101" 2015 651.75 246.2376675
"102" 2015 383.4 154.747908
"103" 2015 237 101.591235
"104" 2015 126 57.03201
"105" 2015 67 31.847445
"106" 2015 24 11.91804
"107" 2015 14 7.22778
"108" 2015 4 2.13728
"109" 2015 1 0.55072
"110" 2015 1 0.779255
"111" 2015 4 4
"112" 2016 84904 280.1832
"113" 2016 85645 11.9903
"114" 2016 84249 7.58241
"115" 2016 84600 8.037
"116" 2016 83633 8.781465
"117" 2016 84976 6.79808
"118" 2016 83454 7.92813
"119" 2016 82877 8.2877
"120" 2016 81371 4.06855
"121" 2016 80579 3.22316
"122" 2016 80401 3.21604
"123" 2016 80352 5.22288
"124" 2016 79068 6.72078
"125" 2016 80158 5.21027
"126" 2016 80525 11.2735
"127" 2016 85425 14.52225
"128" 2016 85064 11.90896
"129" 2016 86627 15.59286
"130" 2016 88927 22.676385
"131" 2016 92668 25.02036
"132" 2016 93227 27.03583
"133" 2016 95135 30.918875
"134" 2016 97950 32.81325
"135" 2016 103337 37.20132
"136" 2016 106399 37.771645
"137" 2016 108900 32.1255
"138" 2016 109967 29.69109
"139" 2016 113680 31.262
"140" 2016 112826 31.59128
"141" 2016 115214 31.68385
"142" 2016 116102 33.08907
"143" 2016 117710 42.96415
"144" 2016 116936 43.851
"145" 2016 119582 44.84325
"146" 2016 118954 51.15022
"147" 2016 119484 47.7936
"148" 2016 116085 42.371025
"149" 2016 114823 50.52212
"150" 2016 114775 57.961375
"151" 2016 114043 68.4258
"152" 2016 113461 78.28809
"153" 2016 116060 84.7238
"154" 2016 116596 93.2768
"155" 2016 120122 99.70126
"156" 2016 123928 109.05664
"157" 2016 125593 125.593
"158" 2016 128798 136.52588
"159" 2016 131653 157.9836
"160" 2016 132787 191.877215
"161" 2016 135414 220.04775
"162" 2016 135553 231.117865
"163" 2016 137557 249.665955
"164" 2016 133203 272.400135
"165" 2016 128026 297.66045
"166" 2016 123435 327.10275
"167" 2016 119891 348.88281
"168" 2016 115985 366.5126
"169" 2016 111378 385.92477
"170" 2016 108328 415.43788
"171" 2016 104695 446.524175
"172" 2016 99934 486.17891
"173" 2016 96618 526.5681
"174" 2016 93031 539.114645
"175" 2016 91759 595.057115
"176" 2016 87637 641.50284
"177" 2016 89081 734.02744
"178" 2016 86899 759.49726
"179" 2016 87320 796.3584
"180" 2016 85534 863.46573
"181" 2016 84759 960.743265
"182" 2016 80555 1037.5484
"183" 2016 78648 1152.97968
"184" 2016 75186 1206.35937
"185" 2016 71154 1229.89689
"186" 2016 65706 1239.87222
"187" 2016 59840 1238.0896
"188" 2016 57390 1327.14375
"189" 2016 54599 1394.45846
"190" 2016 51431 1485.070125
"191" 2016 50083 1637.463685
"192" 2016 48254 1766.0964
"193" 2016 45370 1941.3823
"194" 2016 41982 2116.73244
"195" 2016 39590 2247.1284
"196" 2016 35879.39 2276.36789855
"197" 2016 33867.66 2503.1587506
"198" 2016 29757.09 2537.23827885
"199" 2016 26577.25 2592.47785125
"200" 2016 22565.91 2530.7668065
"201" 2016 20155.19 2562.5308566
"202" 2016 17001.9 2415.629952
"203" 2016 13950.16 2260.3444248
"204" 2016 11327.34 2084.0040132
"205" 2016 8651.74 1752.2801609
"206" 2016 7039.76 1576.202264
"207" 2016 4924.9 1222.557176
"208" 2016 3015.16 823.6361814
"209" 2016 2040.69 609.93163065
"210" 2016 1359.32 441.9353218
"211" 2016 918.07 322.73373745
"212" 2016 600.28 226.7917868
"213" 2016 422.75 170.630355
"214" 2016 244.4 104.763282
"215" 2016 137 62.010995
"216" 2016 72 34.22412
"217" 2016 32 15.89072
"218" 2016 10 5.1627
"219" 2016 9 4.80888
"220" 2016 1 0.55072
"221" 2016 0 0
"222" 2016 3 3
"223" 2017 86296 284.7768
"224" 2017 86967 12.17538
"225" 2017 86612 7.79508
"226" 2017 84936 8.06892
"227" 2017 85304 8.95692
"228" 2017 84434 6.75472
"229" 2017 85702 8.14169
"230" 2017 84384 8.4384
"231" 2017 83741 4.18705
"232" 2017 82195 3.2878
"233" 2017 81375 3.255
"234" 2017 81149 5.274685
"235" 2017 81083 6.892055
"236" 2017 79781 5.185765
"237" 2017 81032 11.34448
"238" 2017 81507 13.85619
"239" 2017 86685 12.1359
"240" 2017 86703 15.60654
"241" 2017 89200 22.746
"242" 2017 92380 24.9426
"243" 2017 94875 27.51375
"244" 2017 95443 31.018975
"245" 2017 97644 32.71074
"246" 2017 100957 36.34452
"247" 2017 106616 37.84868
"248" 2017 109592 32.32964
"249" 2017 112685 30.42495
"250" 2017 113549 31.225975
"251" 2017 116985 32.7558
"252" 2017 115770 31.83675
"253" 2017 117891 33.598935
"254" 2017 118441 43.230965
"255" 2017 119771 44.914125
"256" 2017 118859 44.572125
"257" 2017 121138 52.08934
"258" 2017 120459 48.1836
"259" 2017 120823 44.100395
"260" 2017 117375 51.645
"261" 2017 115893 58.525965
"262" 2017 115789 69.4734
"263" 2017 114962 79.32378
"264" 2017 114328 83.45944
"265" 2017 116773 93.4184
"266" 2017 117430 97.4669
"267" 2017 120737 106.24856
"268" 2017 124455 124.455
"269" 2017 126056 133.61936
"270" 2017 129200 155.04
"271" 2017 131923 190.628735
"272" 2017 133045 216.198125
"273" 2017 135438 230.92179
"274" 2017 135542 246.00873
"275" 2017 137480 281.1466
"276" 2017 132962 309.13665
"277" 2017 127619 338.19035
"278" 2017 122990 357.9009
"279" 2017 119313 377.02908
"280" 2017 115325 399.601125
"281" 2017 110590 424.11265
"282" 2017 107594 458.88841
"283" 2017 103695 504.476175
"284" 2017 99032 539.7244
"285" 2017 95579 553.880305
"286" 2017 91869 595.770465
"287" 2017 90533 662.70156
"288" 2017 86145 709.8348
"289" 2017 87745 766.8913
"290" 2017 85790 782.4048
"291" 2017 86206 870.24957
"292" 2017 84482 957.60347
"293" 2017 83660 1077.5408
"294" 2017 79380 1163.7108
"295" 2017 77360 1241.2412
"296" 2017 74007 1279.210995
"297" 2017 69833 1317.74871
"298" 2017 64398 1332.39462
"299" 2017 58444 1351.5175
"300" 2017 55966 1429.37164
"301" 2017 53160 1534.995
"302" 2017 49931 1632.494045
"303" 2017 48295 1767.597
"304" 2017 46289 1980.70631
"305" 2017 43298 2183.08516
"306" 2017 39825 2260.467
"307" 2017 37264 2364.21448
"308" 2017 33448.39 2472.1705049
"309" 2017 31269.66 2666.2075599
"310" 2017 27064.09 2639.96665905
"311" 2017 23929.25 2683.6653875
"312" 2017 19999.91 2542.7885574
"313" 2017 17436.19 2477.3338752
"314" 2017 14598.9 2365.459767
"315" 2017 11610.16 2136.0372368
"316" 2017 9269.34 1877.3657769
"317" 2017 6867.74 1537.686986
"318" 2017 5391.76 1338.4505024
"319" 2017 3730.9 1019.1512985
"320" 2017 2215.16 662.0780966
"321" 2017 1487.69 483.67033435
"322" 2017 920.32 323.5246912
"323" 2017 605.07 228.6014967
"324" 2017 384.28 155.1030936
"325" 2017 236.75 101.48407125
"326" 2017 143.4 64.907859
"327" 2017 73 34.699455
"328" 2017 43 21.353155
"329" 2017 20 10.3254
"330" 2017 4 2.13728
"331" 2017 6 3.30432
"332" 2017 0 0
"333" 2017 3 3
"334" 2018 85611 282.5163
"335" 2018 88206 12.34884
"336" 2018 87541 7.87869
"337" 2018 87070 8.27165
"338" 2018 85315 8.958075
"339" 2018 85898 6.87184
"340" 2018 85086 8.08317
"341" 2018 86235 8.6235
"342" 2018 84928 4.2464
"343" 2018 84337 3.37348
"344" 2018 82767 3.31068
"345" 2018 82026 5.33169
"346" 2018 81729 6.946965
"347" 2018 81745 5.313425
"348" 2018 80561 11.27854
"349" 2018 81805 13.90685
"350" 2018 82277 11.51878
"351" 2018 87844 15.81192
"352" 2018 88442 22.55271
"353" 2018 91071 24.58917
"354" 2018 93447 27.09963
"355" 2018 95962 31.18765
"356" 2018 96741 32.408235
"357" 2018 99433 35.79588
"358" 2018 103126 36.60973
"359" 2018 109120 32.1904
"360" 2018 112344 30.33288
"361" 2018 115664 31.8076
"362" 2018 116205 32.5374
"363" 2018 119484 32.8581
"364" 2018 117867 33.592095
"365" 2018 119803 43.728095
"366" 2018 120129 45.048375
"367" 2018 121088 45.408
"368" 2018 120008 51.60344
"369" 2018 122467 48.9868
"370" 2018 121530 44.35845
"371" 2018 121803 53.59332
"372" 2018 118156 59.66878
"373" 2018 116771 70.0626
"374" 2018 116577 80.43813
"375" 2018 115510 84.3223
"376" 2018 114913 91.9304
"377" 2018 117289 97.34987
"378" 2018 117882 103.73616
"379" 2018 121145 121.145
"380" 2018 124767 132.25302
"381" 2018 126312 151.5744
"382" 2018 129490 187.11305
"383" 2018 131882 214.30825
"384" 2018 132985 226.739425
"385" 2018 135292 245.55498
"386" 2018 135189 276.461505
"387" 2018 137150 318.87375
"388" 2018 132480 351.072
"389" 2018 126998 369.56418
"390" 2018 122245 386.2942
"391" 2018 118586 410.90049
"392" 2018 114426 438.82371
"393" 2018 109632 467.58048
"394" 2018 106341 517.348965
"395" 2018 102553 558.91385
"396" 2018 97795 566.722025
"397" 2018 94287 611.451195
"398" 2018 90397 661.70604
"399" 2018 88779 731.53896
"400" 2018 84715 740.4091
"401" 2018 86481 788.70672
"402" 2018 84564 853.67358
"403" 2018 84953 962.942255
"404" 2018 83230 1072.0024
"405" 2018 82377 1207.64682
"406" 2018 78096 1253.05032
"407" 2018 76048 1314.48968
"408" 2018 72610 1370.1507
"409" 2018 68354 1414.24426
"410" 2018 62950 1455.71875
"411" 2018 56973 1455.09042
"412" 2018 54419 1571.348625
"413" 2018 51480 1683.1386
"414" 2018 48170 1763.022
"415" 2018 46390 1985.0281
"416" 2018 44158 2226.44636
"417" 2018 41049 2329.94124
"418" 2018 37430 2374.74635
"419" 2018 34724 2566.45084
"420" 2018 30890.39 2633.86910335
"421" 2018 28428.66 2773.0736397
"422" 2018 24353.09 2731.1990435
"423" 2018 21092.25 2681.668665
"424" 2018 17369.91 2467.9168128
"425" 2018 14836.19 2403.9078657
"426" 2018 12205.9 2245.641482
"427" 2018 9425.16 1908.9247806
"428" 2018 7307.34 1636.113426
"429" 2018 5258.74 1305.4296176
"430" 2018 4017.76 1097.5114104
"431" 2018 2671.9 798.5908315
"432" 2018 1545.16 502.3546934
"433" 2018 981.69 345.09839415
"434" 2018 609.32 230.2071892
"435" 2018 374.07 150.9821334
"436" 2018 232.28 99.5679834
"437" 2018 127.75 57.82412125
"438" 2018 73.4 34.889589
"439" 2018 37 18.373645
"440" 2018 18 9.29286
"441" 2018 9 4.80888
"442" 2018 3 1.65216
"443" 2018 1 0.779255
"444" 2018 1 1
"445" 2019 86168 284.3544
"446" 2019 87251 12.21514
"447" 2019 88804 7.99236
"448" 2019 87997 8.359715
"449" 2019 87660 9.2043
"450" 2019 85802 6.86416
"451" 2019 86517 8.219115
"452" 2019 85659 8.5659
"453" 2019 86853 4.34265
"454" 2019 85473 3.41892
"455" 2019 85018 3.40072
"456" 2019 83396 5.42074
"457" 2019 82540 7.0159
"458" 2019 82340 5.3521
"459" 2019 82268 11.51752
"460" 2019 81171 13.79907
"461" 2019 82430 11.5402
"462" 2019 82884 14.91912
"463" 2019 89304 22.77252
"464" 2019 89923 24.27921
"465" 2019 91845 26.63505
"466" 2019 94380 30.6735
"467" 2019 97306 32.59751
"468" 2019 98475 35.451
"469" 2019 101439 36.010845
"470" 2019 105517 31.127515
"471" 2019 111890 30.2103
"472" 2019 115025 31.631875
"473" 2019 118232 33.10496
"474" 2019 118624 32.6216
"475" 2019 121551 34.642035
"476" 2019 119651 43.672615
"477" 2019 121315 45.493125
"478" 2019 121692 45.6345
"479" 2019 122281 52.58083
"480" 2019 121206 48.4824
"481" 2019 123482 45.07093
"482" 2019 122485 53.8934
"483" 2019 122602 61.91401
"484" 2019 118931 71.3586
"485" 2019 117388 80.99772
"486" 2019 117070 85.4611
"487" 2019 116092 92.8736
"488" 2019 115478 95.84674
"489" 2019 117755 103.6244
"490" 2019 118183 118.183
"491" 2019 121474 128.76244
"492" 2019 124965 149.958
"493" 2019 126408 182.65956
"494" 2019 129619 210.630875
"495" 2019 131905 224.898025
"496" 2019 132812 241.05378
"497" 2019 134948 275.96866
"498" 2019 134843 313.509975
"499" 2019 136638 362.0907
"500" 2019 131834 383.63694
"501" 2019 126338 399.22808
"502" 2019 121521 421.070265
"503" 2019 117627 451.099545
"504" 2019 113412 483.70218
"505" 2019 108172 526.25678
"506" 2019 104986 572.1737
"507" 2019 101270 586.85965
"508" 2019 96383 625.043755
"509" 2019 92718 678.69576
"510" 2019 88544 729.60256
"511" 2019 87262 762.66988
"512" 2019 83525 761.748
"513" 2019 85299 861.093405
"514" 2019 83366 944.95361
"515" 2019 83694 1077.97872
"516" 2019 81987 1201.92942
"517" 2019 81041 1300.302845
"518" 2019 76743 1326.502755
"519" 2019 74651 1408.66437
"520" 2019 71073 1470.50037
"521" 2019 66928 1547.71
"522" 2019 61435 1569.0499
"523" 2019 55340 1597.9425
"524" 2019 52761 1725.020895
"525" 2019 49723 1819.8618
"526" 2019 46253 1979.16587
"527" 2019 44302 2233.70684
"528" 2019 41906 2378.58456
"529" 2019 38648 2452.02236
"530" 2019 34943 2582.63713
"531" 2019 32078 2735.13067
"532" 2019 28162.39 2747.10033255
"533" 2019 25693.66 2881.543969
"534" 2019 21564.09 2741.6584026
"535" 2019 18358.25 2608.34016
"536" 2019 14812.91 2400.1358073
"537" 2019 12357.19 2273.4758162
"538" 2019 9952.9 2015.8106015
"539" 2019 7471.16 1672.792724
"540" 2019 5695.34 1413.8112016
"541" 2019 3950.74 1079.2038921
"542" 2019 2944.76 880.1445926
"543" 2019 1877.9 610.5334585
"544" 2019 1081.16 380.0655806
"545" 2019 672.69 254.1490089
"546" 2019 372.32 150.2757984
"547" 2019 214.07 91.76217585
"548" 2019 143.28 64.8535428
"549" 2019 72.75 34.58062125
"550" 2019 42.4 21.055204
"551" 2019 22 11.35794
"552" 2019 10 5.3432
"553" 2019 6 3.30432
"554" 2019 1 0.779255
"555" 2019 1 1
"556" 2020 84500 278.85
"557" 2020 87774 12.28836
"558" 2020 87829 7.90461
"559" 2020 89144 8.46868
"560" 2020 88448 9.28704
"561" 2020 88205 7.0564
"562" 2020 86352 8.20344
"563" 2020 87092 8.7092
"564" 2020 86267 4.31335
"565" 2020 87432 3.49728
"566" 2020 86101 3.44404
"567" 2020 85724 5.57206
"568" 2020 84001 7.140085
"569" 2020 83159 5.405335
"570" 2020 82890 11.6046
"571" 2020 82856 14.08552
"572" 2020 81637 11.42918
"573" 2020 82950 14.931
"574" 2020 84207 21.472785
"575" 2020 90630 24.4701
"576" 2020 90818 26.33722
"577" 2020 92668 30.1171
"578" 2020 96074 32.18479
"579" 2020 99246 35.72856
"580" 2020 100697 35.747435
"581" 2020 103940 30.6623
"582" 2020 108374 29.26098
"583" 2020 114777 31.563675
"584" 2020 117966 33.03048
"585" 2020 120790 33.21725
"586" 2020 120951 34.471035
"587" 2020 123719 45.157435
"588" 2020 121483 45.556125
"589" 2020 122975 46.115625
"590" 2020 122953 52.86979
"591" 2020 123350 49.34
"592" 2020 122415 44.681475
"593" 2020 124532 54.79408
"594" 2020 123430 62.33215
"595" 2020 123368 74.0208
"596" 2020 119672 82.57368
"597" 2020 118212 86.29476
"598" 2020 117660 94.128
"599" 2020 116625 96.79875
"600" 2020 115987 102.06856
"601" 2020 118170 118.17
"602" 2020 118579 125.69374
"603" 2020 121751 146.1012
"604" 2020 125213 180.932785
"605" 2020 126456 205.491
"606" 2020 129488 220.77704
"607" 2020 131768 239.15892
"608" 2020 132580 271.1261
"609" 2020 134647 313.054275
"610" 2020 134334 355.9851
"611" 2020 135976 395.69016
"612" 2020 131156 414.45296
"613" 2020 125675 435.463875
"614" 2020 120627 462.604545
"615" 2020 116586 497.23929
"616" 2020 111966 544.71459
"617" 2020 106920 582.714
"618" 2020 103644 600.61698
"619" 2020 99887 647.767195
"620" 2020 94930 694.8876
"621" 2020 90810 748.2744
"622" 2020 87083 761.10542
"623" 2020 86127 785.47824
"624" 2020 82416 831.98952
"625" 2020 84176 954.13496
"626" 2020 82159 1058.20792
"627" 2020 82424 1208.33584
"628" 2020 80621 1293.563945
"629" 2020 79524 1374.57234
"630" 2020 75363 1422.09981
"631" 2020 73162 1513.72178
"632" 2020 69497 1607.118125
"633" 2020 65330 1668.5282
"634" 2020 59792 1726.494
"635" 2020 53646 1753.95597
"636" 2020 51003 1866.7098
"637" 2020 47790 2044.9341
"638" 2020 44240 2230.5808
"639" 2020 41987 2383.18212
"640" 2020 39493 2505.633385
"641" 2020 36129 2670.29439
"642" 2020 32378 2760.71017
"643" 2020 29277 2855.824965
"644" 2020 25394.39 2847.9808385
"645" 2020 22877.66 2908.6656924
"646" 2020 18770.09 2666.8543872
"647" 2020 15813.25 2562.2208975
"648" 2020 12358.91 2273.7922618
"649" 2020 10142.19 2054.14845165
"650" 2020 7907.9 1770.57881
"651" 2020 5827.16 1446.5341984
"652" 2020 4275.34 1167.8732511
"653" 2020 2842.74 849.6523449
"654" 2020 2094.76 681.0378974
"655" 2020 1286.9 452.3903915
"656" 2020 709.16 267.9277396
"657" 2020 431.69 174.2387178
"658" 2020 223.32 95.7272346
"659" 2020 135.07 61.13740945
"660" 2020 64.28 30.5545338
"661" 2020 38.75 19.24266875
"662" 2020 21.4 11.048178
"663" 2020 8 4.27456
"664" 2020 4 2.20288
"665" 2020 0 0
"666" 2020 1 1
"667" 2021 84374 278.4342
"668" 2021 86267 12.07738
"669" 2021 88408 7.95672
"670" 2021 88343 8.392585
"671" 2021 89726 9.42123
"672" 2021 89089 7.12712
"673" 2021 88843 8.440085
"674" 2021 87050 8.705
"675" 2021 87817 4.39085
"676" 2021 86886 3.47544
"677" 2021 88123 3.52492
"678" 2021 86771 5.640115
"679" 2021 86290 7.33465
"680" 2021 84505 5.492825
"681" 2021 83779 11.72906
"682" 2021 83528 14.19976
"683" 2021 83495 11.6893
"684" 2021 82275 14.8095
"685" 2021 84863 21.640065
"686" 2021 85869 23.18463
"687" 2021 91781 26.61649
"688" 2021 91899 29.867175
"689" 2021 94606 31.69301
"690" 2021 98165 35.3394
"691" 2021 101730 36.11415
"692" 2021 103391 30.500345
"693" 2021 106951 28.87677
"694" 2021 111364 30.6251
"695" 2021 117703 32.95684
"696" 2021 120544 33.1496
"697" 2021 123399 35.168715
"698" 2021 123312 45.00888
"699" 2021 125806 47.17725
"700" 2021 123335 46.250625
"701" 2021 124607 53.58101
"702" 2021 124565 49.826
"703" 2021 124621 45.486665
"704" 2021 123553 54.36332
"705" 2021 125613 63.434565
"706" 2021 124419 74.6514
"707" 2021 124293 85.76217
"708" 2021 120596 88.03508
"709" 2021 119017 95.2136
"710" 2021 118364 98.24212
"711" 2021 117348 103.26624
"712" 2021 116590 116.59
"713" 2021 118719 125.84214
"714" 2021 118960 142.752
"715" 2021 122118 176.46051
"716" 2021 125472 203.892
"717" 2021 126614 215.87687
"718" 2021 129574 235.17681
"719" 2021 131663 269.250835
"720" 2021 132408 307.8486
"721" 2021 134350 356.0275
"722" 2021 134009 389.96619
"723" 2021 135357 427.72812
"724" 2021 130537 452.310705
"725" 2021 124810 478.64635
"726" 2021 119787 510.891555
"727" 2021 115194 560.41881
"728" 2021 110830 604.0235
"729" 2021 105694 612.49673
"730" 2021 102294 663.37659
"731" 2021 98367 720.04644
"732" 2021 93072 766.91328
"733" 2021 89445 781.7493
"734" 2021 86013 784.43856
"735" 2021 84991 857.984145
"736" 2021 81393 922.589655
"737" 2021 82979 1068.76952
"738" 2021 80954 1186.78564
"739" 2021 81087 1301.040915
"740" 2021 79224 1369.38684
"741" 2021 77971 1471.31277
"742" 2021 73785 1526.61165
"743" 2021 71402 1651.17125
"744" 2021 67781 1731.12674
"745" 2021 63347 1829.144625
"746" 2021 57937 1894.250215
"747" 2021 51610 1888.926
"748" 2021 48820 2089.0078
"749" 2021 45494 2293.80748
"750" 2021 41832 2374.38432
"751" 2021 39330 2495.29185
"752" 2021 36479 2696.16289
"753" 2021 33042 2817.32613
"754" 2021 29164 2844.80238
"755" 2021 26047 2921.17105
"756" 2021 22169.39 2818.6162446
"757" 2021 19604.66 2785.4300928
"758" 2021 15688.09 2541.9412227
"759" 2021 12878.25 2369.340435
"760" 2021 9857.91 1996.57180185
"761" 2021 7866.19 1761.239941
"762" 2021 5963.9 1480.478536
"763" 2021 4220.16 1152.8000064
"764" 2021 3041.34 909.0109059
"765" 2021 1979.74 643.6431701
"766" 2021 1367.76 480.8155116
"767" 2021 810.9 306.366129
"768" 2021 443.16 178.8682392
"769" 2021 262.69 112.60338195
"770" 2021 125.32 56.7242182
"771" 2021 76.07 36.15873345
"772" 2021 32.28 16.0297638
"773" 2021 16.75 8.6475225
"774" 2021 9.4 5.022608
"775" 2021 0 0
"776" 2021 0 0
"777" 2021 0 0
