"year" "population" "expected"
"1" 2015 419823 1147.5162
"2" 2015 438726 79.70189
"3" 2015 487934 62.6181966666667
"4" 2015 474783 50.64352
"5" 2015 472507 48.8257233333333
"6" 2015 447313 44.7313
"7" 2015 468102 36.66799
"8" 2015 495224 33.0149333333333
"9" 2015 449137 30.6910283333333
"10" 2015 435763 30.50341
"11" 2015 473601 29.99473
"12" 2015 493067 36.1582466666667
"13" 2015 494435 49.4435
"14" 2015 558936 61.48296
"15" 2015 638534 83.00942
"16" 2015 619017 105.23289
"17" 2015 638766 128.81781
"18" 2015 670072 151.882986666667
"19" 2015 683691 173.20172
"20" 2015 705892 200.002733333333
"21" 2015 711196 209.80282
"22" 2015 707222 218.060116666667
"23" 2015 721777 245.40418
"24" 2015 698906 250.441316666667
"25" 2015 636490 234.440483333333
"26" 2015 627576 246.84656
"27" 2015 622231 258.225865
"28" 2015 613977 261.96352
"29" 2015 623922 278.68516
"30" 2015 648983 303.940371666667
"31" 2015 658049 327.927751666667
"32" 2015 744341 409.38755
"33" 2015 817979 486.697505
"34" 2015 836072 516.971186666667
"35" 2015 832746 548.22445
"36" 2015 823136 573.451413333333
"37" 2015 718053 524.17869
"38" 2015 774836 614.703226666667
"39" 2015 757930 660.662316666667
"40" 2015 785306 732.952266666667
"41" 2015 852835 838.621083333333
"42" 2015 887616 934.95552
"43" 2015 888508 1018.82250666667
"44" 2015 935886 1180.77617
"45" 2015 910805 1258.42890833333
"46" 2015 916561 1403.86593166667
"47" 2015 918800 1535.92733333333
"48" 2015 854393 1547.87531833333
"49" 2015 809416 1613.43589333333
"50" 2015 844370 1843.54116666667
"51" 2015 825886 1971.11458666667
"52" 2015 785544 2034.55896
"53" 2015 873138 2427.32364
"54" 2015 907108 2704.69368666667
"55" 2015 915340 2883.321
"56" 2015 845543 2888.93858333333
"57" 2015 772175 2881.49970833333
"58" 2015 765493 3081.109325
"59" 2015 691225 2986.092
"60" 2015 715613 3253.65377333333
"61" 2015 609074 2937.76692666667
"62" 2015 525623 2776.16547833333
"63" 2015 580811 3376.44794666667
"64" 2015 423733 2641.975255
"65" 2015 451307 3026.76561333333
"66" 2015 456578 3364.97986
"67" 2015 453247 3716.6254
"68" 2015 456941 4128.461935
"69" 2015 363629 3596.89685833333
"70" 2015 324528 3550.33632
"71" 2015 346567 4166.31295166667
"72" 2015 348338 4624.18695
"73" 2015 428450 6369.62333333333
"74" 2015 351136 6022.56762666667
"75" 2015 309284 6170.73127333333
"76" 2015 317141 7242.44330333333
"77" 2015 284185 7321.07924166667
"78" 2015 261108 7616.08518
"79" 2015 242575 8115.75091666667
"80" 2015 228891 8694.424635
"81" 2015 200306 8612.49031333333
"82" 2015 168847 8323.87568833333
"83" 2015 153283 8631.87667333333
"84" 2015 124162 7913.46507
"85" 2015 110633.99 7947.20828166667
"86" 2015 98678.17 7930.27113205
"87" 2015 83739.4 7572.27481066666
"88" 2015 68835.7 7031.566755
"89" 2015 54545 6255.12969166667
"90" 2015 43083.95 5536.287575
"91" 2015 34760.66 4928.7139814
"92" 2015 30725.36 4730.4764256
"93" 2015 25143.49 4205.87728975
"94" 2015 17127.71 3189.23669436667
"95" 2015 11897.73 2482.67948955
"96" 2015 8357.93 1921.87814373333
"97" 2015 5754.16 1448.45633573333
"98" 2015 4156.16 1140.33254613333
"99" 2015 2927.89 871.598694283333
"100" 2015 1817.31 584.16521295
"101" 2015 1130.33 390.41033035
"102" 2015 720.83 266.19170655
"103" 2015 424.07 166.599433416667
"104" 2015 236.96 98.5445552
"105" 2015 126.32 55.3414236
"106" 2015 68.1 31.2836645
"107" 2015 36.01 17.26805535
"108" 2015 16.92 8.4338868
"109" 2015 7.28 3.75700173333333
"110" 2015 3.08 2.34780186666667
"111" 2015 0.9 0.9
"112" 2016 424542 1160.4148
"113" 2016 437935 79.5581916666667
"114" 2016 439860 56.4487
"115" 2016 488547 52.11168
"116" 2016 475292 49.1135066666667
"117" 2016 472816 47.2816
"118" 2016 447539 35.0572216666667
"119" 2016 468193 31.2128666666667
"120" 2016 495348 33.84878
"121" 2016 449186 31.44302
"122" 2016 435768 27.59864
"123" 2016 473556 34.72744
"124" 2016 493078 49.3078
"125" 2016 494339 54.37729
"126" 2016 558824 72.64712
"127" 2016 638404 108.52868
"128" 2016 618830 124.797383333333
"129" 2016 638429 144.710573333333
"130" 2016 669621 169.63732
"131" 2016 683310 193.6045
"132" 2016 705384 208.08828
"133" 2016 710858 219.181216666667
"134" 2016 706885 240.3409
"135" 2016 721508 258.540366666667
"136" 2016 698654 257.337556666667
"137" 2016 636434 250.330706666667
"138" 2016 627526 260.42329
"139" 2016 622167 265.45792
"140" 2016 613890 274.2042
"141" 2016 623772 292.13322
"142" 2016 648879 323.358035
"143" 2016 657925 361.85875
"144" 2016 743950 442.65025
"145" 2016 817528 505.504813333333
"146" 2016 835553 550.072391666667
"147" 2016 832233 579.78899
"148" 2016 822531 600.44763
"149" 2016 717423 569.15558
"150" 2016 774128 674.781573333333
"151" 2016 757215 706.734
"152" 2016 784511 771.435816666667
"153" 2016 851943 897.37996
"154" 2016 886732 1016.78602666667
"155" 2016 887428 1119.63832666667
"156" 2016 934527 1291.204805
"157" 2016 909620 1393.23463333333
"158" 2016 915117 1529.770585
"159" 2016 917038 1661.36717666667
"160" 2016 852774 1699.86284
"161" 2016 807747 1763.58095
"162" 2016 842437 2010.61630666667
"163" 2016 824062 2134.32058
"164" 2016 783739 2178.79442
"165" 2016 870889 2596.70070166667
"166" 2016 904338 2848.6647
"167" 2016 912328 3117.12066666667
"168" 2016 842655 3144.507575
"169" 2016 769306 3096.45665
"170" 2016 762483 3293.92656
"171" 2016 688265 3129.31153333333
"172" 2016 712572 3436.97228
"173" 2016 605990 3200.63718333333
"174" 2016 522745 3038.89093333333
"175" 2016 577434 3600.30099
"176" 2016 420988 2823.42618666667
"177" 2016 448392 3304.64904
"178" 2016 453313 3717.1666
"179" 2016 449648 4062.56968
"180" 2016 452780 4478.74883333333
"181" 2016 359902 3937.32788
"182" 2016 320780 3856.31023333333
"183" 2016 341997 4540.010175
"184" 2016 343081 5100.47086666667
"185" 2016 420808 7217.55854666667
"186" 2016 344255 6868.46100833333
"187" 2016 302244 6902.24548
"188" 2016 309167 7964.65719833333
"189" 2016 275962 8049.35160333333
"190" 2016 252483 8447.23957
"191" 2016 233487 8869.003695
"192" 2016 219257 9427.32014333333
"193" 2016 190833 9407.748845
"194" 2016 159789 8998.25122
"195" 2016 144002 9177.96747
"196" 2016 115774 8316.43233333333
"197" 2016 102203.74 8213.6035651
"198" 2016 90210.29 8157.41582373333
"199" 2016 75655.69 7728.2287335
"200" 2016 61403.04 7041.5982888
"201" 2016 48036.81 6172.730085
"202" 2016 37339.46 5294.3620334
"203" 2016 29641.87 4563.6623052
"204" 2016 25773.93 4311.33414075
"205" 2016 20721.75 3858.4589225
"206" 2016 13838.39 2887.63377731667
"207" 2016 9404.72 2162.58401493333
"208" 2016 6498.39 1635.7963921
"209" 2016 4356.26 1195.23431663333
"210" 2016 3071.26 914.278270633333
"211" 2016 2123.36 682.5434552
"212" 2016 1248.97 431.38799315
"213" 2016 759.57 280.49780745
"214" 2016 475.3 186.725565833333
"215" 2016 274.33 114.0856171
"216" 2016 150.56 65.9610888
"217" 2016 78.76 36.1806375333333
"218" 2016 41.52 19.9102932
"219" 2016 21.68 10.8065405333333
"220" 2016 9.79 5.05234161666667
"221" 2016 3.85 2.93475233333333
"222" 2016 1.99 1.99
"223" 2017 393654 1075.9876
"224" 2017 441642 80.23163
"225" 2017 439103 56.3515516666667
"226" 2017 440365 46.9722666666667
"227" 2017 488903 50.5199766666667
"228" 2017 475501 47.5501
"229" 2017 473013 37.052685
"230" 2017 447653 29.8435333333333
"231" 2017 468242 31.9965366666667
"232" 2017 495380 34.6766
"233" 2017 449222 28.4507266666667
"234" 2017 435795 31.9583
"235" 2017 473534 47.3534
"236" 2017 492985 54.22835
"237" 2017 494218 64.24834
"238" 2017 558710 94.9807
"239" 2017 638165 128.696608333333
"240" 2017 618486 140.19016
"241" 2017 638001 161.62692
"242" 2017 669152 189.593066666667
"243" 2017 682735 201.406825
"244" 2017 705002 217.375616666667
"245" 2017 710493 241.56762
"246" 2017 706558 253.183283333333
"247" 2017 721290 265.67515
"248" 2017 698530 274.755133333333
"249" 2017 636478 264.13837
"250" 2017 627552 267.75552
"251" 2017 622206 277.91868
"252" 2017 613982 287.548236666667
"253" 2017 623869 310.894718333333
"254" 2017 648812 356.8466
"255" 2017 657851 391.421345
"256" 2017 743667 459.834095
"257" 2017 817065 537.901125
"258" 2017 835049 581.750803333333
"259" 2017 831567 607.04391
"260" 2017 821868 652.01528
"261" 2017 716871 624.872555
"262" 2017 773430 721.868
"263" 2017 756432 743.8248
"264" 2017 783776 825.577386666667
"265" 2017 851066 975.889013333333
"266" 2017 885708 1117.46826
"267" 2017 886292 1224.56011333333
"268" 2017 933189 1429.334485
"269" 2017 908320 1518.40826666667
"270" 2017 913592 1655.12417333333
"271" 2017 915427 1824.75115333333
"272" 2017 851215 1858.48608333333
"273" 2017 806089 1923.86574666667
"274" 2017 840460 2176.7914
"275" 2017 822131 2285.52418
"276" 2017 781640 2330.58993333333
"277" 2017 868534 2735.8821
"278" 2017 901547 3080.28558333333
"279" 2017 909491 3393.91724833333
"280" 2017 839745 3379.973625
"281" 2017 766369 3310.71408
"282" 2017 759340 3452.46586666667
"283" 2017 685391 3305.86925666667
"284" 2017 709081 3745.12948166667
"285" 2017 602685 3503.6088
"286" 2017 519913 3241.657555
"287" 2017 574066 3850.06930666667
"288" 2017 418368 3083.37216
"289" 2017 445503 3653.1246
"290" 2017 449701 4063.048535
"291" 2017 445728 4408.9928
"292" 2017 448327 4904.69738
"293" 2017 355874 4278.19860333333
"294" 2017 316629 4203.249975
"295" 2017 337139 5012.13313333333
"296" 2017 337603 5790.45412166667
"297" 2017 412885 8237.74389166667
"298" 2017 336823 7691.91457666667
"299" 2017 294862 7596.13655666667
"300" 2017 300627 8768.788545
"301" 2017 267168 8938.55072
"302" 2017 243402 9245.62497
"303" 2017 224080 9634.69306666667
"304" 2017 209088 10307.68992
"305" 2017 180900 10187.082
"306" 2017 150442 9588.42087
"307" 2017 134605 9669.12583333333
"308" 2017 107132 8609.66318
"309" 2017 93658.76 8469.24947093333
"310" 2017 81765.51 8352.3468465
"311" 2017 67741.3 7768.45938183333
"312" 2017 54251.65 6971.337025
"313" 2017 41699.1 5912.515389
"314" 2017 31913.3 4913.371668
"315" 2017 24941.53 4172.09443075
"316" 2017 21348.12 3975.0911044
"317" 2017 16884 3523.15614
"318" 2017 11037.77 2538.09841893333
"319" 2017 7348.88 1849.88456986667
"320" 2017 4964.13 1362.01662165
"321" 2017 3276.73 975.444292483333
"322" 2017 2276.58 731.7952581
"323" 2017 1509.31 521.30812745
"324" 2017 854.08 315.3989328
"325" 2017 505.57 198.617387583333
"326" 2017 307.83 128.0172621
"327" 2017 172.47 75.55996935
"328" 2017 91.78 42.1617434333333
"329" 2017 46.34 22.2216519
"330" 2017 23.32 11.6240094666667
"331" 2017 11.77 6.07416351666667
"332" 2017 4.83 3.6817802
"333" 2017 2.45 2.45
"334" 2018 345767 945.096466666667
"335" 2018 409768 74.4411866666667
"336" 2018 442831 56.8299783333333
"337" 2018 439549 46.8852266666667
"338" 2018 440681 45.5370366666667
"339" 2018 489093 48.9093
"340" 2018 475723 37.2649683333333
"341" 2018 473090 31.5393333333333
"342" 2018 447716 30.5939266666667
"343" 2018 468328 32.78296
"344" 2018 495411 31.37603
"345" 2018 449252 32.9451466666667
"346" 2018 435777 43.5777
"347" 2018 473445 52.07895
"348" 2018 492801 64.06413
"349" 2018 494034 83.98578
"350" 2018 558412 112.613086666667
"351" 2018 637721 144.550093333333
"352" 2018 618079 156.580013333333
"353" 2018 637455 180.61225
"354" 2018 668528 197.21576
"355" 2018 682292 210.373366666667
"356" 2018 704600 239.564
"357" 2018 710057 254.437091666667
"358" 2018 706363 260.177038333333
"359" 2018 720986 283.587826666667
"360" 2018 698429 289.848035
"361" 2018 636601 271.616426666667
"362" 2018 627485 280.276633333333
"363" 2018 622296 291.44196
"364" 2018 614086 306.019523333333
"365" 2018 623964 343.1802
"366" 2018 648789 386.029455
"367" 2018 657643 406.642588333333
"368" 2018 743345 489.368791666667
"369" 2018 816635 568.922383333333
"370" 2018 834447 609.14631
"371" 2018 830978 659.242546666667
"372" 2018 821183 715.797848333333
"373" 2018 716169 668.4244
"374" 2018 772639 759.761683333333
"375" 2018 755802 796.11144
"376" 2018 783054 897.90192
"377" 2018 849956 1072.36115333333
"378" 2018 884665 1222.31214166667
"379" 2018 885125 1355.71645833333
"380" 2018 931878 1557.78939
"381" 2018 906773 1642.77041833333
"382" 2018 912177 1818.27282
"383" 2018 913900 1995.34833333333
"384" 2018 849592 2027.69290666667
"385" 2018 804313 2083.17067
"386" 2018 838577 2331.24406
"387" 2018 820172 2445.47951333333
"388" 2018 779840 2456.496
"389" 2018 866279 2959.78658333333
"390" 2018 898712 3353.69361333333
"391" 2018 906590 3649.02475
"392" 2018 836619 3614.19408
"393" 2018 763563 3471.66644
"394" 2018 756329 3648.02687666667
"395" 2018 682353 3603.961095
"396" 2018 705639 4102.11472
"397" 2018 599585 3738.412475
"398" 2018 516967 3467.12534666667
"399" 2018 570984 4208.15208
"400" 2018 415769 3409.3058
"401" 2018 442222 3995.47577
"402" 2018 445992 4411.6042
"403" 2018 441600 4831.104
"404" 2018 443601 5332.823355
"405" 2018 351667 4668.379425
"406" 2018 312472 4645.41706666667
"407" 2018 332040 5695.0394
"408" 2018 331654 6617.05005666667
"409" 2018 404332 9233.59510666667
"410" 2018 328996 8475.48528666667
"411" 2018 287016 8371.77836
"412" 2018 291552 9754.35808
"413" 2018 258089 9803.510665
"414" 2018 233967 10059.80111
"415" 2018 214166 10558.0268566667
"416" 2018 198557 11181.4065266667
"417" 2018 170491 10866.243885
"418" 2018 140673 10105.0105
"419" 2018 124724 10023.44426
"420" 2018 98515 8908.38306666667
"421" 2018 85002.61 8683.0166115
"422" 2018 73277.86 8403.38285503333
"423" 2018 59905.32 7697.83362
"424" 2018 47184.46 6690.2845834
"425" 2018 35698.86 5496.1964856
"426" 2018 26917.55 4502.63317625
"427" 2018 20698.93 3854.20976243333
"428" 2018 17327.14 3615.62542523333
"429" 2018 13332.05 3065.66045733333
"430" 2018 8580.82 2159.99261313333
"431" 2018 5614.39 1540.42954161667
"432" 2018 3710.96 1104.70949746667
"433" 2018 2366.04 760.5517278
"434" 2018 1569.43 542.07327485
"435" 2018 989.99 365.58845715
"436" 2018 539.66 212.009928166667
"437" 2018 307.01 127.6762487
"438" 2018 179.12 78.4733676
"439" 2018 95.59 43.9119748833333
"440" 2018 48.16 23.0944056
"441" 2018 22.69 11.3099817666667
"442" 2018 10.25 5.28973458333333
"443" 2018 4.78 3.64366653333333
"444" 2018 1.88 1.88
"445" 2019 317677 868.317133333333
"446" 2019 361560 65.6834
"447" 2019 411131 52.7618116666667
"448" 2019 443425 47.2986666666667
"449" 2019 439948 45.4612933333333
"450" 2019 440853 44.0853
"451" 2019 489259 38.3252883333333
"452" 2019 475739 31.7159333333333
"453" 2019 473132 32.3306866666667
"454" 2019 447723 31.34061
"455" 2019 468283 29.6579233333333
"456" 2019 495351 36.32574
"457" 2019 449187 44.9187
"458" 2019 435640 47.9204
"459" 2019 473227 61.51951
"460" 2019 492503 83.72551
"461" 2019 493638 99.55033
"462" 2019 557786 126.431493333333
"463" 2019 636891 161.34572
"464" 2019 617533 174.967683333333
"465" 2019 637006 187.91677
"466" 2019 667990 205.963583333333
"467" 2019 681859 231.83206
"468" 2019 704274 252.36485
"469" 2019 709852 261.462153333333
"470" 2019 706228 277.783013333333
"471" 2019 721111 299.261065
"472" 2019 698451 298.00576
"473" 2019 636791 284.433313333333
"474" 2019 627551 293.903051666667
"475" 2019 622410 310.16765
"476" 2019 614204 337.8122
"477" 2019 623904 371.22288
"478" 2019 648542 401.015136666667
"479" 2019 657398 432.787016666667
"480" 2019 742951 517.589196666667
"481" 2019 816096 595.75008
"482" 2019 833747 661.439286666667
"483" 2019 830299 723.743961666667
"484" 2019 820295 765.608666666667
"485" 2019 715503 703.57795
"486" 2019 771965 813.136466666667
"487" 2019 755036 865.774613333333
"488" 2019 782147 986.808798333333
"489" 2019 848983 1173.01151166667
"490" 2019 883428 1353.11722
"491" 2019 883755 1477.343775
"492" 2019 930389 1685.55473833333
"493" 2019 905222 1804.40918666667
"494" 2019 910528 1987.98613333333
"495" 2019 912171 2177.04812
"496" 2019 847959 2196.21381
"497" 2019 802518 2231.00004
"498" 2019 836767 2494.96027166667
"499" 2019 818263 2577.52845
"500" 2019 777636 2656.923
"501" 2019 863844 3223.57786
"502" 2019 895837 3605.743925
"503" 2019 903623 3903.65136
"504" 2019 833507 3789.67849333333
"505" 2019 760548 3668.37652
"506" 2019 753243 3978.378445
"507" 2019 679192 3948.36949333333
"508" 2019 702138 4377.83043
"509" 2019 596257 3998.89694666667
"510" 2019 514397 3791.10589
"511" 2019 567709 4655.2138
"512" 2019 412666 3728.43731
"513" 2019 438572 4338.20803333333
"514" 2019 441818 4833.48892
"515" 2019 436998 5253.44429
"516" 2019 438539 5821.605225
"517" 2019 347064 5159.6848
"518" 2019 307831 5279.81470166667
"519" 2019 326464 6513.50090666667
"520" 2019 325227 7427.10059
"521" 2019 395034 10176.73423
"522" 2019 320517 9348.946695
"523" 2019 278394 9314.13526
"524" 2019 281555 10694.866675
"525" 2019 248050 10665.3231666667
"526" 2019 223766 11031.2908566667
"527" 2019 203321 11449.6832466667
"528" 2019 186954 11915.51319
"529" 2019 159324 11444.774
"530" 2019 130286 10470.43439
"531" 2019 114424 10346.9809066667
"532" 2019 89364 9128.5326
"533" 2019 76144.97 8732.17825131667
"534" 2019 64720.55 8316.590675
"535" 2019 52022.7 7376.298633
"536" 2019 40384.24 6217.5575904
"537" 2019 30046.63 5026.05003325
"538" 2019 22192.49 4132.31561296667
"539" 2019 16703.15 3485.41847191667
"540" 2019 13731.81 3157.5839368
"541" 2019 10388.8 2615.10336533333
"542" 2019 6523.32 1789.8141806
"543" 2019 4146.56 1234.38253546667
"544" 2019 2648.89 851.47244605
"545" 2019 1627.87 562.25815865
"546" 2019 1047.37 386.77803045
"547" 2019 641.75 252.116835416667
"548" 2019 339.18 141.0547866
"549" 2019 186.8 81.838014
"550" 2019 105.27 48.35875715
"551" 2019 53.78 25.7893923
"552" 2019 25.68 12.8003672
"553" 2019 11.13 5.74387765
"554" 2019 4.19 3.19392526666667
"555" 2019 2.23 2.23
"556" 2020 295114 806.644933333333
"557" 2020 330915 60.116225
"558" 2020 362808 46.56036
"559" 2020 411897 43.93568
"560" 2020 443890 45.8686333333333
"561" 2020 440234 44.0234
"562" 2020 441047 34.5486816666667
"563" 2020 489343 32.6228666666667
"564" 2020 475853 32.5166216666667
"565" 2020 473174 33.12218
"566" 2020 447785 28.3597166666667
"567" 2020 468307 34.3425133333333
"568" 2020 495361 49.5361
"569" 2020 449156 49.40716
"570" 2020 435560 56.6228
"571" 2020 473053 80.41901
"572" 2020 492218 99.2639633333333
"573" 2020 493207 111.793586666667
"574" 2020 557253 141.17076
"575" 2020 636507 180.34365
"576" 2020 617117 182.049515
"577" 2020 636540 196.2665
"578" 2020 667567 226.97278
"579" 2020 681424 244.176933333333
"580" 2020 703973 259.296721666667
"581" 2020 709512 279.07472
"582" 2020 706080 293.0232
"583" 2020 720942 307.60192
"584" 2020 698283 311.89974
"585" 2020 636805 298.237008333333
"586" 2020 627510 312.70915
"587" 2020 622279 342.25345
"588" 2020 614109 365.394855
"589" 2020 623719 385.666248333333
"590" 2020 648259 426.770508333333
"591" 2020 656989 457.702336666667
"592" 2020 742390 541.9447
"593" 2020 815472 646.94112
"594" 2020 832968 726.07044
"595" 2020 829435 774.139333333333
"596" 2020 819476 805.818066666667
"597" 2020 714741 752.86052
"598" 2020 771029 884.113253333333
"599" 2020 754115 951.441758333333
"600" 2020 781263 1079.445045
"601" 2020 847680 1298.3632
"602" 2020 881976 1474.36988
"603" 2020 882190 1598.23421666667
"604" 2020 928787 1851.38208666667
"605" 2020 903504 1972.6504
"606" 2020 908686 2168.73058666667
"607" 2020 910232 2357.50088
"608" 2020 846059 2352.04402
"609" 2020 800525 2386.89870833333
"610" 2020 834530 2628.7695
"611" 2020 816119 2788.40658333333
"612" 2020 775457 2893.74703833333
"613" 2020 861026 3465.62965
"614" 2020 892675 3856.356
"615" 2020 900059 4092.26825333333
"616" 2020 830158 4004.12875333333
"617" 2020 757362 4000.13363
"618" 2020 749868 4359.23264
"619" 2020 675767 4213.407245
"620" 2020 698373 4683.75492
"621" 2020 593339 4372.90843
"622" 2020 511483 4194.1606
"623" 2020 563759 5093.562565
"624" 2020 409401 4049.658225
"625" 2020 434535 4753.8129
"626" 2020 437407 5258.36115166667
"627" 2020 432116 5736.3399
"628" 2020 433040 6437.86133333333
"629" 2020 342182 5868.99160333333
"630" 2020 302823 6041.823555
"631" 2020 320512 7319.42570666667
"632" 2020 318390 8202.25705
"633" 2020 385431 11242.379885
"634" 2020 311897 10435.0339633333
"635" 2020 269534 10238.24899
"636" 2020 271322 11665.9415933333
"637" 2020 238060 11735.9612333333
"638" 2020 213398 12017.1527066667
"639" 2020 192494 12268.60509
"640" 2020 175641 12616.8785
"641" 2020 148395 11925.764175
"642" 2020 120305 10878.7801333333
"643" 2020 104494 10674.0621
"644" 2020 80591 9242.04156166667
"645" 2020 67818.57 8714.686245
"646" 2020 56774.32 8050.0308328
"647" 2020 44972.9 6924.027684
"648" 2020 34447.11 5762.14032525
"649" 2020 25217.31 4695.5471797
"650" 2020 18237.68 3805.62628946667
"651" 2020 13423.8 3086.758064
"652" 2020 10827.3 2725.484047
"653" 2020 8043.76 2206.97983746667
"654" 2020 4930.58 1467.77614256667
"655" 2020 3047.84 979.7129288
"656" 2020 1890.19 652.86217505
"657" 2020 1124.05 415.09480425
"658" 2020 699.84 274.937976
"659" 2020 418.34 173.9750558
"660" 2020 215.26 94.3064823
"661" 2020 115.19 52.9157902166667
"662" 2020 62.89 30.15795615
"663" 2020 30.62 15.2627431333333
"664" 2020 13.67 7.05469968333333
"665" 2020 5.16 3.9333304
"666" 2020 2.06 2.06
"667" 2021 265080 724.552
"668" 2021 304619 55.3391183333333
"669" 2021 331534 42.5468633333333
"670" 2021 363146 38.7355733333333
"671" 2021 412272 42.60144
"672" 2021 444146 44.4146
"673" 2021 440425 34.4999583333333
"674" 2021 441184 29.4122666666667
"675" 2021 489435 33.444725
"676" 2021 475936 33.31552
"677" 2021 473243 29.9720566666667
"678" 2021 447769 32.8363933333333
"679" 2021 468359 46.8359
"680" 2021 495337 54.48707
"681" 2021 449091 58.38183
"682" 2021 435436 74.02412
"683" 2021 472844 95.3568733333333
"684" 2021 491851 111.486226666667
"685" 2021 492757 124.831773333333
"686" 2021 556899 157.78805
"687" 2021 636214 187.68313
"688" 2021 616774 190.171983333333
"689" 2021 636276 216.33384
"690" 2021 667400 239.151666666667
"691" 2021 681245 250.925241666667
"692" 2021 703759 276.811873333333
"693" 2021 709511 294.447065
"694" 2021 706057 301.250986666667
"695" 2021 721013 322.052473333333
"696" 2021 698397 327.082595
"697" 2021 637012 317.444313333333
"698" 2021 627635 345.19925
"699" 2021 622444 370.35418
"700" 2021 614251 379.811868333333
"701" 2021 623940 410.7605
"702" 2021 648317 451.660843333333
"703" 2021 656988 479.60124
"704" 2021 742345 588.927033333333
"705" 2021 815310 710.67855
"706" 2021 832661 777.150266666667
"707" 2021 829120 815.301333333333
"708" 2021 819218 862.909626666667
"709" 2021 714418 819.199306666667
"710" 2021 770518 972.136876666667
"711" 2021 753611 1041.23919833333
"712" 2021 780541 1195.52863166667
"713" 2021 846837 1415.629185
"714" 2021 881108 1596.27399333333
"715" 2021 881189 1756.50340666667
"716" 2021 927704 2025.48706666667
"717" 2021 902393 2153.71129333333
"718" 2021 907452 2350.30068
"719" 2021 908889 2526.71142
"720" 2021 844643 2518.44387833333
"721" 2021 799179 2517.41385
"722" 2021 832890 2845.7075
"723" 2021 814407 3039.095455
"724" 2021 773571 3113.623275
"725" 2021 858948 3710.65536
"726" 2021 890018 4046.61517333333
"727" 2021 897132 4327.16668
"728" 2021 827151 4368.735865
"729" 2021 754461 4385.93328
"730" 2021 746633 4655.256755
"731" 2021 672514 4510.32722666667
"732" 2021 695126 5123.07862
"733" 2021 590120 4838.984
"734" 2021 508098 4590.66543
"735" 2021 559450 5533.89291666667
"736" 2021 405873 4440.25062
"737" 2021 430273 5172.59858166667
"738" 2021 432678 5743.80045
"739" 2021 426796 6345.03386666667
"740" 2021 427060 7324.79076666667
"741" 2021 337042 6724.54963666667
"742" 2021 297529 6794.57059666667
"743" 2021 313932 8087.41154
"744" 2021 311032 9072.28505333333
"745" 2021 374914 12543.3727266667
"746" 2021 302154 11477.31969
"747" 2021 260052 11181.36916
"748" 2021 260420 12838.2719666667
"749" 2021 227056 12786.2802133333
"750" 2021 202247 12890.212545
"751" 2021 181133 13011.3871666667
"752" 2021 163654 13152.05371
"753" 2021 137149 12401.9269066667
"754" 2021 109952 11231.5968
"755" 2021 94374 10822.65303
"756" 2021 71764 9221.674
"757" 2021 59477.78 8433.3544262
"758" 2021 49082.49 7556.7401604
"759" 2021 38360.38 6416.7325645
"760" 2021 28916.58 5384.3635846
"761" 2021 20848.58 4350.43844096667
"762" 2021 14830.79 3410.29072453333
"763" 2021 10735.34 2702.33556926667
"764" 2021 8466.53 2322.97594698333
"765" 2021 6123.92 1823.01953826667
"766" 2021 3669.42 1179.5167119
"767" 2021 2203.13 760.95008635
"768" 2021 1319.44 487.2494004
"769" 2021 760.46 298.753048166667
"770" 2021 456.36 189.7864332
"771" 2021 266.34 116.6848857
"772" 2021 133.3 61.2351318333333
"773" 2021 69.11 33.14066385
"774" 2021 36.35 18.1188998333333
"775" 2021 16.47 8.49970035
"776" 2021 6.49 4.94715393333333
"777" 2021 1.66 1.66
