"year" "population" "expected"
"1" 2015 738452 2754.42596
"2" 2015 747966 172.03218
"3" 2015 763320 114.498
"4" 2015 774126 85.15386
"5" 2015 796730 79.673
"6" 2015 793502 67.44767
"7" 2015 799667 59.975025
"8" 2015 794508 47.67048
"9" 2015 810140 52.6591
"10" 2015 791535 55.40745
"11" 2015 789597 47.37582
"12" 2015 785197 51.037805
"13" 2015 788173 66.994705
"14" 2015 804331 84.454755
"15" 2015 819876 106.58388
"16" 2015 784369 133.34273
"17" 2015 781334 156.2668
"18" 2015 764284 206.35668
"19" 2015 768554 253.62282
"20" 2015 756117 257.07978
"21" 2015 728533 258.629215
"22" 2015 719569 266.24053
"23" 2015 748196 288.05546
"24" 2015 750374 292.64586
"25" 2015 760058 296.42262
"26" 2015 759209 345.440095
"27" 2015 764301 370.685985
"28" 2015 765111 367.25328
"29" 2015 777812 388.906
"30" 2015 778328 404.73056
"31" 2015 774215 425.81825
"32" 2015 766175 440.550625
"33" 2015 815736 501.67764
"34" 2015 824982 532.11339
"35" 2015 837454 590.40507
"36" 2015 793682 603.19832
"37" 2015 779405 639.1121
"38" 2015 788079 709.2711
"39" 2015 768755 738.0048
"40" 2015 791386 799.29986
"41" 2015 835894 906.94499
"42" 2015 885635 1036.19295
"43" 2015 904013 1161.656705
"44" 2015 899266 1294.94304
"45" 2015 883519 1395.96002
"46" 2015 870098 1513.97052
"47" 2015 862530 1694.87145
"48" 2015 859963 1883.31897
"49" 2015 878857 2109.2568
"50" 2015 881322 2344.31652
"51" 2015 890793 2601.11556
"52" 2015 880704 2849.07744
"53" 2015 848598 3008.27991
"54" 2015 850844 3194.91922
"55" 2015 848050 3460.044
"56" 2015 842921 3759.42766
"57" 2015 824332 3927.94198
"58" 2015 820974 4297.79889
"59" 2015 814587 4761.261015
"60" 2015 806372 5148.68522
"61" 2015 804955 5594.43725
"62" 2015 787877 5885.44119
"63" 2015 798722 6421.72488
"64" 2015 779607 6728.00841
"65" 2015 808534 7462.76882
"66" 2015 793955 7852.21495
"67" 2015 788191 8283.88741
"68" 2015 772311 8603.54454
"69" 2015 729348 8682.88794
"70" 2015 547094 6994.59679
"71" 2015 533370 7341.83805
"72" 2015 517917 7670.35077
"73" 2015 476770 7549.65295
"74" 2015 423522 7341.75387
"75" 2015 438446 8376.51083
"76" 2015 455726 9458.59313
"77" 2015 445526 10169.13095
"78" 2015 431988 10950.8958
"79" 2015 427694 11966.87812
"80" 2015 411154 12947.23946
"81" 2015 408496 14546.54256
"82" 2015 382374 15155.39349
"83" 2015 380501 17048.347305
"84" 2015 355897 18369.623655
"85" 2015 328943.44 19327.0718172
"86" 2015 296458.5 19678.91523
"87" 2015 272475.21 20674.05655875
"88" 2015 244548.8 21477.49836
"89" 2015 220418.22 22294.2008619
"90" 2015 194057.66 22100.2566091
"91" 2015 164421.59 21085.4247016
"92" 2015 141338.66 20369.7276792
"93" 2015 118324.49 19065.6250737
"94" 2015 99128.74 17906.6155936
"95" 2015 77898.8 15545.874022
"96" 2015 36985.4 8110.713293
"97" 2015 24443.45 5906.63747525
"98" 2015 16024.1 4246.6268615
"99" 2015 10430.75 3016.6772075
"100" 2015 8993.28 2823.88992
"101" 2015 9462.29 3208.7571619
"102" 2015 5917.81 2155.59188155
"103" 2015 3278.09 1275.68511395
"104" 2015 1823.54 754.0884962
"105" 2015 1049.4 458.703234
"106" 2015 550.13 252.87550645
"107" 2015 318.3 153.1070745
"108" 2015 160.18 80.2525827
"109" 2015 86.97 45.18656805
"110" 2015 45.22 34.5587067
"111" 2015 39.91 39.91
"112" 2016 719056 2682.07888
"113" 2016 741330 170.5059
"114" 2016 750605 112.59075
"115" 2016 768817 84.56987
"116" 2016 779322 77.9322
"117" 2016 802045 68.173825
"118" 2016 796940 59.7705
"119" 2016 802825 48.1695
"120" 2016 797236 51.82034
"121" 2016 812139 56.84973
"122" 2016 793595 47.6157
"123" 2016 790311 51.370215
"124" 2016 787157 66.908345
"125" 2016 790044 82.95462
"126" 2016 806703 104.87139
"127" 2016 821553 139.66401
"128" 2016 787468 157.4936
"129" 2016 780381 210.70287
"130" 2016 756623 249.68559
"131" 2016 761376 258.86784
"132" 2016 745736 264.73628
"133" 2016 718819 265.96303
"134" 2016 711465 273.914025
"135" 2016 738250 287.9175
"136" 2016 744142 290.21538
"137" 2016 755046 343.54593
"138" 2016 757118 367.20223
"139" 2016 763915 366.6792
"140" 2016 768527 384.2635
"141" 2016 782399 406.84748
"142" 2016 781254 429.6897
"143" 2016 777265 446.927375
"144" 2016 768991 472.929465
"145" 2016 818815 528.135675
"146" 2016 827635 583.482675
"147" 2016 839815 638.2594
"148" 2016 796648 653.25136
"149" 2016 783361 705.0249
"150" 2016 789874 758.27904
"151" 2016 769144 776.83544
"152" 2016 792642 860.01657
"153" 2016 835966 978.08022
"154" 2016 882534 1134.05619
"155" 2016 902488 1299.58272
"156" 2016 897632 1418.25856
"157" 2016 880641 1532.31534
"158" 2016 869062 1707.70683
"159" 2016 859725 1882.79775
"160" 2016 856621 2055.8904
"161" 2016 876595 2331.7427
"162" 2016 880381 2570.71252
"163" 2016 887326 2870.49961
"164" 2016 876962 3108.83029
"165" 2016 845751 3175.795005
"166" 2016 848375 3461.37
"167" 2016 843903 3763.80738
"168" 2016 838995 3997.811175
"169" 2016 821310 4299.55785
"170" 2016 817109 4776.002105
"171" 2016 810020 5171.9777
"172" 2016 801775 5572.33625
"173" 2016 799221 5970.18087
"174" 2016 782456 6290.94624
"175" 2016 792312 6837.65256
"176" 2016 774082 7144.77686
"177" 2016 801436 7926.20204
"178" 2016 786704 8268.25904
"179" 2016 781919 8710.57766
"180" 2016 764624 9102.84872
"181" 2016 720517 9211.809845
"182" 2016 539807 7430.443355
"183" 2016 526454 7796.78374
"184" 2016 509919 8074.567365
"185" 2016 468961 8129.438935
"186" 2016 416006 7947.79463
"187" 2016 429987 8924.380185
"188" 2016 447631 10217.177575
"189" 2016 434768 11021.3688
"190" 2016 421243 11786.37914
"191" 2016 414928 13066.08272
"192" 2016 395823 14095.25703
"193" 2016 392302 15548.88977
"194" 2016 365473 16375.017765
"195" 2016 361343 18650.718945
"196" 2016 334973 19681.338615
"197" 2016 307744.44 20428.0759272
"198" 2016 274622.5 20836.9821875
"199" 2016 249859.21 21943.88511825
"200" 2016 221546.8 22408.351086
"201" 2016 197150.22 22452.4528047
"202" 2016 170655.66 21884.8818384
"203" 2016 142104.59 20480.1135108
"204" 2016 119920.66 19322.8159458
"205" 2016 98497.49 17792.5865936
"206" 2016 80549.74 16074.9088631
"207" 2016 61627.8 13514.668401
"208" 2016 28474.4 6880.696388
"209" 2016 18510.45 4905.54690675
"210" 2016 11594.1 3353.129661
"211" 2016 7342.75 2305.6235
"212" 2016 6114.28 2073.4134908
"213" 2016 6214.29 2263.58620395
"214" 2016 3762.81 1464.31632555
"215" 2016 1876.09 775.8194977
"216" 2016 994.54 434.7233794
"217" 2016 523.4 240.588661
"218" 2016 295.25 142.01967875
"219" 2016 164.07 82.20153105
"220" 2016 79.41 41.25865665
"221" 2016 41.11 31.41770085
"222" 2016 36.88 36.88
"223" 2017 706335 2634.62955
"224" 2017 724701 166.68123
"225" 2017 747057 112.05855
"226" 2017 755872 83.14592
"227" 2017 775525 77.5525
"228" 2017 784123 66.650455
"229" 2017 806132 60.4599
"230" 2017 799723 47.98338
"231" 2017 805999 52.389935
"232" 2017 798548 55.89836
"233" 2017 813412 48.80472
"234" 2017 793006 51.54539
"235" 2017 790984 67.23364
"236" 2017 788467 82.789035
"237" 2017 793354 103.13602
"238" 2017 810935 137.85895
"239" 2017 823649 164.7298
"240" 2017 779828 210.55356
"241" 2017 772916 255.06228
"242" 2017 745582 253.49788
"243" 2017 748190 265.60745
"244" 2017 736254 272.41398
"245" 2017 708795 272.886075
"246" 2017 702680 274.0452
"247" 2017 730987 285.08493
"248" 2017 739102 336.29141
"249" 2017 750379 363.933815
"250" 2017 756873 363.29904
"251" 2017 767871 383.9355
"252" 2017 771825 401.349
"253" 2017 787714 433.2427
"254" 2017 786685 452.343875
"255" 2017 781344 480.52656
"256" 2017 773462 498.88299
"257" 2017 823172 580.33626
"258" 2017 834096 633.91296
"259" 2017 843754 691.87828
"260" 2017 800953 720.8577
"261" 2017 785686 754.25856
"262" 2017 790213 798.11513
"263" 2017 771142 836.68907
"264" 2017 794571 929.64807
"265" 2017 835577 1073.716445
"266" 2017 881704 1269.65376
"267" 2017 901587 1424.50746
"268" 2017 898206 1562.87844
"269" 2017 878297 1725.853605
"270" 2017 867836 1900.56084
"271" 2017 857219 2057.3256
"272" 2017 853540 2270.4164
"273" 2017 873486 2550.57912
"274" 2017 874901 2830.304735
"275" 2017 884071 3134.031695
"276" 2017 871432 3272.22716
"277" 2017 841129 3431.80632
"278" 2017 843342 3761.30532
"279" 2017 837940 3992.7841
"280" 2017 834073 4366.372155
"281" 2017 817308 4777.16526
"282" 2017 811111 5178.943735
"283" 2017 803628 5585.2146
"284" 2017 796266 5948.10702
"285" 2017 792387 6370.79148
"286" 2017 775422 6691.89186
"287" 2017 786286 7257.41978
"288" 2017 766815 7583.80035
"289" 2017 791794 8321.75494
"290" 2017 778012 8667.05368
"291" 2017 773476 9208.23178
"292" 2017 755422 9658.07027
"293" 2017 710373 9778.284345
"294" 2017 531439 7870.61159
"295" 2017 518158 8205.03193
"296" 2017 500981 8684.505635
"297" 2017 461038 8808.13099
"298" 2017 407822 8464.34561
"299" 2017 420604 9600.2863
"300" 2017 437280 11085.048
"301" 2017 422761 11828.85278
"302" 2017 408650 12868.3885
"303" 2017 402471 14331.99231
"304" 2017 381406 15117.02681
"305" 2017 377126 16897.13043
"306" 2017 348763 18001.402245
"307" 2017 342015 20095.091325
"308" 2017 315263 20927.15794
"309" 2017 285806.44 21685.563635
"310" 2017 252341.5 22161.8922375
"311" 2017 226938.21 22953.66525045
"312" 2017 198730.8 22632.457158
"313" 2017 174065.22 22322.1238128
"314" 2017 148309.66 21374.3881992
"315" 2017 121327.59 19549.5145767
"316" 2017 100192.66 18098.8021024
"317" 2017 80501.49 16065.27985185
"318" 2017 64236.74 14086.7958983
"319" 2017 47781.8 11546.233061
"320" 2017 21648.4 5737.150726
"321" 2017 13616.45 3938.0135045
"322" 2017 8246.1 2589.2754
"323" 2017 5071.75 1719.8811425
"324" 2017 4032.28 1468.7781514
"325" 2017 4019.29 1564.12679995
"326" 2017 2291.81 947.7321893
"327" 2017 999.09 436.7122299
"328" 2017 480.54 220.8874191
"329" 2017 260.99 125.54010485
"330" 2017 138.43 69.35550645
"331" 2017 72.27 37.54896255
"332" 2017 32.87 25.12040445
"333" 2017 27.56 27.56
"334" 2018 692610 2583.4353
"335" 2018 710548 163.42604
"336" 2018 728947 109.34205
"337" 2018 753219 82.85409
"338" 2018 763211 76.3211
"339" 2018 780589 66.350065
"340" 2018 789472 59.2104
"341" 2018 812153 48.72918
"342" 2018 803078 52.20007
"343" 2018 809783 56.68481
"344" 2018 801172 48.07032
"345" 2018 813929 52.905385
"346" 2018 796196 67.67666
"347" 2018 793303 83.296815
"348" 2018 791791 102.93283
"349" 2018 798746 135.78682
"350" 2018 811981 162.3962
"351" 2018 822764 222.14628
"352" 2018 774368 255.54144
"353" 2018 763655 259.6427
"354" 2018 735945 261.260475
"355" 2018 738192 273.13104
"356" 2018 727291 280.007035
"357" 2018 703269 274.27491
"358" 2018 700291 273.11349
"359" 2018 728632 331.52756
"360" 2018 739472 358.64392
"361" 2018 755534 362.65632
"362" 2018 761926 380.963
"363" 2018 775437 403.22724
"364" 2018 779245 428.58475
"365" 2018 794268 456.7041
"366" 2018 793096 487.75404
"367" 2018 787639 508.027155
"368" 2018 778272 548.68176
"369" 2018 828319 629.52244
"370" 2018 838211 687.33302
"371" 2018 849719 764.7471
"372" 2018 804136 771.97056
"373" 2018 787879 795.75779
"374" 2018 791832 859.13772
"375" 2018 771466 902.61522
"376" 2018 794992 1021.56472
"377" 2018 837345 1205.7768
"378" 2018 881627 1392.97066
"379" 2018 901303 1568.26722
"380" 2018 897299 1763.192535
"381" 2018 878189 1923.23391
"382" 2018 865886 2078.1264
"383" 2018 854366 2272.61356
"384" 2018 851713 2487.00196
"385" 2018 871473 2819.215155
"386" 2018 872755 3093.916475
"387" 2018 881409 3309.690795
"388" 2018 868066 3541.70928
"389" 2018 838629 3740.28534
"390" 2018 840277 4003.919905
"391" 2018 834655 4369.418925
"392" 2018 831532 4860.30454
"393" 2018 812185 5185.801225
"394" 2018 807063 5609.08785
"395" 2018 798677 5966.11719
"396" 2018 790556 6356.07024
"397" 2018 785798 6781.43674
"398" 2018 769830 7105.5309
"399" 2018 779986 7714.06154
"400" 2018 759318 7980.43218
"401" 2018 784500 8739.33
"402" 2018 768973 9154.623565
"403" 2018 764433 9773.275905
"404" 2018 746007 10268.786355
"405" 2018 700594 10375.79714
"406" 2018 523076 8282.90846
"407" 2018 509210 8827.15535
"408" 2018 492324 9405.85002
"409" 2018 451571 9372.356105
"410" 2018 399215 9112.082375
"411" 2018 410448 10404.8568
"412" 2018 425884 11916.23432
"413" 2018 410557 12928.43993
"414" 2018 396309 14112.56349
"415" 2018 387066 15341.36091
"416" 2018 365507 16376.541135
"417" 2018 358107 18483.692805
"418" 2018 329251 19345.142505
"419" 2018 321151 21318.00338
"420" 2018 292738 22211.49575
"421" 2018 262446.44 23049.358593
"422" 2018 228832.5 23145.2632125
"423" 2018 203423.21 23166.85227085
"424" 2018 175085.8 22453.002992
"425" 2018 151028.22 21766.1870664
"426" 2018 126310.66 20352.4366458
"427" 2018 101071.59 18257.5720176
"428" 2018 81648.66 16294.2148329
"429" 2018 63865.49 14005.38262955
"430" 2018 49683.74 12005.8273523
"431" 2018 35993.8 9538.896907
"432" 2018 15886.4 4594.505744
"433" 2018 9627.45 3023.0193
"434" 2018 5697.1 1931.943581
"435" 2018 3388.75 1234.36913125
"436" 2018 2637.28 1026.3106984
"437" 2018 2472.29 1022.3660837
"438" 2018 1388.81 607.0627391
"439" 2018 439.09 201.83430485
"440" 2018 208.51 100.29643765
"441" 2018 101.02 50.6125353
"442" 2018 47.46 24.6585549
"443" 2018 21.59 16.49983365
"444" 2018 12.1 12.1
"445" 2019 679810 2535.6913
"446" 2019 694059 159.63357
"447" 2019 712267 106.84005
"448" 2019 733114 80.64254
"449" 2019 760324 76.0324
"450" 2019 768705 65.339925
"451" 2019 785464 58.9098
"452" 2019 794044 47.64264
"453" 2019 816365 53.063725
"454" 2019 806407 56.44849
"455" 2019 811414 48.68484
"456" 2019 804800 52.312
"457" 2019 816571 69.408535
"458" 2019 797955 83.785275
"459" 2019 795672 103.43736
"460" 2019 794506 135.06602
"461" 2019 802367 160.4734
"462" 2019 814005 219.78135
"463" 2019 824787 272.17971
"464" 2019 772280 262.5752
"465" 2019 758208 269.16384
"466" 2019 732653 271.08161
"467" 2019 734184 282.66084
"468" 2019 722506 281.77734
"469" 2019 700295 273.11505
"470" 2019 698588 317.85754
"471" 2019 727731 352.949535
"472" 2019 739730 355.0704
"473" 2019 758941 379.4705
"474" 2019 764399 397.48748
"475" 2019 779490 428.7195
"476" 2019 783552 450.5424
"477" 2019 798471 491.059665
"478" 2019 797350 514.29075
"479" 2019 793270 559.25535
"480" 2019 782274 594.52824
"481" 2019 832633 682.75906
"482" 2019 841746 757.5714
"483" 2019 853469 819.33024
"484" 2019 807857 815.93557
"485" 2019 790869 858.092865
"486" 2019 793913 928.87821
"487" 2019 772294 992.39779
"488" 2019 796601 1147.10544
"489" 2019 839179 1325.90282
"490" 2019 882251 1535.11674
"491" 2019 902692 1773.78978
"492" 2019 897866 1966.32654
"493" 2019 878212 2107.7088
"494" 2019 866311 2304.38726
"495" 2019 853754 2492.96168
"496" 2019 850739 2752.140665
"497" 2019 870672 3086.53224
"498" 2019 870197 3267.589735
"499" 2019 879446 3588.13968
"500" 2019 866886 3866.31156
"501" 2019 837523 3990.797095
"502" 2019 838301 4388.505735
"503" 2019 832648 4866.82756
"504" 2019 829201 5294.448385
"505" 2019 808640 5620.048
"506" 2019 803490 6002.0703
"507" 2019 795347 6394.58988
"508" 2019 785659 6780.23717
"509" 2019 780984 7208.48232
"510" 2019 763618 7552.18202
"511" 2019 774799 8143.13749
"512" 2019 752796 8386.14744
"513" 2019 776920 9249.2326
"514" 2019 760856 9727.54396
"515" 2019 756565 10414.117225
"516" 2019 737555 10923.18955
"517" 2019 690651 10936.458585
"518" 2019 515825 8941.826375
"519" 2019 500502 9562.09071
"520" 2019 484169 10048.927595
"521" 2019 443369 10119.897425
"522" 2019 390376 9896.0316
"523" 2019 400317 11200.86966
"524" 2019 415133 13072.53817
"525" 2019 398096 14176.19856
"526" 2019 383342 15193.76017
"527" 2019 372130 16673.28465
"528" 2019 349326 18030.46149
"529" 2019 338904 19912.30452
"530" 2019 310657 20621.41166
"531" 2019 299919 22756.354125
"532" 2019 270030 23715.38475
"533" 2019 238688.44 24142.1422638
"534" 2019 205382.5 23389.9860125
"535" 2019 179665.21 23040.2665304
"536" 2019 152344.8 21955.932576
"537" 2019 129032.22 20790.9616086
"538" 2019 105674.66 19089.0705824
"539" 2019 82983.59 16560.62013835
"540" 2019 65122.66 14281.0737247
"541" 2019 49660.49 12000.20910605
"542" 2019 37576.74 9958.3997511
"543" 2019 26376.8 7628.434328
"544" 2019 11324.4 3555.8616
"545" 2019 6693.45 2269.8158295
"546" 2019 3739.1 1361.9858705
"547" 2019 2222.75 864.99427625
"548" 2019 1670.28 690.7108884
"549" 2019 1489.29 650.9835519
"550" 2019 500.81 230.20482865
"551" 2019 222.96 107.2471044
"552" 2019 100.5 50.3520075
"553" 2019 46.09 23.94675085
"554" 2019 20.61 15.75088335
"555" 2019 12.6 12.6
"556" 2020 674104 2514.40792
"557" 2020 683279 157.15417
"558" 2020 697533 104.62995
"559" 2020 716735 78.84085
"560" 2020 739350 73.935
"561" 2020 764537 64.985645
"562" 2020 772186 57.91395
"563" 2020 789241 47.35446
"564" 2020 797228 51.81982
"565" 2020 818828 57.31796
"566" 2020 808200 48.492
"567" 2020 812767 52.829855
"568" 2020 807259 68.617015
"569" 2020 818695 85.962975
"570" 2020 801445 104.18785
"571" 2020 800121 136.02057
"572" 2020 797356 159.4712
"573" 2020 800958 216.25866
"574" 2020 812014 267.96462
"575" 2020 818260 278.2084
"576" 2020 763991 271.216805
"577" 2020 751527 278.06499
"578" 2020 725684 279.38834
"579" 2020 728368 284.06352
"580" 2020 718742 280.30938
"581" 2020 697696 317.45168
"582" 2020 697104 338.09544
"583" 2020 729708 350.25984
"584" 2020 744054 372.027
"585" 2020 763531 397.03612
"586" 2020 770129 423.57095
"587" 2020 784993 451.370975
"588" 2020 788552 484.95948
"589" 2020 803549 518.289105
"590" 2020 802328 565.64124
"591" 2020 798525 606.879
"592" 2020 786485 644.9177
"593" 2020 837220 753.498
"594" 2020 844852 811.05792
"595" 2020 855534 864.08934
"596" 2020 810069 878.924865
"597" 2020 792319 927.01323
"598" 2020 794308 1020.68578
"599" 2020 773272 1113.51168
"600" 2020 797100 1259.418
"601" 2020 839661 1461.01014
"602" 2020 881726 1732.59159
"603" 2020 902402 1976.26038
"604" 2020 896490 2151.576
"605" 2020 876479 2331.43414
"606" 2020 864541 2524.45972
"607" 2020 851077 2753.234095
"608" 2020 848812 3009.03854
"609" 2020 867184 3256.27592
"610" 2020 867069 3537.64152
"611" 2020 876649 3909.85454
"612" 2020 863616 4115.13024
"613" 2020 834683 4369.565505
"614" 2020 835681 4884.555445
"615" 2020 828521 5290.106585
"616" 2020 824633 5731.19935
"617" 2020 804232 6007.61304
"618" 2020 798515 6420.0606
"619" 2020 789378 6812.33214
"620" 2020 780428 7203.35044
"621" 2020 774349 7658.31161
"622" 2020 756421 7949.98471
"623" 2020 767498 8549.92772
"624" 2020 744729 8865.998745
"625" 2020 768029 9819.250765
"626" 2020 751682 10346.90273
"627" 2020 746512 11055.84272
"628" 2020 726611 11505.885185
"629" 2020 679758 11783.60493
"630" 2020 507135 9688.814175
"631" 2020 490989 10190.476695
"632" 2020 474489 10830.211425
"633" 2020 433246 10982.7861
"634" 2020 380460 10645.2708
"635" 2020 389484 12264.85116
"636" 2020 402971 14349.79731
"637" 2020 384077 15222.891895
"638" 2020 368722 16520.58921
"639" 2020 355536 18350.99064
"640" 2020 330984 19446.96492
"641" 2020 319761 21225.73518
"642" 2020 290000 22003.75
"643" 2020 277432 24365.4654
"644" 2020 246164 24898.25778
"645" 2020 214431.44 24420.5245444
"646" 2020 182186.5 23363.59676
"647" 2020 156683.21 22581.1842252
"648" 2020 130280.8 20992.145304
"649" 2020 108281.22 19559.9195808
"650" 2020 86604.66 17283.2589729
"651" 2020 66390.59 14559.12443405
"652" 2020 50917.66 12303.9979507
"653" 2020 37775.49 10011.07148235
"654" 2020 27775.74 8033.0217654
"655" 2020 18953.8 5951.4932
"656" 2020 7843.4 2659.775374
"657" 2020 4512.45 1643.68247475
"658" 2020 2420.1 941.7940155
"659" 2020 1373.75 568.0868375
"660" 2020 1102.28 481.8176108
"661" 2020 561.29 258.00536785
"662" 2020 275.45 132.49558175
"663" 2020 121.52 60.8833428
"664" 2020 55.42 28.7942923
"665" 2020 25.53 19.51091955
"666" 2020 18.63 18.63
"667" 2021 656670 2449.3791
"668" 2021 677963 155.93149
"669" 2021 687210 103.0815
"670" 2021 702513 77.27643
"671" 2021 723693 72.3693
"672" 2021 744517 63.283945
"673" 2021 769190 57.68925
"674" 2021 777641 46.65846
"675" 2021 794377 51.634505
"676" 2021 801834 56.12838
"677" 2021 822979 49.37874
"678" 2021 811982 52.77883
"679" 2021 817713 69.505605
"680" 2021 811852 85.24446
"681" 2021 824622 107.20086
"682" 2021 808318 137.41406
"683" 2021 805462 161.0924
"684" 2021 798430 215.5761
"685" 2021 801557 264.51381
"686" 2021 807501 274.55034
"687" 2021 811803 288.190065
"688" 2021 758831 280.76747
"689" 2021 745718 287.10143
"690" 2021 720838 281.12682
"691" 2021 725406 282.90834
"692" 2021 716816 326.15128
"693" 2021 696823 337.959155
"694" 2021 699609 335.81232
"695" 2021 734511 367.2555
"696" 2021 749028 389.49456
"697" 2021 769541 423.24755
"698" 2021 775951 446.171825
"699" 2021 790276 486.01974
"700" 2021 793858 512.03841
"701" 2021 808711 570.141255
"702" 2021 807769 613.90444
"703" 2021 802882 658.36324
"704" 2021 791323 712.1907
"705" 2021 840558 806.93568
"706" 2021 847068 855.53868
"707" 2021 857835 930.750975
"708" 2021 811646 949.62582
"709" 2021 792796 1018.74286
"710" 2021 795320 1145.2608
"711" 2021 773936 1222.81888
"712" 2021 797678 1387.95972
"713" 2021 839397 1649.415105
"714" 2021 881706 1930.93614
"715" 2021 901092 2162.6208
"716" 2021 894803 2380.17598
"717" 2021 874821 2554.47732
"718" 2021 861942 2788.38237
"719" 2021 849294 3010.74723
"720" 2021 845582 3175.16041
"721" 2021 864080 3525.4464
"722" 2021 864539 3855.84394
"723" 2021 873374 4161.62711
"724" 2021 860533 4504.890255
"725" 2021 832123 4863.758935
"726" 2021 831390 5308.42515
"727" 2021 824045 5727.11275
"728" 2021 820035 6125.66145
"729" 2021 799063 6424.46652
"730" 2021 792275 6837.33325
"731" 2021 783943 7235.79389
"732" 2021 773645 7651.34905
"733" 2021 766642 8057.40742
"734" 2021 748814 8341.78796
"735" 2021 758877 9034.430685
"736" 2021 735603 9404.684355
"737" 2021 758155 10436.003575
"738" 2021 740985 10973.98785
"739" 2021 734792 11635.43132
"740" 2021 714297 12382.338495
"741" 2021 667303 12748.823815
"742" 2021 496744 10309.92172
"743" 2021 480096 10958.1912
"744" 2021 462645 11728.05075
"745" 2021 421065 11781.3987
"746" 2021 368973 11618.95977
"747" 2021 376788 13417.42068
"748" 2021 387634 15363.87359
"749" 2021 367957 16486.313385
"750" 2021 350782 18105.61293
"751" 2021 335412 19707.13206
"752" 2021 310453 20607.87014
"753" 2021 296795 22519.320625
"754" 2021 265967 23358.551775
"755" 2021 251197 25407.320565
"756" 2021 219661 25016.092985
"757" 2021 187613.44 24059.5475456
"758" 2021 156510.5 22556.29326
"759" 2021 132065.21 21279.6672873
"760" 2021 107731.8 19460.672352
"761" 2021 87405.22 17443.0227293
"762" 2021 68140.66 14942.9060347
"763" 2021 50789.59 12273.05047555
"764" 2021 38107.66 10099.1015149
"765" 2021 27505.49 7954.8627629
"766" 2021 19579.74 6148.03836
"767" 2021 12952.8 4392.424008
"768" 2021 5119.4 1864.767047
"769" 2021 2864.45 1114.71503975
"770" 2021 1467.1 606.689863
"771" 2021 761.75 332.9685425
"772" 2021 376.28 172.9627462
"773" 2021 312.75 150.43744125
"774" 2021 159.28 79.8016692
"775" 2021 66.07 34.32765955
"776" 2021 29.18 22.3003773
"777" 2021 21.56 21.56
