"year" "population" "expected"
"1" 2015 738452 2739.65692
"2" 2015 747966 160.81269
"3" 2015 763320 110.6814
"4" 2015 774126 85.15386
"5" 2015 796730 75.68935
"6" 2015 793502 67.44767
"7" 2015 799667 59.975025
"8" 2015 794508 51.64302
"9" 2015 810140 52.6591
"10" 2015 791535 55.40745
"11" 2015 789597 55.27179
"12" 2015 785197 58.889775
"13" 2015 788173 66.994705
"14" 2015 804331 84.454755
"15" 2015 819876 114.78264
"16" 2015 784369 137.264575
"17" 2015 781334 156.2668
"18" 2015 764284 194.89242
"19" 2015 768554 245.93728
"20" 2015 756117 268.421535
"21" 2015 728533 280.485205
"22" 2015 719569 280.63191
"23" 2015 748196 295.53742
"24" 2015 750374 307.65334
"25" 2015 760058 319.22436
"26" 2015 759209 341.64405
"27" 2015 764301 351.57846
"28" 2015 765111 355.776615
"29" 2015 777812 392.79506
"30" 2015 778328 408.6222
"31" 2015 774215 421.947175
"32" 2015 766175 444.3815
"33" 2015 815736 493.52028
"34" 2015 824982 536.2383
"35" 2015 837454 590.40507
"36" 2015 793682 599.22991
"37" 2015 779405 639.1121
"38" 2015 788079 697.449915
"39" 2015 768755 734.161025
"40" 2015 791386 815.12758
"41" 2015 835894 932.02181
"42" 2015 885635 1084.902875
"43" 2015 904013 1247.53794
"44" 2015 899266 1380.37331
"45" 2015 883519 1488.729515
"46" 2015 870098 1618.38228
"47" 2015 862530 1776.8118
"48" 2015 859963 1956.415825
"49" 2015 878857 2197.1425
"50" 2015 881322 2432.44872
"51" 2015 890793 2685.740895
"52" 2015 880704 2884.3056
"53" 2015 848598 3042.22383
"54" 2015 850844 3339.5627
"55" 2015 848050 3642.37475
"56" 2015 842921 3995.44554
"57" 2015 824332 4278.28308
"58" 2015 820974 4613.87388
"59" 2015 814587 4977.12657
"60" 2015 806372 5358.34194
"61" 2015 804955 5787.62645
"62" 2015 787877 6098.16798
"63" 2015 798722 6617.41177
"64" 2015 779607 6844.94946
"65" 2015 808534 7539.57955
"66" 2015 793955 7891.9127
"67" 2015 788191 8279.946455
"68" 2015 772311 8618.99076
"69" 2015 729348 8733.9423
"70" 2015 547094 7049.30619
"71" 2015 533370 7408.5093
"72" 2015 517917 7763.57583
"73" 2015 476770 7721.29015
"74" 2015 423522 7475.1633
"75" 2015 438446 8468.58449
"76" 2015 455726 9631.76901
"77" 2015 445526 10394.12158
"78" 2015 431988 11218.72836
"79" 2015 427694 12375.32589
"80" 2015 411154 13306.99921
"81" 2015 408496 14965.25096
"82" 2015 382374 15799.69368
"83" 2015 380501 17788.42175
"84" 2015 355897 19058.28435
"85" 2015 328943.44 20118.1807904
"86" 2015 296458.5 20710.59081
"87" 2015 272475.21 21804.82868025
"88" 2015 244548.8 22301.627816
"89" 2015 220418.22 22841.9401386
"90" 2015 194057.66 22760.0526531
"91" 2015 164421.59 21666.65502225
"92" 2015 141338.66 20817.7712314
"93" 2015 118324.49 19483.90214585
"94" 2015 99128.74 18211.9321128
"95" 2015 77898.8 15839.552498
"96" 2015 36985.4 8294.160877
"97" 2015 24443.45 6032.27680825
"98" 2015 16024.1 4331.31423
"99" 2015 10430.75 3072.84679625
"100" 2015 8993.28 2872.678464
"101" 2015 9462.29 3259.90083935
"102" 2015 5917.81 2187.1633979
"103" 2015 3278.09 1292.7475724
"104" 2015 1823.54 763.2244316
"105" 2015 1049.4 463.714119
"106" 2015 550.13 255.3538421
"107" 2015 318.3 154.445526
"108" 2015 160.18 80.874882
"109" 2015 86.97 45.4957464
"110" 2015 45.22 34.6353546
"111" 2015 39.91 39.91
"112" 2016 719056 2667.69776
"113" 2016 741330 159.38595
"114" 2016 750605 108.837725
"115" 2016 768817 84.56987
"116" 2016 779322 74.03559
"117" 2016 802045 68.173825
"118" 2016 796940 59.7705
"119" 2016 802825 52.183625
"120" 2016 797236 51.82034
"121" 2016 812139 56.84973
"122" 2016 793595 55.55165
"123" 2016 790311 59.273325
"124" 2016 787157 66.908345
"125" 2016 790044 82.95462
"126" 2016 806703 112.93842
"127" 2016 821553 143.771775
"128" 2016 787468 157.4936
"129" 2016 780381 198.997155
"130" 2016 756623 242.11936
"131" 2016 761376 270.28848
"132" 2016 745736 287.10836
"133" 2016 718819 280.33941
"134" 2016 711465 281.028675
"135" 2016 738250 302.6825
"136" 2016 744142 312.53964
"137" 2016 755046 339.7707
"138" 2016 757118 348.27428
"139" 2016 763915 355.220475
"140" 2016 768527 388.106135
"141" 2016 782399 410.759475
"142" 2016 781254 425.78343
"143" 2016 777265 450.8137
"144" 2016 768991 465.239555
"145" 2016 818815 532.22975
"146" 2016 827635 583.482675
"147" 2016 839815 634.060325
"148" 2016 796648 653.25136
"149" 2016 783361 693.274485
"150" 2016 789874 754.32967
"151" 2016 769144 792.21832
"152" 2016 792642 883.79583
"153" 2016 835966 1024.05835
"154" 2016 882534 1217.89692
"155" 2016 902488 1385.31908
"156" 2016 897632 1512.50992
"157" 2016 880641 1637.99226
"158" 2016 869062 1790.26772
"159" 2016 859725 1955.874375
"160" 2016 856621 2141.5525
"161" 2016 876595 2419.4022
"162" 2016 880381 2654.348715
"163" 2016 887326 2905.99265
"164" 2016 876962 3143.90877
"165" 2016 845751 3319.572675
"166" 2016 848375 3643.770625
"167" 2016 843903 4000.10022
"168" 2016 838995 4354.38405
"169" 2016 821310 4615.7622
"170" 2016 817109 4992.53599
"171" 2016 810020 5382.5829
"172" 2016 801775 5764.76225
"173" 2016 799221 6185.97054
"174" 2016 782456 6482.64796
"175" 2016 792312 6956.49936
"176" 2016 774082 7218.31465
"177" 2016 801436 7966.27384
"178" 2016 786704 8264.32552
"179" 2016 781919 8726.21604
"180" 2016 764624 9156.3724
"181" 2016 720517 9283.861545
"182" 2016 539807 7497.91923
"183" 2016 526454 7891.54546
"184" 2016 509919 8258.138205
"185" 2016 468961 8277.16165
"186" 2016 416006 8035.15589
"187" 2016 429987 9087.775245
"188" 2016 447631 10443.23123
"189" 2016 434768 11290.92496
"190" 2016 421243 12188.666205
"191" 2016 414928 13429.14472
"192" 2016 395823 14500.975605
"193" 2016 392302 16209.91864
"194" 2016 365473 17085.86275
"195" 2016 361343 19349.91765
"196" 2016 334973 20486.94868
"197" 2016 307744.44 21499.0265784
"198" 2016 274622.5 21976.6655625
"199" 2016 249859.21 22785.91065595
"200" 2016 221546.8 22958.894884
"201" 2016 197150.22 23122.7635527
"202" 2016 170655.66 22488.1495965
"203" 2016 142104.59 20930.5850611
"204" 2016 119920.66 19746.7354789
"205" 2016 98497.49 18095.9588628
"206" 2016 80549.74 16378.5813829
"207" 2016 61627.8 13820.342289
"208" 2016 28474.4 7027.054804
"209" 2016 18510.45 5003.374635
"210" 2016 11594.1 3415.5638895
"211" 2016 7342.75 2345.45791875
"212" 2016 6114.28 2106.4611742
"213" 2016 6214.29 2296.7394411
"214" 2016 3762.81 1483.9017516
"215" 2016 1876.09 785.2187086
"216" 2016 994.54 439.4723079
"217" 2016 523.4 242.946578
"218" 2016 295.25 143.261205
"219" 2016 164.07 82.838943
"220" 2016 79.41 41.5409592
"221" 2016 41.11 31.4873823
"222" 2016 36.88 36.88
"223" 2017 706335 2620.50285
"224" 2017 724701 155.810715
"225" 2017 747057 108.323265
"226" 2017 755872 83.14592
"227" 2017 775525 73.674875
"228" 2017 784123 66.650455
"229" 2017 806132 60.4599
"230" 2017 799723 51.981995
"231" 2017 805999 52.389935
"232" 2017 798548 55.89836
"233" 2017 813412 56.93884
"234" 2017 793006 59.47545
"235" 2017 790984 67.23364
"236" 2017 788467 82.789035
"237" 2017 793354 111.06956
"238" 2017 810935 141.913625
"239" 2017 823649 164.7298
"240" 2017 779828 198.85614
"241" 2017 772916 247.33312
"242" 2017 745582 264.68161
"243" 2017 748190 288.05315
"244" 2017 736254 287.13906
"245" 2017 708795 279.974025
"246" 2017 702680 288.0988
"247" 2017 730987 307.01454
"248" 2017 739102 332.5959
"249" 2017 750379 345.17434
"250" 2017 756873 351.945945
"251" 2017 767871 387.774855
"252" 2017 771825 405.208125
"253" 2017 787714 429.30413
"254" 2017 786685 456.2773
"255" 2017 781344 472.71312
"256" 2017 773462 502.7503
"257" 2017 823172 580.33626
"258" 2017 834096 629.74248
"259" 2017 843754 691.87828
"260" 2017 800953 708.843405
"261" 2017 785686 750.33013
"262" 2017 790213 813.91939
"263" 2017 771142 859.82333
"264" 2017 794571 973.349475
"265" 2017 835577 1153.09626
"266" 2017 881704 1353.41564
"267" 2017 901587 1519.174095
"268" 2017 898206 1670.66316
"269" 2017 878297 1809.29182
"270" 2017 867836 1974.3269
"271" 2017 857219 2143.0475
"272" 2017 853540 2355.7704
"273" 2017 873486 2633.56029
"274" 2017 874901 2865.300775
"275" 2017 884071 3169.394535
"276" 2017 871432 3420.3706
"277" 2017 841129 3612.649055
"278" 2017 843342 3997.44108
"279" 2017 837940 4348.9086
"280" 2017 834073 4687.49026
"281" 2017 817308 4993.75188
"282" 2017 811111 5389.832595
"283" 2017 803628 5778.08532
"284" 2017 796266 6163.09884
"285" 2017 792387 6564.926295
"286" 2017 775422 6808.20516
"287" 2017 786286 7332.11695
"288" 2017 766815 7622.1411
"289" 2017 791794 8317.79597
"290" 2017 778012 8682.61392
"291" 2017 773476 9262.3751
"292" 2017 755422 9733.61247
"293" 2017 710373 9867.08097
"294" 2017 531439 7966.27061
"295" 2017 518158 8391.56881
"296" 2017 500981 8842.31465
"297" 2017 461038 8904.94897
"298" 2017 407822 8619.31797
"299" 2017 420604 9812.69132
"300" 2017 437280 11356.1616
"301" 2017 422761 12232.589535
"302" 2017 408650 13225.95725
"303" 2017 402471 14744.525085
"304" 2017 381406 15759.69592
"305" 2017 377126 17630.6405
"306" 2017 348763 18676.25865
"307" 2017 342015 20917.6374
"308" 2017 315263 22024.27318
"309" 2017 285806.44 22871.660361
"310" 2017 252341.5 23012.2830925
"311" 2017 226938.21 23517.6067023
"312" 2017 198730.8 23308.141878
"313" 2017 174065.22 22937.4443655
"314" 2017 148309.66 21844.5298214
"315" 2017 121327.59 19978.40760735
"316" 2017 100192.66 18407.3954952
"317" 2017 80501.49 16368.77046915
"318" 2017 64236.74 14405.4101287
"319" 2017 47781.8 11791.831513
"320" 2017 21648.4 5851.56252
"321" 2017 13616.45 4011.33808775
"322" 2017 8246.1 2634.0104925
"323" 2017 5071.75 1747.29395125
"324" 2017 4032.28 1490.2903652
"325" 2017 4019.29 1585.0472044
"326" 2017 2291.81 959.2141574
"327" 2017 999.09 441.48288465
"328" 2017 480.54 223.0522518
"329" 2017 260.99 126.6375678
"330" 2017 138.43 69.893307
"331" 2017 72.27 37.8058824
"332" 2017 32.87 25.1761191
"333" 2017 27.56 27.56
"334" 2018 692610 2569.5831
"335" 2018 710548 152.76782
"336" 2018 728947 105.697315
"337" 2018 753219 82.85409
"338" 2018 763211 72.505045
"339" 2018 780589 66.350065
"340" 2018 789472 59.2104
"341" 2018 812153 52.789945
"342" 2018 803078 52.20007
"343" 2018 809783 56.68481
"344" 2018 801172 56.08204
"345" 2018 813929 61.044675
"346" 2018 796196 67.67666
"347" 2018 793303 83.296815
"348" 2018 791791 110.85074
"349" 2018 798746 139.78055
"350" 2018 811981 162.3962
"351" 2018 822764 209.80482
"352" 2018 774368 247.79776
"353" 2018 763655 271.097525
"354" 2018 735945 283.338825
"355" 2018 738192 287.89488
"356" 2018 727291 287.279945
"357" 2018 703269 288.34029
"358" 2018 700291 294.12222
"359" 2018 728632 327.8844
"360" 2018 739472 340.15712
"361" 2018 755534 351.32331
"362" 2018 761926 384.77263
"363" 2018 775437 407.104425
"364" 2018 779245 424.688525
"365" 2018 794268 460.67544
"366" 2018 793096 479.82308
"367" 2018 787639 511.96535
"368" 2018 778272 548.68176
"369" 2018 828319 625.380845
"370" 2018 838211 687.33302
"371" 2018 849719 752.001315
"372" 2018 804136 767.94988
"373" 2018 787879 811.51537
"374" 2018 791832 882.89268
"375" 2018 771466 945.04585
"376" 2018 794992 1097.08896
"377" 2018 837345 1285.324575
"378" 2018 881627 1485.541495
"379" 2018 901303 1676.42358
"380" 2018 897299 1848.43594
"381" 2018 878189 1997.879975
"382" 2018 865886 2164.715
"383" 2018 854366 2358.05016
"384" 2018 851713 2567.914695
"385" 2018 871473 2854.074075
"386" 2018 872755 3128.826675
"387" 2018 881409 3459.530325
"388" 2018 868066 3728.34347
"389" 2018 838629 3975.10146
"390" 2018 840277 4361.03763
"391" 2018 834655 4690.7611
"392" 2018 831532 5080.66052
"393" 2018 812185 5396.969325
"394" 2018 807063 5802.78297
"395" 2018 798677 6181.75998
"396" 2018 790556 6549.75646
"397" 2018 785798 6899.30644
"398" 2018 769830 7178.66475
"399" 2018 779986 7753.06084
"400" 2018 759318 7976.63559
"401" 2018 784500 8755.02
"402" 2018 768973 9208.451675
"403" 2018 764433 9849.719205
"404" 2018 746007 10362.03723
"405" 2018 700594 10501.90406
"406" 2018 523076 8471.21582
"407" 2018 509210 8987.5565
"408" 2018 492324 9509.23806
"409" 2018 451571 9543.953085
"410" 2018 399215 9313.68595
"411" 2018 410448 10659.33456
"412" 2018 425884 12322.95354
"413" 2018 410557 13287.677305
"414" 2018 396309 14518.780215
"415" 2018 387066 15993.56712
"416" 2018 365507 17087.45225
"417" 2018 358107 19176.62985
"418" 2018 329251 20136.99116
"419" 2018 321151 22435.60886
"420" 2018 292738 23426.35845
"421" 2018 262446.44 23933.8030958
"422" 2018 228832.5 23713.911975
"423" 2018 203423.21 23858.49118485
"424" 2018 175085.8 23071.931295
"425" 2018 151028.22 22244.9465238
"426" 2018 126310.66 20798.9448289
"427" 2018 101071.59 18568.8725148
"428" 2018 81648.66 16602.0302811
"429" 2018 63865.49 14322.15545995
"430" 2018 49683.74 12261.2017759
"431" 2018 35993.8 9729.12414
"432" 2018 15886.4 4680.054008
"433" 2018 9627.45 3075.24821625
"434" 2018 5697.1 1962.7364065
"435" 2018 3388.75 1252.4481125
"436" 2018 2637.28 1040.0377408
"437" 2018 2472.29 1034.7522566
"438" 2018 1388.81 613.69430685
"439" 2018 439.09 203.8124053
"440" 2018 208.51 101.1732222
"441" 2018 101.02 51.004998
"442" 2018 47.46 24.8272752
"443" 2018 21.59 16.5364287
"444" 2018 12.1 12.1
"445" 2019 679810 2522.0951
"446" 2019 694059 149.222685
"447" 2019 712267 103.278715
"448" 2019 733114 80.64254
"449" 2019 760324 72.23078
"450" 2019 768705 65.339925
"451" 2019 785464 58.9098
"452" 2019 794044 51.61286
"453" 2019 816365 53.063725
"454" 2019 806407 56.44849
"455" 2019 811414 56.79898
"456" 2019 804800 60.36
"457" 2019 816571 69.408535
"458" 2019 797955 83.785275
"459" 2019 795672 111.39408
"460" 2019 794506 139.03855
"461" 2019 802367 160.4734
"462" 2019 814005 207.571275
"463" 2019 824787 263.93184
"464" 2019 772280 274.1594
"465" 2019 758208 291.91008
"466" 2019 732653 285.73467
"467" 2019 734184 290.00268
"468" 2019 722506 296.22746
"469" 2019 700295 294.1239
"470" 2019 698588 314.3646
"471" 2019 727731 334.75626
"472" 2019 739730 343.97445
"473" 2019 758941 383.265205
"474" 2019 764399 401.309475
"475" 2019 779490 424.82205
"476" 2019 783552 454.46016
"477" 2019 798471 483.074955
"478" 2019 797350 518.2775
"479" 2019 793270 559.25535
"480" 2019 782274 590.61687
"481" 2019 832633 682.75906
"482" 2019 841746 744.94521
"483" 2019 853469 815.062895
"484" 2019 807857 832.09271
"485" 2019 790869 881.818935
"486" 2019 793913 972.543425
"487" 2019 772294 1065.76572
"488" 2019 796601 1222.782535
"489" 2019 839179 1414.016615
"490" 2019 882251 1640.98686
"491" 2019 902692 1859.54552
"492" 2019 897866 2042.64515
"493" 2019 878212 2195.53
"494" 2019 866311 2391.01836
"495" 2019 853754 2574.06831
"496" 2019 850739 2786.170225
"497" 2019 870672 3121.35912
"498" 2019 870197 3415.523225
"499" 2019 879446 3777.22057
"500" 2019 866886 4109.03964
"501" 2019 837523 4346.74437
"502" 2019 838301 4711.25162
"503" 2019 832648 5087.47928
"504" 2019 829201 5510.040645
"505" 2019 808640 5814.1216
"506" 2019 803490 6219.0126
"507" 2019 795347 6589.449895
"508" 2019 785659 6898.08602
"509" 2019 780984 7282.6758
"510" 2019 763618 7590.36292
"511" 2019 774799 8139.263495
"512" 2019 752796 8401.20336
"513" 2019 776920 9303.617
"514" 2019 760856 9803.62956
"515" 2019 756565 10508.68785
"516" 2019 737555 11055.94945
"517" 2019 690651 11185.092945
"518" 2019 515825 9104.31125
"519" 2019 500502 9667.19613
"520" 2019 484169 10232.911815
"521" 2019 443369 10343.79877
"522" 2019 390376 10138.06472
"523" 2019 400317 11583.172395
"524" 2019 415133 13435.779545
"525" 2019 398096 14584.24696
"526" 2019 383342 15839.69144
"527" 2019 372130 17397.0775
"528" 2019 349326 18706.4073
"529" 2019 338904 20727.36864
"530" 2019 310657 21702.49802
"531" 2019 299919 24001.017975
"532" 2019 270030 24625.38585
"533" 2019 238688.44 24735.2830372
"534" 2019 205382.5 24088.2865125
"535" 2019 179665.21 23675.38304775
"536" 2019 152344.8 22438.865592
"537" 2019 129032.22 21247.0905063
"538" 2019 105674.66 19414.5485352
"539" 2019 82983.59 16873.46827265
"540" 2019 65122.66 14604.0821183
"541" 2019 49660.49 12255.46402465
"542" 2019 37576.74 10156.992822
"543" 2019 26376.8 7770.473396
"544" 2019 11324.4 3617.29647
"545" 2019 6693.45 2305.99392675
"546" 2019 3739.1 1381.933969
"547" 2019 2222.75 876.56369
"548" 2019 1670.28 699.0789912
"549" 2019 1489.29 658.09491165
"550" 2019 500.81 232.4609777
"551" 2019 222.96 108.1846512
"552" 2019 100.5 50.74245
"553" 2019 46.09 24.1106008
"554" 2019 20.61 15.7858173
"555" 2019 12.6 12.6
"556" 2020 674104 2500.92584
"557" 2020 683279 146.904985
"558" 2020 697533 101.142285
"559" 2020 716735 78.84085
"560" 2020 739350 70.23825
"561" 2020 764537 64.985645
"562" 2020 772186 57.91395
"563" 2020 789241 51.300665
"564" 2020 797228 51.81982
"565" 2020 818828 57.31796
"566" 2020 808200 56.574
"567" 2020 812767 60.957525
"568" 2020 807259 68.617015
"569" 2020 818695 85.962975
"570" 2020 801445 112.2023
"571" 2020 800121 140.021175
"572" 2020 797356 159.4712
"573" 2020 800958 204.24429
"574" 2020 812014 259.84448
"575" 2020 818260 290.4823
"576" 2020 763991 294.136535
"577" 2020 751527 293.09553
"578" 2020 725684 286.64518
"579" 2020 728368 298.63088
"580" 2020 718742 301.87164
"581" 2020 697696 313.9632
"582" 2020 697104 320.66784
"583" 2020 729708 339.31422
"584" 2020 744054 375.74727
"585" 2020 763531 400.853775
"586" 2020 770129 419.720305
"587" 2020 784993 455.29594
"588" 2020 788552 477.07396
"589" 2020 803549 522.30685
"590" 2020 802328 565.64124
"591" 2020 798525 602.886375
"592" 2020 786485 644.9177
"593" 2020 837220 740.9397
"594" 2020 844852 806.83366
"595" 2020 855534 881.20002
"596" 2020 810069 903.226935
"597" 2020 792319 970.590775
"598" 2020 794308 1096.14504
"599" 2020 773272 1186.97252
"600" 2020 797100 1343.1135
"601" 2020 839661 1561.76946
"602" 2020 881726 1816.35556
"603" 2020 902402 2052.96455
"604" 2020 896490 2241.225
"605" 2020 876479 2419.08204
"606" 2020 864541 2606.591115
"607" 2020 851077 2787.277175
"608" 2020 848812 3042.99102
"609" 2020 867184 3403.6972
"610" 2020 867069 3724.061355
"611" 2020 876649 4155.31626
"612" 2020 863616 4482.16704
"613" 2020 834683 4690.91846
"614" 2020 835681 5106.01091
"615" 2020 828521 5505.522045
"616" 2020 824633 5929.11127
"617" 2020 804232 6224.75568
"618" 2020 798515 6615.696775
"619" 2020 789378 6930.73884
"620" 2020 780428 7277.4911
"621" 2020 774349 7697.02906
"622" 2020 756421 7946.202605
"623" 2020 767498 8565.27768
"624" 2020 744729 8918.129775
"625" 2020 768029 9896.053665
"626" 2020 751682 10440.86298
"627" 2020 746512 11190.21488
"628" 2020 726611 11767.465145
"629" 2020 679758 11997.7287
"630" 2020 507135 9795.312525
"631" 2020 490989 10377.052515
"632" 2020 474489 11069.82837
"633" 2020 433246 11251.39862
"634" 2020 380460 11008.6101
"635" 2020 389484 12605.64966
"636" 2020 402971 14762.842585
"637" 2020 384077 15870.06164
"638" 2020 368722 17237.7535
"639" 2020 355536 19038.9528
"640" 2020 330984 20242.98144
"641" 2020 319761 22338.50346
"642" 2020 290000 23207.25
"643" 2020 277432 25300.41124
"644" 2020 246164 25509.97532
"645" 2020 214431.44 25149.5914404
"646" 2020 182186.5 24007.6260375
"647" 2020 156683.21 23077.8700009
"648" 2020 130280.8 21452.687932
"649" 2020 108281.22 19893.4257384
"650" 2020 86604.66 17609.7585411
"651" 2020 66390.59 14888.42176045
"652" 2020 50917.66 12565.7147231
"653" 2020 37775.49 10210.714947
"654" 2020 27775.74 8182.5941253
"655" 2020 18953.8 6054.317565
"656" 2020 7843.4 2702.168951
"657" 2020 4512.45 1667.7563955
"658" 2020 2420.1 954.390636
"659" 2020 1373.75 574.969325
"660" 2020 1102.28 487.0809978
"661" 2020 561.29 260.5339793
"662" 2020 275.45 133.653849
"663" 2020 121.52 61.355448
"664" 2020 55.42 28.9913104
"665" 2020 25.53 19.5541929
"666" 2020 18.63 18.63
"667" 2021 656670 2436.2457
"668" 2021 677963 145.762045
"669" 2021 687210 99.64545
"670" 2021 702513 77.27643
"671" 2021 723693 68.750835
"672" 2021 744517 63.283945
"673" 2021 769190 57.68925
"674" 2021 777641 50.546665
"675" 2021 794377 51.634505
"676" 2021 801834 56.12838
"677" 2021 822979 57.60853
"678" 2021 811982 60.89865
"679" 2021 817713 69.505605
"680" 2021 811852 85.24446
"681" 2021 824622 115.44708
"682" 2021 808318 141.45565
"683" 2021 805462 161.0924
"684" 2021 798430 203.59965
"685" 2021 801557 256.49824
"686" 2021 807501 286.662855
"687" 2021 811803 312.544155
"688" 2021 758831 295.94409
"689" 2021 745718 294.55861
"690" 2021 720838 295.54358
"691" 2021 725406 304.67052
"692" 2021 716816 322.5672
"693" 2021 696823 320.53858
"694" 2021 699609 325.318185
"695" 2021 734511 370.928055
"696" 2021 749028 393.2397
"697" 2021 769541 419.399845
"698" 2021 775951 450.05158
"699" 2021 790276 478.11698
"700" 2021 793858 516.0077
"701" 2021 808711 570.141255
"702" 2021 807769 609.865595
"703" 2021 802882 658.36324
"704" 2021 791323 700.320855
"705" 2021 840558 802.73289
"706" 2021 847068 872.48004
"707" 2021 857835 956.486025
"708" 2021 811646 994.26635
"709" 2021 792796 1094.05848
"710" 2021 795320 1220.8162
"711" 2021 773936 1304.08216
"712" 2021 797678 1483.68108
"713" 2021 839397 1729.15782
"714" 2021 881706 2005.88115
"715" 2021 901092 2252.73
"716" 2021 894803 2469.65628
"717" 2021 874821 2637.585315
"718" 2021 861942 2822.86005
"719" 2021 849294 3044.71899
"720" 2021 845582 3318.90935
"721" 2021 864080 3711.2236
"722" 2021 864539 4097.91486
"723" 2021 873374 4532.81106
"724" 2021 860533 4836.19546
"725" 2021 832123 5084.27153
"726" 2021 831390 5524.58655
"727" 2021 824045 5924.88355
"728" 2021 820035 6347.0709
"729" 2021 799063 6620.236955
"730" 2021 792275 6956.1745
"731" 2021 783943 7310.268475
"732" 2021 773645 7690.0313
"733" 2021 766642 8053.57421
"734" 2021 748814 8356.76424
"735" 2021 758877 9087.552075
"736" 2021 735603 9478.244655
"737" 2021 758155 10530.77295
"738" 2021 740985 11107.36515
"739" 2021 734792 11899.95644
"740" 2021 714297 12607.34205
"741" 2021 667303 12888.957445
"742" 2021 496744 10498.68444
"743" 2021 480096 11200.63968
"744" 2021 462645 12014.89065
"745" 2021 421065 12183.515775
"746" 2021 368973 11941.811145
"747" 2021 376788 13803.62838
"748" 2021 387634 16017.03688
"749" 2021 367957 17201.98975
"750" 2021 350782 18784.3761
"751" 2021 335412 20513.79792
"752" 2021 310453 21688.24658
"753" 2021 296795 23751.019875
"754" 2021 265967 24254.860565
"755" 2021 251197 26031.54511
"756" 2021 219661 25762.940385
"757" 2021 187613.44 24722.761056
"758" 2021 156510.5 23052.431545
"759" 2021 132065.21 21746.51780465
"760" 2021 107731.8 19792.486296
"761" 2021 87405.22 17772.5404087
"762" 2021 68140.66 15280.8837083
"763" 2021 50789.59 12534.10896815
"764" 2021 38107.66 10300.500498
"765" 2021 27505.49 8102.97982655
"766" 2021 19579.74 6254.2584495
"767" 2021 12952.8 4462.433892
"768" 2021 5119.4 1892.079046
"769" 2021 2864.45 1129.624502
"770" 2021 1467.1 614.040034
"771" 2021 761.75 336.60589875
"772" 2021 376.28 174.6578876
"773" 2021 312.75 151.752555
"774" 2021 159.28 80.420472
"775" 2021 66.07 34.5625384
"776" 2021 29.18 22.3498374
"777" 2021 21.56 21.56
