"year" "population" "expected"
"1" 2015 738452 2687.96528
"2" 2015 747966 157.07286
"3" 2015 763320 118.3146
"4" 2015 774126 96.76575
"5" 2015 796730 71.7057
"6" 2015 793502 67.44767
"7" 2015 799667 67.971695
"8" 2015 794508 67.53318
"9" 2015 810140 64.8112
"10" 2015 791535 51.449775
"11" 2015 789597 55.27179
"12" 2015 785197 66.741745
"13" 2015 788173 78.8173
"14" 2015 804331 96.51972
"15" 2015 819876 131.18016
"16" 2015 784369 164.71749
"17" 2015 781334 175.80015
"18" 2015 764284 210.1781
"19" 2015 768554 265.15113
"20" 2015 756117 279.76329
"21" 2015 728533 298.69853
"22" 2015 719569 284.229755
"23" 2015 748196 284.31448
"24" 2015 750374 318.90895
"25" 2015 760058 334.42552
"26" 2015 759209 341.64405
"27" 2015 764301 355.399965
"28" 2015 765111 367.25328
"29" 2015 777812 408.3513
"30" 2015 778328 424.18876
"31" 2015 774215 456.78685
"32" 2015 766175 467.36675
"33" 2015 815736 485.36292
"34" 2015 824982 544.48812
"35" 2015 837454 594.59234
"36" 2015 793682 615.10355
"37" 2015 779405 662.49425
"38" 2015 788079 709.2711
"39" 2015 768755 745.69235
"40" 2015 791386 842.82609
"41" 2015 835894 998.89333
"42" 2015 885635 1129.184625
"43" 2015 904013 1301.77872
"44" 2015 899266 1479.29257
"45" 2015 883519 1603.586985
"46" 2015 870098 1740.196
"47" 2015 862530 1906.1913
"48" 2015 859963 2089.71009
"49" 2015 878857 2271.845345
"50" 2015 881322 2502.95448
"51" 2015 890793 2797.09002
"52" 2015 880704 2989.99008
"53" 2015 848598 3135.56961
"54" 2015 850844 3518.23994
"55" 2015 848050 3909.5105
"56" 2015 842921 4235.678025
"57" 2015 824332 4517.33936
"58" 2015 820974 4847.85147
"59" 2015 814587 5156.33571
"60" 2015 806372 5515.58448
"61" 2015 804955 5872.146725
"62" 2015 787877 6094.228595
"63" 2015 798722 6621.40538
"64" 2015 779607 6876.13374
"65" 2015 808534 7571.92091
"66" 2015 793955 7887.942925
"67" 2015 788191 8209.009265
"68" 2015 772311 8611.26765
"69" 2015 729348 8755.82274
"70" 2015 547094 7125.89935
"71" 2015 533370 7579.1877
"72" 2015 517917 7924.1301
"73" 2015 476770 7869.08885
"74" 2015 423522 7644.5721
"75" 2015 438446 8665.88519
"76" 2015 455726 9948.49858
"77" 2015 445526 10732.72134
"78" 2015 431988 11462.80158
"79" 2015 427694 12730.31191
"80" 2015 411154 13851.77826
"81" 2015 408496 15682.16144
"82" 2015 382374 16556.7942
"83" 2015 380501 18602.69389
"84" 2015 355897 19992.513975
"85" 2015 328943.44 21211.9177284
"86" 2015 296458.5 21822.310185
"87" 2015 272475.21 22687.64836065
"88" 2015 244548.8 22948.459392
"89" 2015 220418.22 23475.6425211
"90" 2015 194057.66 23430.5218684
"91" 2015 164421.59 22368.73521155
"92" 2015 141338.66 21330.1238739
"93" 2015 118324.49 19923.4776262
"94" 2015 99128.74 18700.636801
"95" 2015 77898.8 16229.046498
"96" 2015 36985.4 8484.080906
"97" 2015 24443.45 6161.9493105
"98" 2015 16024.1 4418.4052135
"99" 2015 10430.75 3130.3723825
"100" 2015 8993.28 2922.5462016
"101" 2015 9462.29 3312.1799916
"102" 2015 5917.81 2219.3562843
"103" 2015 3278.09 1310.1214494
"104" 2015 1823.54 772.542721
"105" 2015 1049.4 468.81945
"106" 2015 550.13 257.8789388
"107" 2015 318.3 155.8094415
"108" 2015 160.18 81.5083939
"109" 2015 86.97 45.8105778
"110" 2015 45.22 34.7133591
"111" 2015 39.91 39.91
"112" 2016 719056 2617.36384
"113" 2016 741330 155.6793
"114" 2016 750605 116.343775
"115" 2016 768817 96.102125
"116" 2016 779322 70.13898
"117" 2016 802045 68.173825
"118" 2016 796940 67.7399
"119" 2016 802825 68.240125
"120" 2016 797236 63.77888
"121" 2016 812139 52.789035
"122" 2016 793595 55.55165
"123" 2016 790311 67.176435
"124" 2016 787157 78.7157
"125" 2016 790044 94.80528
"126" 2016 806703 129.07248
"127" 2016 821553 172.52613
"128" 2016 787468 177.1803
"129" 2016 780381 214.604775
"130" 2016 756623 261.034935
"131" 2016 761376 281.70912
"132" 2016 745736 305.75176
"133" 2016 718819 283.933505
"134" 2016 711465 270.3567
"135" 2016 738250 313.75625
"136" 2016 744142 327.42248
"137" 2016 755046 339.7707
"138" 2016 757118 352.05987
"139" 2016 763915 366.6792
"140" 2016 768527 403.476675
"141" 2016 782399 426.407455
"142" 2016 781254 460.93986
"143" 2016 777265 474.13165
"144" 2016 768991 457.549645
"145" 2016 818815 540.4179
"146" 2016 827635 587.62085
"147" 2016 839815 650.856625
"148" 2016 796648 677.1508
"149" 2016 783361 705.0249
"150" 2016 789874 766.17778
"151" 2016 769144 819.13836
"152" 2016 792642 947.20719
"153" 2016 835966 1065.85665
"154" 2016 882534 1270.84896
"155" 2016 902488 1484.59276
"156" 2016 897632 1629.20208
"157" 2016 880641 1761.282
"158" 2016 869062 1920.62702
"159" 2016 859725 2089.13175
"160" 2016 856621 2214.365285
"161" 2016 876595 2489.5298
"162" 2016 880381 2764.39634
"163" 2016 887326 3012.47177
"164" 2016 876962 3240.37459
"165" 2016 845751 3497.180385
"166" 2016 848375 3911.00875
"167" 2016 843903 4240.612575
"168" 2016 838995 4597.6926
"169" 2016 821310 4849.83555
"170" 2016 817109 5172.29997
"171" 2016 810020 5540.5368
"172" 2016 801775 5848.948625
"173" 2016 799221 6181.974435
"174" 2016 782456 6486.56024
"175" 2016 792312 6988.19184
"176" 2016 774082 7249.27793
"177" 2016 801436 7962.26666
"178" 2016 786704 8193.52216
"179" 2016 781919 8718.39685
"180" 2016 764624 9179.31112
"181" 2016 720517 9384.733925
"182" 2016 539807 7670.65747
"183" 2016 526454 8054.7462
"184" 2016 509919 8416.213095
"185" 2016 468961 8464.74605
"186" 2016 416006 8222.35859
"187" 2016 429987 9386.61621
"188" 2016 447631 10783.43079
"189" 2016 434768 11536.56888
"190" 2016 421243 12538.297895
"191" 2016 414928 13978.92432
"192" 2016 395823 15195.64497
"193" 2016 392302 16986.6766
"194" 2016 365473 17867.97497
"195" 2016 361343 20298.443025
"196" 2016 334973 21600.733905
"197" 2016 307744.44 22653.0682284
"198" 2016 274622.5 22866.4424625
"199" 2016 249859.21 23446.7882664
"200" 2016 221546.8 23595.841934
"201" 2016 197150.22 23803.9175628
"202" 2016 170655.66 23216.8492647
"203" 2016 142104.59 21445.71419985
"204" 2016 119920.66 20192.2407308
"205" 2016 98497.49 18581.5514885
"206" 2016 80549.74 16781.3300829
"207" 2016 61627.8 14136.801042
"208" 2016 28474.4 7178.111496
"209" 2016 18510.45 5103.97893075
"210" 2016 11594.1 3479.505351
"211" 2016 7342.75 2386.1734675
"212" 2016 6114.28 2140.2425712
"213" 2016 6214.29 2330.5451787
"214" 2016 3762.81 1503.8446446
"215" 2016 1876.09 794.8055285
"216" 2016 994.54 444.310745
"217" 2016 523.4 245.348984
"218" 2016 295.25 144.52635125
"219" 2016 164.07 83.48783985
"220" 2016 79.41 41.8284234
"221" 2016 41.11 31.55829705
"222" 2016 36.88 36.88
"223" 2017 706335 2571.0594
"224" 2017 724701 152.18721
"225" 2017 747057 115.793835
"226" 2017 755872 94.484
"227" 2017 775525 69.79725
"228" 2017 784123 66.650455
"229" 2017 806132 68.52122
"230" 2017 799723 67.976455
"231" 2017 805999 64.47992
"232" 2017 798548 51.90562
"233" 2017 813412 56.93884
"234" 2017 793006 67.40551
"235" 2017 790984 79.0984
"236" 2017 788467 94.61604
"237" 2017 793354 126.93664
"238" 2017 810935 170.29635
"239" 2017 823649 185.321025
"240" 2017 779828 214.4527
"241" 2017 772916 266.65602
"242" 2017 745582 275.86534
"243" 2017 748190 306.7579
"244" 2017 736254 290.82033
"245" 2017 708795 269.3421
"246" 2017 702680 298.639
"247" 2017 730987 321.63428
"248" 2017 739102 332.5959
"249" 2017 750379 348.926235
"250" 2017 756873 363.29904
"251" 2017 767871 403.132275
"252" 2017 771825 420.644625
"253" 2017 787714 464.75126
"254" 2017 786685 479.87785
"255" 2017 781344 464.89968
"256" 2017 773462 510.48492
"257" 2017 823172 584.45212
"258" 2017 834096 646.4244
"259" 2017 843754 717.1909
"260" 2017 800953 720.8577
"261" 2017 785686 762.11542
"262" 2017 790213 841.576845
"263" 2017 771142 921.51469
"264" 2017 794571 1013.078025
"265" 2017 835577 1203.23088
"266" 2017 881704 1450.40308
"267" 2017 901587 1636.380405
"268" 2017 898206 1796.412
"269" 2017 878297 1941.03637
"270" 2017 867836 2108.84148
"271" 2017 857219 2215.911115
"272" 2017 853540 2424.0536
"273" 2017 873486 2742.74604
"274" 2017 874901 2970.288895
"275" 2017 884071 3266.642345
"276" 2017 871432 3603.37132
"277" 2017 841129 3877.60469
"278" 2017 843342 4237.79355
"279" 2017 837940 4591.9112
"280" 2017 834073 4925.201065
"281" 2017 817308 5173.55964
"282" 2017 811111 5547.99924
"283" 2017 803628 5862.46626
"284" 2017 796266 6159.11751
"285" 2017 792387 6568.88823
"286" 2017 775422 6839.22204
"287" 2017 786286 7363.56839
"288" 2017 766815 7618.307025
"289" 2017 791794 8246.53451
"290" 2017 778012 8674.8338
"291" 2017 773476 9285.57938
"292" 2017 755422 9839.37155
"293" 2017 710373 10094.40033
"294" 2017 531439 8131.0167
"295" 2017 518158 8552.19779
"296" 2017 500981 9042.70705
"297" 2017 461038 9112.41607
"298" 2017 407822 8902.75426
"299" 2017 420604 10132.35036
"300" 2017 437280 11603.2248
"301" 2017 422761 12583.481165
"302" 2017 408650 13767.4185
"303" 2017 402471 15450.86169
"304" 2017 381406 16514.8798
"305" 2017 377126 18437.69014
"306" 2017 348763 19591.761525
"307" 2017 342015 22054.837275
"308" 2017 315263 23206.50943
"309" 2017 285806.44 23797.6732266
"310" 2017 252341.5 23679.72636
"311" 2017 226938.21 24170.05405605
"312" 2017 198730.8 23994.756792
"313" 2017 174065.22 23680.7028549
"314" 2017 148309.66 22382.1523389
"315" 2017 121327.59 20429.1396042
"316" 2017 100192.66 18901.345309
"317" 2017 80501.49 16771.27791915
"318" 2017 64236.74 14735.2657886
"319" 2017 47781.8 12045.313962
"320" 2017 21648.4 5969.221574
"321" 2017 13616.45 4086.4328095
"322" 2017 8246.1 2679.735117
"323" 2017 5071.75 1775.31537
"324" 2017 4032.28 1512.2259684
"325" 2017 4019.29 1606.3494414
"326" 2017 2291.81 970.9253065
"327" 2017 999.09 446.3434575
"328" 2017 480.54 225.2579304
"329" 2017 260.99 127.75590995
"330" 2017 138.43 70.44079765
"331" 2017 72.27 38.0674998
"332" 2017 32.87 25.23281985
"333" 2017 27.56 27.56
"334" 2018 692610 2521.1004
"335" 2018 710548 149.21508
"336" 2018 728947 112.986785
"337" 2018 753219 94.152375
"338" 2018 763211 68.68899
"339" 2018 780589 66.350065
"340" 2018 789472 67.10512
"341" 2018 812153 69.033005
"342" 2018 803078 64.24624
"343" 2018 809783 52.635895
"344" 2018 801172 56.08204
"345" 2018 813929 69.183965
"346" 2018 796196 79.6196
"347" 2018 793303 95.19636
"348" 2018 791791 126.68656
"349" 2018 798746 167.73666
"350" 2018 811981 182.695725
"351" 2018 822764 226.2601
"352" 2018 774368 267.15696
"353" 2018 763655 282.55235
"354" 2018 735945 301.73745
"355" 2018 738192 291.58584
"356" 2018 727291 276.37058
"357" 2018 703269 298.889325
"358" 2018 700291 308.12804
"359" 2018 728632 327.8844
"360" 2018 739472 343.85448
"361" 2018 755534 362.65632
"362" 2018 761926 400.01115
"363" 2018 775437 422.613165
"364" 2018 779245 459.75455
"365" 2018 794268 484.50348
"366" 2018 793096 471.89212
"367" 2018 787639 519.84174
"368" 2018 778272 552.57312
"369" 2018 828319 641.947225
"370" 2018 838211 712.47935
"371" 2018 849719 764.7471
"372" 2018 804136 780.01192
"373" 2018 787879 839.091135
"374" 2018 791832 946.23924
"375" 2018 771466 983.61915
"376" 2018 794992 1144.78848
"377" 2018 837345 1377.432525
"378" 2018 881627 1600.153005
"379" 2018 901303 1802.606
"380" 2018 897299 1983.03079
"381" 2018 878189 2133.99927
"382" 2018 865886 2238.31531
"383" 2018 854366 2426.39944
"384" 2018 851713 2674.37882
"385" 2018 871473 2958.650835
"386" 2018 872755 3224.829725
"387" 2018 881409 3644.626215
"388" 2018 868066 4001.78426
"389" 2018 838629 4214.110725
"390" 2018 840277 4604.71796
"391" 2018 834655 4928.637775
"392" 2018 831532 5263.59756
"393" 2018 812185 5555.3454
"394" 2018 807063 5887.524585
"395" 2018 798677 6177.766595
"396" 2018 790556 6553.70924
"397" 2018 785798 6930.73836
"398" 2018 769830 7209.45795
"399" 2018 779986 7749.16091
"400" 2018 759318 7908.29697
"401" 2018 784500 8747.175
"402" 2018 768973 9231.520865
"403" 2018 764433 9956.739825
"404" 2018 746007 10600.75947
"405" 2018 700594 10719.0882
"406" 2018 523076 8633.36938
"407" 2018 509210 9191.2405
"408" 2018 492324 9730.78386
"409" 2018 451571 9857.79493
"410" 2018 399215 9617.08935
"411" 2018 410448 10891.23768
"412" 2018 425884 12676.43726
"413" 2018 410557 13831.66533
"414" 2018 396309 15214.30251
"415" 2018 387066 16759.9578
"416" 2018 365507 17869.63723
"417" 2018 358107 20116.660725
"418" 2018 329251 21231.750735
"419" 2018 321151 23639.92511
"420" 2018 292738 24374.82957
"421" 2018 262446.44 24627.9739296
"422" 2018 228832.5 24371.8054125
"423" 2018 203423.21 24561.3183754
"424" 2018 175085.8 23819.547661
"425" 2018 151028.22 22792.4238213
"426" 2018 126310.66 21268.1889308
"427" 2018 101071.59 19067.1554535
"428" 2018 81648.66 17010.2735811
"429" 2018 63865.49 14650.1047511
"430" 2018 49683.74 12524.7740166
"431" 2018 35993.8 9924.750443
"432" 2018 15886.4 4767.667504
"433" 2018 9627.45 3128.6324265
"434" 2018 5697.1 1994.212884
"435" 2018 3388.75 1270.8829125
"436" 2018 2637.28 1054.0153248
"437" 2018 2472.29 1047.3856585
"438" 2018 1388.81 620.4508675
"439" 2018 439.09 205.8278284
"440" 2018 208.51 102.06668755
"441" 2018 101.02 51.4045321
"442" 2018 47.46 24.9990804
"443" 2018 21.59 16.57367145
"444" 2018 12.1 12.1
"445" 2019 679810 2474.5084
"446" 2019 694059 145.75239
"447" 2019 712267 110.401385
"448" 2019 733114 91.63925
"449" 2019 760324 68.42916
"450" 2019 768705 65.339925
"451" 2019 785464 66.76444
"452" 2019 794044 67.49374
"453" 2019 816365 65.3092
"454" 2019 806407 52.416455
"455" 2019 811414 56.79898
"456" 2019 804800 68.408
"457" 2019 816571 81.6571
"458" 2019 797955 95.7546
"459" 2019 795672 127.30752
"460" 2019 794506 166.84626
"461" 2019 802367 180.532575
"462" 2019 814005 223.851375
"463" 2019 824787 284.551515
"464" 2019 772280 285.7436
"465" 2019 758208 310.86528
"466" 2019 732653 289.397935
"467" 2019 734184 278.98992
"468" 2019 722506 307.06505
"469" 2019 700295 308.1298
"470" 2019 698588 314.3646
"471" 2019 727731 338.394915
"472" 2019 739730 355.0704
"473" 2019 758941 398.444025
"474" 2019 764399 416.597455
"475" 2019 779490 459.8991
"476" 2019 783552 477.96672
"477" 2019 798471 475.090245
"478" 2019 797350 526.251
"479" 2019 793270 563.2217
"480" 2019 782274 606.26235
"481" 2019 832633 707.73805
"482" 2019 841746 757.5714
"483" 2019 853469 827.86493
"484" 2019 807857 860.367705
"485" 2019 790869 945.088455
"486" 2019 793913 1012.239075
"487" 2019 772294 1112.10336
"488" 2019 796601 1310.408645
"489" 2019 839179 1523.109885
"490" 2019 882251 1764.502
"491" 2019 902692 1994.94932
"492" 2019 897866 2181.81438
"493" 2019 878212 2270.17802
"494" 2019 866311 2460.32324
"495" 2019 853754 2680.78756
"496" 2019 850739 2888.258905
"497" 2019 870672 3217.13304
"498" 2019 870197 3598.264595
"499" 2019 879446 4054.24606
"500" 2019 866886 4356.10215
"501" 2019 837523 4589.62604
"502" 2019 838301 4950.167405
"503" 2019 832648 5270.66184
"504" 2019 829201 5671.73484
"505" 2019 808640 5899.0288
"506" 2019 803490 6214.99515
"507" 2019 795347 6593.42663
"508" 2019 785659 6929.51238
"509" 2019 780984 7313.91516
"510" 2019 763618 7586.54483
"511" 2019 774799 8069.531585
"512" 2019 752796 8393.6754
"513" 2019 776920 9326.9246
"514" 2019 760856 9910.1494
"515" 2019 756565 10750.78865
"516" 2019 737555 11284.5915
"517" 2019 690651 11399.194755
"518" 2019 515825 9310.64125
"519" 2019 500502 9892.42203
"520" 2019 484169 10569.40927
"521" 2019 443369 10680.75921
"522" 2019 390376 10358.62716
"523" 2019 400317 11915.435505
"524" 2019 415133 13985.83077
"525" 2019 398096 15282.90544
"526" 2019 383342 16598.7086
"527" 2019 372130 18193.4357
"528" 2019 349326 19623.38805
"529" 2019 338904 21854.22444
"530" 2019 310657 22867.46177
"531" 2019 299919 24972.755535
"532" 2019 270030 25339.6152
"533" 2019 238688.44 25421.5123022
"534" 2019 205382.5 24797.88305
"535" 2019 179665.21 24442.55349445
"536" 2019 152344.8 22991.115492
"537" 2019 129032.22 21726.4452036
"538" 2019 105674.66 19935.524609
"539" 2019 82983.59 17288.38622265
"540" 2019 65122.66 14938.4869774
"541" 2019 49660.49 12518.9129241
"542" 2019 37576.74 10361.2224039
"543" 2019 26376.8 7915.941448
"544" 2019 11324.4 3680.090268
"545" 2019 6693.45 2342.975238
"546" 2019 3739.1 1402.274673
"547" 2019 2222.75 888.344265
"548" 2019 1670.28 707.614122
"549" 2019 1489.29 665.3403075
"550" 2019 500.81 234.7596956
"551" 2019 222.96 109.1400348
"552" 2019 100.5 51.1399275
"553" 2019 46.09 24.2774466
"554" 2019 20.61 15.82136955
"555" 2019 12.6 12.6
"556" 2020 674104 2453.73856
"557" 2020 683279 143.48859
"558" 2020 697533 108.117615
"559" 2020 716735 89.591875
"560" 2020 739350 66.5415
"561" 2020 764537 64.985645
"562" 2020 772186 65.63581
"563" 2020 789241 67.085485
"564" 2020 797228 63.77824
"565" 2020 818828 53.22382
"566" 2020 808200 56.574
"567" 2020 812767 69.085195
"568" 2020 807259 80.7259
"569" 2020 818695 98.2434
"570" 2020 801445 128.2312
"571" 2020 800121 168.02541
"572" 2020 797356 179.4051
"573" 2020 800958 220.26345
"574" 2020 812014 280.14483
"575" 2020 818260 302.7562
"576" 2020 763991 313.23631
"577" 2020 751527 296.853165
"578" 2020 725684 275.75992
"579" 2020 728368 309.5564
"580" 2020 718742 316.24648
"581" 2020 697696 313.9632
"582" 2020 697104 324.15336
"583" 2020 729708 350.25984
"584" 2020 744054 390.62835
"585" 2020 763531 416.124395
"586" 2020 770129 454.37611
"587" 2020 784993 478.84573
"588" 2020 788552 469.18844
"589" 2020 803549 530.34234
"590" 2020 802328 569.65288
"591" 2020 798525 618.856875
"592" 2020 786485 668.51225
"593" 2020 837220 753.498
"594" 2020 844852 819.50644
"595" 2020 855534 911.14371
"596" 2020 810069 968.032455
"597" 2020 792319 1010.206725
"598" 2020 794308 1143.80352
"599" 2020 773272 1272.03244
"600" 2020 797100 1446.7365
"601" 2020 839661 1679.322
"602" 2020 881726 1948.61446
"603" 2020 902402 2192.83686
"604" 2020 896490 2317.42665
"605" 2020 876479 2489.20036
"606" 2020 864541 2714.65874
"607" 2020 851077 2889.406415
"608" 2020 848812 3136.36034
"609" 2020 867184 3585.80584
"610" 2020 867069 3997.18809
"611" 2020 876649 4405.161225
"612" 2020 863616 4732.61568
"613" 2020 834683 4928.803115
"614" 2020 835681 5289.86073
"615" 2020 828521 5667.08364
"616" 2020 824633 6015.697735
"617" 2020 804232 6220.73452
"618" 2020 798515 6619.68935
"619" 2020 789378 6962.31396
"620" 2020 780428 7308.70822
"621" 2020 774349 7693.157315
"622" 2020 756421 7878.124715
"623" 2020 767498 8557.6027
"624" 2020 744729 8940.471645
"625" 2020 768029 10003.577725
"626" 2020 751682 10681.40122
"627" 2020 746512 11421.6336
"628" 2020 726611 11992.714555
"629" 2020 679758 12269.6319
"630" 2020 507135 10023.523275
"631" 2020 490989 10718.28987
"632" 2020 474489 11430.44001
"633" 2020 433246 11496.18261
"634" 2020 380460 11324.3919
"635" 2020 389484 13121.71596
"636" 2020 402971 15470.05669
"637" 2020 384077 16630.5341
"638" 2020 368722 18026.81858
"639" 2020 355536 19972.2348
"640" 2020 330984 21343.50324
"641" 2020 319761 23537.60721
"642" 2020 290000 24146.85
"643" 2020 277432 26034.21888
"644" 2020 246164 26217.69682
"645" 2020 214431.44 25890.4520656
"646" 2020 182186.5 24785.5623925
"647" 2020 156683.21 23645.84663715
"648" 2020 130280.8 21936.681104
"649" 2020 108281.22 20427.252153
"650" 2020 86604.66 18042.7818411
"651" 2020 66390.59 15229.3374401
"652" 2020 50917.66 12835.8329094
"653" 2020 37775.49 10416.02473515
"654" 2020 27775.74 8335.7773314
"655" 2020 18953.8 6159.416386
"656" 2020 7843.4 2745.503736
"657" 2020 4512.45 1692.3041235
"658" 2020 2420.1 967.217166
"659" 2020 1373.75 581.9891875
"660" 2020 1102.28 492.44359
"661" 2020 561.29 263.1103004
"662" 2020 275.45 134.83415225
"663" 2020 121.52 61.8360596
"664" 2020 55.42 29.1919308
"665" 2020 25.53 19.59823215
"666" 2020 18.63 18.63
"667" 2021 656670 2390.2788
"668" 2021 677963 142.37223
"669" 2021 687210 106.51755
"670" 2021 702513 87.814125
"671" 2021 723693 65.13237
"672" 2021 744517 63.283945
"673" 2021 769190 65.38115
"674" 2021 777641 66.099485
"675" 2021 794377 63.55016
"676" 2021 801834 52.11921
"677" 2021 822979 57.60853
"678" 2021 811982 69.01847
"679" 2021 817713 81.7713
"680" 2021 811852 97.42224
"681" 2021 824622 131.93952
"682" 2021 808318 169.74678
"683" 2021 805462 181.22895
"684" 2021 798430 219.56825
"685" 2021 801557 276.537165
"686" 2021 807501 298.77537
"687" 2021 811803 332.83923
"688" 2021 758831 299.738245
"689" 2021 745718 283.37284
"690" 2021 720838 306.35615
"691" 2021 725406 319.17864
"692" 2021 716816 322.5672
"693" 2021 696823 324.022695
"694" 2021 699609 335.81232
"695" 2021 734511 385.618275
"696" 2021 749028 408.22026
"697" 2021 769541 454.02919
"698" 2021 775951 473.33011
"699" 2021 790276 470.21422
"700" 2021 793858 523.94628
"701" 2021 808711 574.18481
"702" 2021 807769 626.020975
"703" 2021 802882 682.4497
"704" 2021 791323 712.1907
"705" 2021 840558 815.34126
"706" 2021 847068 902.12742
"707" 2021 857835 1025.112825
"708" 2021 811646 1034.84865
"709" 2021 792796 1141.62624
"710" 2021 795320 1308.3014
"711" 2021 773936 1404.69384
"712" 2021 797678 1595.356
"713" 2021 839397 1855.06737
"714" 2021 881706 2142.54558
"715" 2021 901092 2329.32282
"716" 2021 894803 2541.24052
"717" 2021 874821 2746.93794
"718" 2021 861942 2926.29309
"719" 2021 849294 3138.14133
"720" 2021 845582 3496.48157
"721" 2021 864080 3983.4088
"722" 2021 864539 4344.308475
"723" 2021 873374 4786.08952
"724" 2021 860533 5081.447365
"725" 2021 832123 5267.33859
"726" 2021 831390 5686.7076
"727" 2021 824045 6011.408275
"728" 2021 820035 6342.970725
"729" 2021 799063 6624.23227
"730" 2021 792275 6987.8655
"731" 2021 783943 7341.626195
"732" 2021 773645 7686.163075
"733" 2021 766642 7984.57643
"734" 2021 748814 8349.2761
"735" 2021 758877 9110.318385
"736" 2021 735603 9581.229075
"737" 2021 758155 10773.38255
"738" 2021 740985 11337.0705
"739" 2021 734792 12127.74196
"740" 2021 714297 12893.06085
"741" 2021 667303 13189.243795
"742" 2021 496744 10843.92152
"743" 2021 480096 11565.51264
"744" 2021 462645 12276.285075
"745" 2021 421065 12532.999725
"746" 2021 368973 12430.70037
"747" 2021 376788 14464.89132
"748" 2021 387634 16784.5522
"749" 2021 367957 17989.41773
"750" 2021 350782 19705.17885
"751" 2021 335412 21629.04282
"752" 2021 310453 22852.44533
"753" 2021 296795 24712.635675
"754" 2021 265967 24958.34328
"755" 2021 251197 26753.736485
"756" 2021 219661 26521.86914
"757" 2021 187613.44 25523.8704448
"758" 2021 156510.5 23619.7821075
"759" 2021 132065.21 22237.1400598
"760" 2021 107731.8 20323.60407
"761" 2021 87405.22 18209.5665087
"762" 2021 68140.66 15630.7859974
"763" 2021 50789.59 12803.5477431
"764" 2021 38107.66 10507.6156301
"765" 2021 27505.49 8254.6726039
"766" 2021 19579.74 6362.8281078
"767" 2021 12952.8 4533.998112
"768" 2021 5119.4 1919.928582
"769" 2021 2864.45 1144.806087
"770" 2021 1467.1 621.536915
"771" 2021 761.75 340.3118125
"772" 2021 376.28 176.3850128
"773" 2021 312.75 153.09268875
"774" 2021 159.28 81.0504244
"775" 2021 66.07 34.8017118
"776" 2021 29.18 22.4001729
"777" 2021 21.56 21.56
