"year" "population" "expected"
"1" 2015 777510 3001.1886
"2" 2015 792873 154.610235
"3" 2015 817257 98.07084
"4" 2015 825886.5 78.4592175
"5" 2015 813154.5 69.1181325
"6" 2015 801682 64.13456
"7" 2015 800588 60.0441
"8" 2015 790322.5 51.3709625
"9" 2015 768697.5 46.12185
"10" 2015 745563 48.461595
"11" 2015 724254 54.31905
"12" 2015 707774.5 56.62196
"13" 2015 692261 62.30349
"14" 2015 696259.5 73.1072475
"15" 2015 715073.5 92.959555
"16" 2015 736386.5 121.5037725
"17" 2015 753147 154.395135
"18" 2015 770331 207.98937
"19" 2015 783858.5 250.83472
"20" 2015 793053.5 269.63819
"21" 2015 816623 293.98428
"22" 2015 838240.5 310.148985
"23" 2015 861386.5 323.0199375
"24" 2015 891518 343.23443
"25" 2015 896610 372.09315
"26" 2015 886077 385.443495
"27" 2015 887553 394.961085
"28" 2015 882946.5 423.81432
"29" 2015 876908.5 451.6078775
"30" 2015 883343.5 485.838925
"31" 2015 874263 511.443855
"32" 2015 868106.5 555.58816
"33" 2015 872044 601.71036
"34" 2015 875364.5 639.016085
"35" 2015 879173.5 694.547065
"36" 2015 861131 740.57266
"37" 2015 814934 774.1873
"38" 2015 780718 780.718
"39" 2015 782430.5 829.37633
"40" 2015 797346.5 932.895405
"41" 2015 812251.5 1031.559405
"42" 2015 837303.5 1155.47883
"43" 2015 874726.5 1316.4633825
"44" 2015 908172 1489.40208
"45" 2015 912466.5 1628.7527025
"46" 2015 913493.5 1763.042455
"47" 2015 925292.5 1938.4877875
"48" 2015 932123.5 2097.277875
"49" 2015 938365.5 2266.1526825
"50" 2015 942402.5 2492.6546125
"51" 2015 941748 2693.39928
"52" 2015 927680 2847.9776
"53" 2015 908057.5 2996.58975
"54" 2015 883233.5 3139.8950925
"55" 2015 850982.5 3301.8121
"56" 2015 824741 3525.767775
"57" 2015 806561.5 3766.642205
"58" 2015 783126 3974.36445
"59" 2015 754868.5 4200.8432025
"60" 2015 727493.5 4452.26022
"61" 2015 714531.5 4783.7883925
"62" 2015 710567 5236.87879
"63" 2015 695819 5660.487565
"64" 2015 688300.5 6081.1349175
"65" 2015 697440.5 6677.9927875
"66" 2015 712201 7460.305475
"67" 2015 739147.5 8441.06445
"68" 2015 788806 9812.74664
"69" 2015 725556.5 9885.7073125
"70" 2015 622504.5 9278.4295725
"71" 2015 610786 10001.62075
"72" 2015 588238.5 10658.88162
"73" 2015 536678 10840.8956
"74" 2015 481036 10866.60324
"75" 2015 462625.5 11667.41511
"76" 2015 466096.5 13101.972615
"77" 2015 454981.5 14199.972615
"78" 2015 434109.5 15104.8400525
"79" 2015 409679 15924.22273
"80" 2015 386245.5 16807.4729325
"81" 2015 358516 17474.06984
"82" 2015 332520 18135.6408
"83" 2015 314958 19414.01112
"84" 2015 296735 20688.3642
"85" 2015 277010.85 21689.949555
"86" 2015 244767.51 21565.24146855
"87" 2015 218144.68 21560.3294478
"88" 2015 189027.87 20962.24564365
"89" 2015 169511.01 21051.5723319
"90" 2015 144792.6 20134.858956
"91" 2015 122154.58 18997.4802816
"92" 2015 102460.56 17672.3973888
"93" 2015 84363.95 16044.75783075
"94" 2015 70747.2 14807.38896
"95" 2015 60171.87 13823.2836951
"96" 2015 33396.64 8374.7084296
"97" 2015 21021.14 5730.8882925
"98" 2015 15068.83 4446.73638885
"99" 2015 11841.04 3765.2138992
"100" 2015 8249.42 2813.6709265
"101" 2015 5688.29 2071.47612785
"102" 2015 3489.23 1350.4366869
"103" 2015 2046.54 837.9660357
"104" 2015 1155.22 498.1712967
"105" 2015 601.68 272.0766876
"106" 2015 311.66 147.1611771
"107" 2015 164.15 80.610782
"108" 2015 78.41 39.89461595
"109" 2015 36.65 19.2511455
"110" 2015 17.86 13.6913867
"111" 2015 11.85 11.85
"112" 2016 779609.5 3009.29267
"113" 2016 785433.5 153.1595325
"114" 2016 800157.5 96.0189
"115" 2016 823716 78.25302
"116" 2016 831786.5 70.7018525
"117" 2016 818320.5 65.46564
"118" 2016 806011.5 60.4508625
"119" 2016 804815 52.312975
"120" 2016 794264 47.65584
"121" 2016 772540 50.2151
"122" 2016 749530.5 56.2147875
"123" 2016 728450.5 58.27604
"124" 2016 712080 64.0872
"125" 2016 696499.5 73.1324475
"126" 2016 700596 91.07748
"127" 2016 720170.5 118.8281325
"128" 2016 741597 152.027385
"129" 2016 760114 205.23078
"130" 2016 779524.5 249.44784
"131" 2016 799994 271.99796
"132" 2016 810429 291.75444
"133" 2016 830581.5 307.315155
"134" 2016 853610 320.10375
"135" 2016 876335 337.388975
"136" 2016 903261.5 374.8535225
"137" 2016 906874.5 394.4904075
"138" 2016 895825 398.642125
"139" 2016 896891.5 430.50792
"140" 2016 891139.5 458.9368425
"141" 2016 885210.5 486.865775
"142" 2016 889377 520.285545
"143" 2016 879285 562.7424
"144" 2016 872597.5 602.092275
"145" 2016 875309.5 638.975935
"146" 2016 878274 693.83646
"147" 2016 881524.5 758.11107
"148" 2016 863652 820.4694
"149" 2016 817265 817.265
"150" 2016 782854.5 829.82577
"151" 2016 783941.5 917.211555
"152" 2016 799068.5 1014.816995
"153" 2016 813042 1121.99796
"154" 2016 839050.5 1262.7710025
"155" 2016 875990 1436.6236
"156" 2016 909563.5 1623.5708475
"157" 2016 913529.5 1763.111935
"158" 2016 914350.5 1915.5642975
"159" 2016 925902.5 2083.280625
"160" 2016 932472.5 2251.9210875
"161" 2016 938691 2482.837695
"162" 2016 942153.5 2694.55901
"163" 2016 941216.5 2889.534655
"164" 2016 926689.5 3058.07535
"165" 2016 906883 3223.969065
"166" 2016 881716.5 3421.06002
"167" 2016 849114.5 3629.9644875
"168" 2016 822521.5 3841.175405
"169" 2016 804345 4082.050875
"170" 2016 780537.5 4343.6911875
"171" 2016 752155 4603.1886
"172" 2016 724533.5 4850.7517825
"173" 2016 711165 5241.28605
"174" 2016 706907 5750.688445
"175" 2016 691754.5 6111.6510075
"176" 2016 683616 6545.6232
"177" 2016 691650 7245.03375
"178" 2016 705550.5 8057.38671
"179" 2016 731785.5 9103.41162
"180" 2016 780045 10628.113125
"181" 2016 716522 10679.76041
"182" 2016 613554.5 10046.9549375
"183" 2016 601064 10891.27968
"184" 2016 577815.5 11671.8731
"185" 2016 525956 11881.34604
"186" 2016 470224 11859.04928
"187" 2016 451064 12679.40904
"188" 2016 453263.5 14146.353835
"189" 2016 440800 15337.636
"190" 2016 419141 16292.01067
"191" 2016 394018 17145.69327
"192" 2016 369333 18001.29042
"193" 2016 340950.5 18595.44027
"194" 2016 314192.5 19366.8257
"195" 2016 295084 20573.25648
"196" 2016 275567.5 21576.93525
"197" 2016 254450.63 22418.37275615
"198" 2016 222516.11 21992.37973185
"199" 2016 195919.92 21726.5395284
"200" 2016 167312.37 20778.5232303
"201" 2016 147695.2 20538.494512
"202" 2016 123690.67 19236.3729984
"203" 2016 102380.49 17658.5869152
"204" 2016 84142.25 16002.59381625
"205" 2016 67718.62 14173.507166
"206" 2016 55345.97 12714.6296881
"207" 2016 45764.06 11476.0245059
"208" 2016 24794.39 6759.57057375
"209" 2016 15070.51 4447.23214845
"210" 2016 10462.89 3326.9897622
"211" 2016 7934.4 2706.22548
"212" 2016 5243.91 1909.64848515
"213" 2016 3510.71 1358.7500913
"214" 2016 2087.3 854.6554215
"215" 2016 1181.24 509.3920314
"216" 2016 634.31 286.83181045
"217" 2016 310.15 146.44817775
"218" 2016 157.8 77.492424
"219" 2016 77.58 39.4723161
"220" 2016 33.62 17.6595774
"221" 2016 13.99 10.72466405
"222" 2016 9.3 9.3
"223" 2017 772825.5 2983.10643
"224" 2017 787013.5 153.4676325
"225" 2017 792145.5 95.05746
"226" 2017 806216 76.59052
"227" 2017 829327 70.492795
"228" 2017 836584 66.92672
"229" 2017 822445 61.683375
"230" 2017 809892.5 52.6430125
"231" 2017 808526.5 48.51159
"232" 2017 798003 51.870195
"233" 2017 776405 58.230375
"234" 2017 753497 60.27976
"235" 2017 732648.5 65.938365
"236" 2017 716036.5 75.1838325
"237" 2017 700637 91.08281
"238" 2017 705524.5 116.4115425
"239" 2017 725215 148.669075
"240" 2017 748165.5 202.004685
"241" 2017 768758 246.00256
"242" 2017 793918 269.93212
"243" 2017 815198 293.47128
"244" 2017 822059 304.16183
"245" 2017 843098 316.16175
"246" 2017 865622 333.26447
"247" 2017 884515.5 367.0739325
"248" 2017 910831.5 396.2117025
"249" 2017 913727 406.608515
"250" 2017 902168.5 433.04088
"251" 2017 902680 464.8802
"252" 2017 896911 493.30105
"253" 2017 889016.5 520.0746525
"254" 2017 892499 571.19936
"255" 2017 882164 608.69316
"256" 2017 874647.5 638.492675
"257" 2017 876896.5 692.748235
"258" 2017 879663 756.51018
"259" 2017 883403.5 839.233325
"260" 2017 865083.5 865.0835
"261" 2017 818703 867.82518
"262" 2017 784016.5 917.299305
"263" 2017 785151.5 997.142405
"264" 2017 799675.5 1103.55219
"265" 2017 814699.5 1226.1227475
"266" 2017 840029 1377.64756
"267" 2017 877160.5 1565.7314925
"268" 2017 910248 1756.77864
"269" 2017 914073.5 1914.9839825
"270" 2017 914497.5 2057.619375
"271" 2017 925856 2235.94224
"272" 2017 932364 2466.10278
"273" 2017 938172.5 2683.17335
"274" 2017 941238.5 2889.602195
"275" 2017 940074.5 3102.24585
"276" 2017 925378 3289.71879
"277" 2017 905185 3512.1178
"278" 2017 879612.5 3760.3434375
"279" 2017 846712.5 3954.147375
"280" 2017 820022 4161.61165
"281" 2017 801485 4460.264025
"282" 2017 777667 4759.32204
"283" 2017 748904 5013.91228
"284" 2017 720924.5 5313.213565
"285" 2017 707369.5 5754.4508825
"286" 2017 702392.5 6205.6377375
"287" 2017 686858 6576.66535
"288" 2017 677661.5 7098.5042125
"289" 2017 685079 7823.60218
"290" 2017 698292 8686.75248
"291" 2017 723673 9860.044625
"292" 2017 770352 11482.09656
"293" 2017 706383.5 11567.0298125
"294" 2017 603943.5 10943.45622
"295" 2017 590538 11928.8676
"296" 2017 566309.5 12792.931605
"297" 2017 514389.5 12972.90319
"298" 2017 458580.5 12890.697855
"299" 2017 438796.5 13694.838765
"300" 2017 439362.5 15287.6181875
"301" 2017 425720 16547.7364
"302" 2017 403271 17548.337565
"303" 2017 377244.5 18386.89693
"304" 2017 351610.5 19176.83667
"305" 2017 322528 19880.62592
"306" 2017 294993 20566.91196
"307" 2017 274557.5 21497.85225
"308" 2017 253991 22377.877055
"309" 2017 232119.12 22941.4932252
"310" 2017 200651.39 22251.23589405
"311" 2017 174323.35 21649.2168365
"312" 2017 146611.02 20387.7284412
"313" 2017 127044.28 19757.9264256
"314" 2017 104566.63 18035.6523424
"315" 2017 84911.56 16148.9050386
"316" 2017 68257.6 14286.31568
"317" 2017 53733.01 12344.0843873
"318" 2017 42762.94 10723.4486491
"319" 2017 34366.52 9369.172515
"320" 2017 17995.98 5310.5237181
"321" 2017 10628.02 3379.4977996
"322" 2017 7201.55 2456.26866625
"323" 2017 5193.04 1891.1234116
"324" 2017 3301.09 1277.6208627
"325" 2017 2154.39 882.12575745
"326" 2017 1255.96 541.6139106
"327" 2017 675.41 305.41702495
"328" 2017 338.93 160.03766205
"329" 2017 158.11 77.6446588
"330" 2017 73.02 37.1522109
"331" 2017 33.45 17.5702815
"332" 2017 12.97 9.94273715
"333" 2017 5.92 5.92
"334" 2018 754232 2911.33552
"335" 2018 779949.5 152.0901525
"336" 2018 793497 95.21964
"337" 2018 798129.5 75.8223025
"338" 2018 811576.5 68.9840025
"339" 2018 833885.5 66.71084
"340" 2018 840543.5 63.0407625
"341" 2018 825991 53.689415
"342" 2018 813555 48.8133
"343" 2018 812010 52.78065
"344" 2018 801684 60.1263
"345" 2018 780126.5 62.41012
"346" 2018 757599.5 68.183955
"347" 2018 736503 77.332815
"348" 2018 720227 93.62951
"349" 2018 705258.5 116.3676525
"350" 2018 710193 145.589565
"351" 2018 731683.5 197.554545
"352" 2018 756420.5 242.05456
"353" 2018 783187 266.28358
"354" 2018 808327 290.99772
"355" 2018 826137 305.67069
"356" 2018 834526 312.94725
"357" 2018 854539 328.997515
"358" 2018 872375.5 362.0358325
"359" 2018 890482 387.35967
"360" 2018 915591.5 407.4382175
"361" 2018 917433.5 440.36808
"362" 2018 905174.5 466.1648675
"363" 2018 905900 498.245
"364" 2018 898753.5 525.7707975
"365" 2018 890699.5 570.04768
"366" 2018 894479 617.19051
"367" 2018 883480.5 644.940765
"368" 2018 875408 691.57232
"369" 2018 877715 754.8349
"370" 2018 880884 836.8398
"371" 2018 883770.5 883.7705
"372" 2018 865549 917.48194
"373" 2018 819299.5 958.580415
"374" 2018 784546 996.37342
"375" 2018 785415 1083.8727
"376" 2018 800759.5 1205.1430475
"377" 2018 815084.5 1336.73858
"378" 2018 840574.5 1500.4254825
"379" 2018 877319.5 1693.226635
"380" 2018 910245 1906.963275
"381" 2018 913912 2056.302
"382" 2018 914185.5 2207.7579825
"383" 2018 925503.5 2447.9567575
"384" 2018 931762 2664.83932
"385" 2018 937138.5 2877.015195
"386" 2018 939930.5 3101.77065
"387" 2018 938644.5 3336.8811975
"388" 2018 923700 3583.956
"389" 2018 902973.5 3860.2117125
"390" 2018 877104.5 4096.078015
"391" 2018 844108 4283.8481
"392" 2018 816775 4545.352875
"393" 2018 798105.5 4884.40566
"394" 2018 774083 5182.485685
"395" 2018 744893 5489.86141
"396" 2018 716707.5 5830.4155125
"397" 2018 702648.5 6207.8994975
"398" 2018 697554.5 6679.0843375
"399" 2018 680752.5 7130.8824375
"400" 2018 671155 7664.5901
"401" 2018 677863 8432.61572
"402" 2018 690549.5 9408.7369375
"403" 2018 714696.5 10652.5513325
"404" 2018 759560 12437.795
"405" 2018 695541.5 12603.21198
"406" 2018 593297 11984.5994
"407" 2018 578983 13079.22597
"408" 2018 553948 13970.56856
"409" 2018 501662.5 14101.732875
"410" 2018 445958 13918.34918
"411" 2018 425141 14792.781095
"412" 2018 424156 16486.94372
"413" 2018 409336.5 17812.2777975
"414" 2018 385852.5 18806.45085
"415" 2018 358985 19579.0419
"416" 2018 332370 20487.2868
"417" 2018 302824 21112.88928
"418" 2018 274260.5 21474.59715
"419" 2018 252941 22285.366805
"420" 2018 231422 22872.59337
"421" 2018 209158.26 23194.6052427
"422" 2018 178410.86 22156.8447034
"423" 2018 152748.54 21241.2119724
"424" 2018 126175.25 19622.77488
"425" 2018 107204.86 18490.6942528
"426" 2018 86347.56 16422.0106986
"427" 2018 68695.54 14377.976522
"428" 2018 53941.24 12391.9210652
"429" 2018 41104.51 10307.57245015
"430" 2018 31776.26 8663.0028825
"431" 2018 24863.16 7336.9942002
"432" 2018 12644.38 4020.6599524
"433" 2018 7161.12 2442.479004
"434" 2018 4643.2 1690.890928
"435" 2018 3284.63 1271.2503489
"436" 2018 1979.69 810.59396895
"437" 2018 1235.7 532.8770895
"438" 2018 708.31 320.29424045
"439" 2018 346.87 163.78681095
"440" 2018 152.61 74.9437188
"441" 2018 65.94 33.5499423
"442" 2018 29.44 15.4639488
"443" 2018 12.58 9.6437651
"444" 2018 4.8 4.8
"445" 2019 734072 2833.51792
"446" 2019 761584 148.50888
"447" 2019 786811.5 94.41738
"448" 2019 799758.5 75.9770575
"449" 2019 803419.5 68.2906575
"450" 2019 816178 65.29424
"451" 2019 837915 62.843625
"452" 2019 844033.5 54.8621775
"453" 2019 829252 49.75512
"454" 2019 816809.5 53.0926175
"455" 2019 815381 61.153575
"456" 2019 805199.5 64.41596
"457" 2019 783886.5 70.549785
"458" 2019 761386.5 79.9455825
"459" 2019 740526.5 96.268445
"460" 2019 724794 119.59101
"461" 2019 709819.5 145.5129975
"462" 2019 716652.5 193.496175
"463" 2019 740031.5 236.81008
"464" 2019 771811.5 262.41591
"465" 2019 798650 287.514
"466" 2019 819991 303.39667
"467" 2019 840110.5 315.0414375
"468" 2019 847501 326.287885
"469" 2019 862575 357.968625
"470" 2019 878958 382.34673
"471" 2019 895300.5 398.4087225
"472" 2019 919175.5 441.20424
"473" 2019 919794.5 473.6941675
"474" 2019 907483.5 499.115925
"475" 2019 907290.5 530.7649425
"476" 2019 900203 576.12992
"477" 2019 892703.5 615.965415
"478" 2019 895838.5 653.962105
"479" 2019 884209 698.52511
"480" 2019 875717.5 753.11705
"481" 2019 878437.5 834.515625
"482" 2019 880840 880.84
"483" 2019 883303 936.30118
"484" 2019 865652.5 1012.813425
"485" 2019 819553.5 1040.832945
"486" 2019 784489.5 1082.59551
"487" 2019 786208 1183.24304
"488" 2019 801016 1313.66624
"489" 2019 815198.5 1455.1293225
"490" 2019 840460.5 1622.088765
"491" 2019 877025.5 1837.3684225
"492" 2019 909847 2047.15575
"493" 2019 913505.5 2206.1157825
"494" 2019 913922.5 2417.3250125
"495" 2019 925054 2645.65444
"496" 2019 930980 2858.1086
"497" 2019 936035 3088.9155
"498" 2019 938563 3336.591465
"499" 2019 936993 3635.53284
"500" 2019 921550.5 3939.6283875
"501" 2019 900447 4205.08749
"502" 2019 874274 4436.94055
"503" 2019 840589 4677.877785
"504" 2019 813003.5 4975.58142
"505" 2019 794176 5317.00832
"506" 2019 769815 5673.53655
"507" 2019 740312 6022.43812
"508" 2019 712017.5 6290.6746125
"509" 2019 697826.5 6681.6887375
"510" 2019 691512 7243.5882
"511" 2019 674410.5 7701.76791
"512" 2019 664249 8263.25756
"513" 2019 670279 9132.551375
"514" 2019 681866.5 10163.2201825
"515" 2019 704722.5 11539.8309375
"516" 2019 748026 13554.23112
"517" 2019 683653 13809.7906
"518" 2019 582098.5 13149.605115
"519" 2019 566731.5 14292.96843
"520" 2019 540705 15199.21755
"521" 2019 488189.5 15236.394295
"522" 2019 432559 15050.890405
"523" 2019 410769 15966.59103
"524" 2019 408211 17763.301665
"525" 2019 392012 19106.66488
"526" 2019 367648.5 20051.54919
"527" 2019 339910 20952.0524
"528" 2019 312563.5 21791.92722
"529" 2019 282261.5 22101.07545
"530" 2019 253491 22333.824555
"531" 2019 231127.5 22843.4864625
"532" 2019 208982 23175.05889
"533" 2019 186045.6 23105.003064
"534" 2019 156263.59 21730.0148254
"535" 2019 131388.99 20433.6157248
"536" 2019 106644.8 18394.095104
"537" 2019 88752.48 16879.3904088
"538" 2019 69906.15 14631.357195
"539" 2019 54308.85 12476.3721105
"540" 2019 41406.42 10383.2809113
"541" 2019 30791.93 8394.64991625
"542" 2019 23106.86 6818.7188517
"543" 2019 17551.36 5580.9814528
"544" 2019 8670.62 2957.3317165
"545" 2019 4662.12 1697.7809298
"546" 2019 2907.67 1125.3555201
"547" 2019 1982.78 811.8591849
"548" 2019 1147.88 495.0060318
"549" 2019 700.2 316.626939
"550" 2019 365.89 172.76776965
"551" 2019 170.8 83.876464
"552" 2019 73.36 37.3252012
"553" 2019 30.56 16.0522512
"554" 2019 13.84 10.6096748
"555" 2019 7.89 7.89
"556" 2020 712389 2749.82154
"557" 2020 741386.5 144.5703675
"558" 2020 768331.5 92.19978
"559" 2020 792827.5 75.3186125
"560" 2020 804862 68.41327
"561" 2020 807948.5 64.63588
"562" 2020 820111 61.508325
"563" 2020 841379.5 54.6896675
"564" 2020 846840 50.8104
"565" 2020 832353.5 54.1029775
"566" 2020 819927 61.494525
"567" 2020 818778 65.50224
"568" 2020 808568.5 72.771165
"569" 2020 787274.5 82.6638225
"570" 2020 764942 99.44246
"571" 2020 744783.5 122.8892775
"572" 2020 728874.5 149.4192725
"573" 2020 715705 193.24035
"574" 2020 725159.5 232.05104
"575" 2020 755801.5 256.97251
"576" 2020 788088.5 283.71186
"577" 2020 810763 299.98231
"578" 2020 834731 313.024125
"579" 2020 853506.5 328.6000025
"580" 2020 856030 355.25245
"581" 2020 869072 378.04632
"582" 2020 883552.5 393.1808625
"583" 2020 899168.5 431.60088
"584" 2020 921791.5 474.7226225
"585" 2020 921855 507.02025
"586" 2020 908814 531.65619
"587" 2020 908960 581.7344
"588" 2020 901689 622.16541
"589" 2020 893871.5 652.526195
"590" 2020 896219 708.01301
"591" 2020 883538.5 759.84311
"592" 2020 875768 831.9796
"593" 2020 877827 877.827
"594" 2020 879795 932.5827
"595" 2020 882955 1033.05735
"596" 2020 865236 1098.84972
"597" 2020 818827.5 1129.98195
"598" 2020 784691 1180.959955
"599" 2020 786097.5 1289.1999
"600" 2020 800689 1429.229865
"601" 2020 814926 1572.80718
"602" 2020 839966 1759.72877
"603" 2020 876159.5 1971.358875
"604" 2020 909112 2195.50548
"605" 2020 912881 2414.570245
"606" 2020 913217 2611.80062
"607" 2020 924160.5 2837.172735
"608" 2020 929823 3068.4159
"609" 2020 934524.5 3322.2345975
"610" 2020 936791 3634.74908
"611" 2020 934760.5 3996.1011375
"612" 2020 918923.5 4291.372745
"613" 2020 897387 4554.239025
"614" 2020 870673 4845.295245
"615" 2020 836635.5 5120.20926
"616" 2020 808714.5 5414.3435775
"617" 2020 789630.5 5819.576785
"618" 2020 764993 6223.218055
"619" 2020 735444 6497.64774
"620" 2020 706719.5 6766.8392125
"621" 2020 691786 7246.45835
"622" 2020 684822.5 7820.67295
"623" 2020 667227.5 8300.3101
"624" 2020 656469 8944.390125
"625" 2020 661485 9859.433925
"626" 2020 672174.5 11006.8574375
"627" 2020 693785.5 12571.39326
"628" 2020 735219 14851.4238
"629" 2020 670627 15149.46393
"630" 2020 569580.5 14364.82021
"631" 2020 553056 15546.40416
"632" 2020 525998 16416.39758
"633" 2020 473217 16465.585515
"634" 2020 417563.5 16230.693245
"635" 2020 394693 17175.065895
"636" 2020 390247.5 19020.66315
"637" 2020 372950 20340.693
"638" 2020 347524 21421.37936
"639" 2020 319151.5 22251.24258
"640" 2020 290902.5 22777.66575
"641" 2020 260269.5 22931.0442975
"642" 2020 231244.5 22855.0501575
"643" 2020 208252.5 23094.1609875
"644" 2020 185676 23059.10244
"645" 2020 164036.07 22810.8558942
"646" 2020 135465.27 21067.5587904
"647" 2020 111998.94 19317.5771712
"648" 2020 89229.32 16970.0782242
"649" 2020 72832.68 15243.879924
"650" 2020 56054.14 12877.3175822
"651" 2020 42286.55 10603.98671075
"652" 2020 31418.73 8565.53126625
"653" 2020 22734.54 6708.8490813
"654" 2020 16543.27 5260.4289946
"655" 2020 12117.7 4133.0445275
"656" 2020 5752.69 2094.92835385
"657" 2020 3049.74 1180.3408722
"658" 2020 1813.9 742.7104245
"659" 2020 1187.43 512.06137605
"660" 2020 671 303.422845
"661" 2020 366.15 172.89053775
"662" 2020 178.68 87.7461744
"663" 2020 82.03 41.73645385
"664" 2020 35.25 18.5157675
"665" 2020 14.55 11.15395725
"666" 2020 8.8 8.8
"667" 2021 679460.09 2622.7159474
"668" 2021 711800.3 138.8010585
"669" 2021 741272.67 88.9527204
"670" 2021 768247.91 72.98355145
"671" 2021 792759.45 67.38455325
"672" 2021 804812.58 64.3850064
"673" 2021 807905.41 60.59290575
"674" 2021 820064.7 53.3042055
"675" 2021 841324.71 50.4794826
"676" 2021 846784.28 55.0409782
"677" 2021 832303.11 62.42273325
"678" 2021 819881.35 65.590508
"679" 2021 818720.09 73.6848081
"680" 2021 808496.25 84.89210625
"681" 2021 787193.56 102.3351628
"682" 2021 764848.15 126.19994475
"683" 2021 744678.43 152.65907815
"684" 2021 728736 196.75872
"685" 2021 715522.11 228.9670752
"686" 2021 724934.23 246.4776382
"687" 2021 755534.76 271.9925136
"688" 2021 787820.69 291.4936553
"689" 2021 810488.9 303.9333375
"690" 2021 834422.68 321.2527318
"691" 2021 853192.77 354.07499955
"692" 2021 855696.32 372.2278992
"693" 2021 868696.04 386.5697378
"694" 2021 883148.76 423.9114048
"695" 2021 898744.52 462.8534278
"696" 2021 921341.69 506.7379295
"697" 2021 921364.93 538.99848405
"698" 2021 908293.75 581.308
"699" 2021 908358.87 626.7676203
"700" 2021 901031.58 657.7530534
"701" 2021 893179.38 705.6117102
"702" 2021 895472.12 770.1060232
"703" 2021 882718.94 838.582993
"704" 2021 874869.37 874.86937
"705" 2021 876875.09 929.4875954
"706" 2021 878756.16 1028.1447072
"707" 2021 881810 1119.8987
"708" 2021 864019.27 1192.3465926
"709" 2021 817620.43 1230.51874715
"710" 2021 783433.21 1284.8304644
"711" 2021 784693.64 1400.6781474
"712" 2021 799136.54 1542.3335222
"713" 2021 813167.51 1703.58593345
"714" 2021 838031.43 1885.5707175
"715" 2021 873961.28 2110.6164912
"716" 2021 906543.03 2397.80631435
"717" 2021 910134.21 2602.9838406
"718" 2021 910238.41 2794.4319187
"719" 2021 920936.03 3039.088899
"720" 2021 926386.97 3293.30567835
"721" 2021 930799.46 3611.5019048
"722" 2021 932751.48 3987.512577
"723" 2021 930346.22 4344.7168474
"724" 2021 914273.24 4639.936693
"725" 2021 892364.23 4966.00693995
"726" 2021 865349.46 5295.9386952
"727" 2021 831003.5 5563.5684325
"728" 2021 802789.08 5916.5555196
"729" 2021 783246.92 6371.7136942
"730" 2021 758213.56 6698.8168026
"731" 2021 728441.92 6974.831384
"732" 2021 699562.39 7327.91603525
"733" 2021 683876.72 7809.8721424
"734" 2021 676218.37 8412.1565228
"735" 2021 658223.15 8968.29041875
"736" 2021 646737.62 9639.6242261
"737" 2021 650776.28 10656.461585
"738" 2021 660283.12 11964.3301344
"739" 2021 680471.65 13745.52733
"740" 2021 719130.85 16245.1659015
"741" 2021 654681.7 16511.072474
"742" 2021 554976.93 15600.4015023
"743" 2021 535781.59 16721.7434239
"744" 2021 508459.6 17691.851782
"745" 2021 455196.76 17693.4980612
"746" 2021 399943.26 17403.5309589
"747" 2021 375583.4 18305.934916
"748" 2021 369194.56 20135.8713024
"749" 2021 350486.75 21604.00327
"750" 2021 324365.82 22614.7849704
"751" 2021 295193.21 23113.628343
"752" 2021 266287.11 23461.22582655
"753" 2021 235436.05 23269.32200175
"754" 2021 206615.3 22912.6036935
"755" 2021 183019.09 22729.1407871
"756" 2021 160820.17 22363.6528402
"757" 2021 139681.24 21723.2264448
"758" 2021 113138.57 19514.1405536
"759" 2021 91451.69 17392.73966265
"760" 2021 71083.78 14877.835154
"761" 2021 56644.04 13012.8353092
"762" 2021 42399.47 10632.30309455
"763" 2021 31105.38 8480.1042225
"764" 2021 22436.12 6620.7868314
"765" 2021 15705.33 4993.9808334
"766" 2021 11044.47 3766.99260525
"767" 2021 7730.27 2815.09377455
"768" 2021 3551.03 1374.3551409
"769" 2021 1816.74 743.8732767
"770" 2021 1054.68 454.8149298
"771" 2021 669.47 302.73098665
"772" 2021 352.65 166.51604025
"773" 2021 182.32 89.5337056
"774" 2021 83.26 42.3622717
"775" 2021 35.76 18.7836552
"776" 2021 13.68 10.4870196
"777" 2021 6.28 6.28
