"year" "population" "expected"
"1" 2015 777510 3008.9637
"2" 2015 792873 166.50333
"3" 2015 817257 102.157125
"4" 2015 825886.5 86.7180825
"5" 2015 813154.5 69.1181325
"6" 2015 801682 60.12615
"7" 2015 800588 68.04998
"8" 2015 790322.5 63.2258
"9" 2015 768697.5 53.808825
"10" 2015 745563 55.917225
"11" 2015 724254 57.94032
"12" 2015 707774.5 56.62196
"13" 2015 692261 65.764795
"14" 2015 696259.5 73.1072475
"15" 2015 715073.5 96.5349225
"16" 2015 736386.5 125.185705
"17" 2015 753147 150.6294
"18" 2015 770331 211.841025
"19" 2015 783858.5 262.5925975
"20" 2015 793053.5 273.6034575
"21" 2015 816623 281.734935
"22" 2015 838240.5 293.384175
"23" 2015 861386.5 318.713005
"24" 2015 891518 343.23443
"25" 2015 896610 376.5762
"26" 2015 886077 389.87388
"27" 2015 887553 381.64779
"28" 2015 882946.5 401.7406575
"29" 2015 876908.5 429.685165
"30" 2015 883343.5 463.7553375
"31" 2015 874263 472.10202
"32" 2015 868106.5 551.2476275
"33" 2015 872044 614.79102
"34" 2015 875364.5 621.508795
"35" 2015 879173.5 681.3594625
"36" 2015 861131 740.57266
"37" 2015 814934 757.88862
"38" 2015 780718 776.81441
"39" 2015 782430.5 837.200635
"40" 2015 797346.5 928.9086725
"41" 2015 812251.5 1003.1306025
"42" 2015 837303.5 1142.9192775
"43" 2015 874726.5 1298.9688525
"44" 2015 908172 1425.83004
"45" 2015 912466.5 1574.0047125
"46" 2015 913493.5 1703.6653775
"47" 2015 925292.5 1892.2231625
"48" 2015 932123.5 2046.0110825
"49" 2015 938365.5 2219.2344075
"50" 2015 942402.5 2497.366625
"51" 2015 941748 2683.9818
"52" 2015 927680 2764.4864
"53" 2015 908057.5 2955.7271625
"54" 2015 883233.5 3166.3920975
"55" 2015 850982.5 3352.87105
"56" 2015 824741 3575.252235
"57" 2015 806561.5 3815.035895
"58" 2015 783126 3997.85823
"59" 2015 754868.5 4189.520175
"60" 2015 727493.5 4557.7467775
"61" 2015 714531.5 4948.1306375
"62" 2015 710567 5297.276985
"63" 2015 695819 5737.027655
"64" 2015 688300.5 6215.353515
"65" 2015 697440.5 6744.249635
"66" 2015 712201 7446.061455
"67" 2015 739147.5 8514.9792
"68" 2015 788806 9990.22799
"69" 2015 725556.5 9940.12405
"70" 2015 622504.5 9402.9304725
"71" 2015 610786 10450.54846
"72" 2015 588238.5 11135.354805
"73" 2015 536678 11235.35393
"74" 2015 481036 11393.33766
"75" 2015 462625.5 12211.0000725
"76" 2015 466096.5 13607.6873175
"77" 2015 454981.5 14586.70689
"78" 2015 434109.5 15304.5304225
"79" 2015 409679 16180.272105
"80" 2015 386245.5 17361.735225
"81" 2015 358516 18162.42056
"82" 2015 332520 18923.7132
"83" 2015 314958 20355.73554
"84" 2015 296735 21597.856975
"85" 2015 277010.85 22595.7750345
"86" 2015 244767.51 22336.25912505
"87" 2015 218144.68 22234.396509
"88" 2015 189027.87 21783.5717388
"89" 2015 169511.01 21908.45048745
"90" 2015 144792.6 21031.849113
"91" 2015 122154.58 19839.1253378
"92" 2015 102460.56 18366.05538
"93" 2015 84363.95 16735.69858125
"94" 2015 70747.2 15454.72584
"95" 2015 60171.87 14375.059743
"96" 2015 33396.64 8686.2990808
"97" 2015 21021.14 5936.2648303
"98" 2015 15068.83 4599.38363675
"99" 2015 11841.04 3888.3607152
"100" 2015 8249.42 2900.8260488
"101" 2015 5688.29 2131.9142091
"102" 2015 3489.23 1387.33529415
"103" 2015 2046.54 859.2807498
"104" 2015 1155.22 509.9083319
"105" 2015 601.68 277.9821768
"106" 2015 311.66 150.0876645
"107" 2015 164.15 82.0733585
"108" 2015 78.41 40.5520838
"109" 2015 36.65 19.538115
"110" 2015 17.86 13.7588082
"111" 2015 11.85 11.85
"112" 2016 779609.5 3017.088765
"113" 2016 785433.5 164.941035
"114" 2016 800157.5 100.0196875
"115" 2016 823716 86.49018
"116" 2016 831786.5 70.7018525
"117" 2016 818320.5 61.3740375
"118" 2016 806011.5 68.5109775
"119" 2016 804815 64.3852
"120" 2016 794264 55.59848
"121" 2016 772540 57.9405
"122" 2016 749530.5 59.96244
"123" 2016 728450.5 58.27604
"124" 2016 712080 67.6476
"125" 2016 696499.5 73.1324475
"126" 2016 700596 94.58046
"127" 2016 720170.5 122.428985
"128" 2016 741597 148.3194
"129" 2016 760114 209.03135
"130" 2016 779524.5 261.1407075
"131" 2016 799994 275.99793
"132" 2016 810429 279.598005
"133" 2016 830581.5 290.703525
"134" 2016 853610 315.8357
"135" 2016 876335 337.388975
"136" 2016 903261.5 379.36983
"137" 2016 906874.5 399.02478
"138" 2016 895825 385.20475
"139" 2016 896891.5 408.0856325
"140" 2016 891139.5 436.658355
"141" 2016 885210.5 464.7355125
"142" 2016 889377 480.26358
"143" 2016 879285 558.345975
"144" 2016 872597.5 615.1812375
"145" 2016 875309.5 621.469745
"146" 2016 878274 680.66235
"147" 2016 881524.5 758.11107
"148" 2016 863652 803.19636
"149" 2016 817265 813.178675
"150" 2016 782854.5 837.654315
"151" 2016 783941.5 913.2918475
"152" 2016 799068.5 986.8495975
"153" 2016 813042 1109.80233
"154" 2016 839050.5 1245.9899925
"155" 2016 875990 1375.3043
"156" 2016 909563.5 1568.9970375
"157" 2016 913529.5 1703.7325175
"158" 2016 914350.5 1869.8467725
"159" 2016 925902.5 2032.3559875
"160" 2016 932472.5 2205.2974625
"161" 2016 938691 2487.53115
"162" 2016 942153.5 2685.137475
"163" 2016 941216.5 2804.82517
"164" 2016 926689.5 3016.3743225
"165" 2016 906883 3251.175555
"166" 2016 881716.5 3473.96301
"167" 2016 849114.5 3680.9113575
"168" 2016 822521.5 3890.526695
"169" 2016 804345 4106.181225
"170" 2016 780537.5 4331.983125
"171" 2016 752155 4712.251075
"172" 2016 724533.5 5017.3944875
"173" 2016 711165 5301.735075
"174" 2016 706907 5828.448215
"175" 2016 691754.5 6246.543135
"176" 2016 683616 6610.56672
"177" 2016 691650 7231.20075
"178" 2016 705550.5 8127.94176
"179" 2016 731785.5 9268.0633575
"180" 2016 780045 10686.6165
"181" 2016 716522 10823.06481
"182" 2016 613554.5 10497.917495
"183" 2016 601064 11378.14152
"184" 2016 577815.5 12096.5674925
"185" 2016 525956 12457.26786
"186" 2016 470224 12411.56248
"187" 2016 451064 13168.81348
"188" 2016 453263.5 14531.62781
"189" 2016 440800 15540.404
"190" 2016 419141 16553.973795
"191" 2016 394018 17711.1091
"192" 2016 369333 18710.40978
"193" 2016 340950.5 19403.492955
"194" 2016 314192.5 20306.261275
"195" 2016 295084 21477.68894
"196" 2016 275567.5 22478.040975
"197" 2016 254450.63 23219.89224065
"198" 2016 222516.11 22679.95451175
"199" 2016 195919.92 22577.8115808
"200" 2016 167312.37 21624.28726065
"201" 2016 147695.2 21453.466276
"202" 2016 123690.67 20088.6017147
"203" 2016 102380.49 18351.7028325
"204" 2016 84142.25 16691.71884375
"205" 2016 67718.62 14793.132539
"206" 2016 55345.97 13222.152233
"207" 2016 45764.06 11903.0031857
"208" 2016 24794.39 7001.81176405
"209" 2016 15070.51 4599.89641475
"210" 2016 10462.89 3435.8038182
"211" 2016 7934.4 2790.052416
"212" 2016 5243.91 1965.3650289
"213" 2016 3510.71 1395.87584955
"214" 2016 2087.3 876.394651
"215" 2016 1181.24 521.3934298
"216" 2016 634.31 293.0575631
"217" 2016 310.15 149.36048625
"218" 2016 157.8 78.898422
"219" 2016 77.58 40.1228244
"220" 2016 33.62 17.922822
"221" 2016 13.99 10.7774763
"222" 2016 9.3 9.3
"223" 2017 772825.5 2990.834685
"224" 2017 787013.5 165.272835
"225" 2017 792145.5 99.0181875
"226" 2017 806216 84.65268
"227" 2017 829327 70.492795
"228" 2017 836584 62.7438
"229" 2017 822445 69.907825
"230" 2017 809892.5 64.7914
"231" 2017 808526.5 56.596855
"232" 2017 798003 59.850225
"233" 2017 776405 62.1124
"234" 2017 753497 60.27976
"235" 2017 732648.5 69.6016075
"236" 2017 716036.5 75.1838325
"237" 2017 700637 94.585995
"238" 2017 705524.5 119.939165
"239" 2017 725215 145.043
"240" 2017 748165.5 205.7455125
"241" 2017 768758 257.53393
"242" 2017 793918 273.90171
"243" 2017 815198 281.24331
"244" 2017 822059 287.72065
"245" 2017 843098 311.94626
"246" 2017 865622 333.26447
"247" 2017 884515.5 371.49651
"248" 2017 910831.5 400.76586
"249" 2017 913727 392.90261
"250" 2017 902168.5 410.4866675
"251" 2017 902680 442.3132
"252" 2017 896911 470.878275
"253" 2017 889016.5 480.06891
"254" 2017 892499 566.736865
"255" 2017 882164 621.92562
"256" 2017 874647.5 620.999725
"257" 2017 876896.5 679.5947875
"258" 2017 879663 756.51018
"259" 2017 883403.5 821.565255
"260" 2017 865083.5 860.7580825
"261" 2017 818703 876.01221
"262" 2017 784016.5 913.3792225
"263" 2017 785151.5 969.6621025
"264" 2017 799675.5 1091.5570575
"265" 2017 814699.5 1209.8287575
"266" 2017 840029 1318.84553
"267" 2017 877160.5 1513.1018625
"268" 2017 910248 1697.61252
"269" 2017 914073.5 1869.2803075
"270" 2017 914497.5 2007.3220125
"271" 2017 925856 2189.64944
"272" 2017 932364 2470.7646
"273" 2017 938172.5 2673.791625
"274" 2017 941238.5 2804.89073
"275" 2017 940074.5 3059.9424975
"276" 2017 925378 3317.48013
"277" 2017 905185 3566.4289
"278" 2017 879612.5 3813.1201875
"279" 2017 846712.5 4004.950125
"280" 2017 820022 4186.21231
"281" 2017 801485 4448.24175
"282" 2017 777667 4872.083755
"283" 2017 748904 5186.1602
"284" 2017 720924.5 5374.4921475
"285" 2017 707369.5 5832.2615275
"286" 2017 702392.5 6342.604275
"287" 2017 686858 6641.91686
"288" 2017 677661.5 7084.9509825
"289" 2017 685079 7892.11008
"290" 2017 698292 8843.86818
"291" 2017 723673 9914.3201
"292" 2017 770352 11636.16696
"293" 2017 706383.5 12086.221685
"294" 2017 603943.5 11432.650455
"295" 2017 590538 12362.91303
"296" 2017 566309.5 13413.0405075
"297" 2017 514389.5 13577.3108525
"298" 2017 458580.5 13388.2576975
"299" 2017 438796.5 14067.81579
"300" 2017 439362.5 15489.7249375
"301" 2017 425720 16813.8114
"302" 2017 403271 18127.03145
"303" 2017 377244.5 19111.20637
"304" 2017 351610.5 20010.153555
"305" 2017 322528 20844.98464
"306" 2017 294993 21471.065505
"307" 2017 274557.5 22395.655275
"308" 2017 253991 23177.948705
"309" 2017 232119.12 23658.741306
"310" 2017 200651.39 23123.0661836
"311" 2017 174323.35 22530.42137075
"312" 2017 146611.02 21295.9837101
"313" 2017 127044.28 20633.2615148
"314" 2017 104566.63 18743.5684275
"315" 2017 84911.56 16844.330715
"316" 2017 68257.6 14910.87272
"317" 2017 53733.01 12836.816089
"318" 2017 42762.94 11122.4268793
"319" 2017 34366.52 9704.9334154
"320" 2017 17995.98 5492.8229955
"321" 2017 10628.02 3490.0292076
"322" 2017 7201.55 2532.353042
"323" 2017 5193.04 1946.2994616
"324" 2017 3301.09 1312.52988945
"325" 2017 2154.39 904.5637293
"326" 2017 1255.96 554.3744642
"327" 2017 675.41 312.0461741
"328" 2017 338.93 163.22021475
"329" 2017 158.11 79.0534189
"330" 2017 73.02 37.7644836
"331" 2017 33.45 17.832195
"332" 2017 12.97 9.9916989
"333" 2017 5.92 5.92
"334" 2018 754232 2918.87784
"335" 2018 779949.5 163.789395
"336" 2018 793497 99.187125
"337" 2018 798129.5 83.8035975
"338" 2018 811576.5 68.9840025
"339" 2018 833885.5 62.5414125
"340" 2018 840543.5 71.4461975
"341" 2018 825991 66.07928
"342" 2018 813555 56.94885
"343" 2018 812010 60.90075
"344" 2018 801684 64.13472
"345" 2018 780126.5 62.41012
"346" 2018 757599.5 71.9719525
"347" 2018 736503 77.332815
"348" 2018 720227 97.230645
"349" 2018 705258.5 119.893945
"350" 2018 710193 142.0386
"351" 2018 731683.5 201.2129625
"352" 2018 756420.5 253.4008675
"353" 2018 783187 270.199515
"354" 2018 808327 278.872815
"355" 2018 826137 289.14795
"356" 2018 834526 308.77462
"357" 2018 854539 328.997515
"358" 2018 872375.5 366.39771
"359" 2018 890482 391.81208
"360" 2018 915591.5 393.704345
"361" 2018 917433.5 417.4322425
"362" 2018 905174.5 443.535505
"363" 2018 905900 475.5975
"364" 2018 898753.5 485.32689
"365" 2018 890699.5 565.5941825
"366" 2018 894479 630.607695
"367" 2018 883480.5 627.271155
"368" 2018 875408 678.4412
"369" 2018 877715 754.8349
"370" 2018 880884 819.22212
"371" 2018 883770.5 879.3516475
"372" 2018 865549 926.13743
"373" 2018 819299.5 954.4839175
"374" 2018 784546 968.91431
"375" 2018 785415 1072.091475
"376" 2018 800759.5 1189.1278575
"377" 2018 815084.5 1279.682665
"378" 2018 840574.5 1449.9910125
"379" 2018 877319.5 1636.2008675
"380" 2018 910245 1861.451025
"381" 2018 913912 2006.03684
"382" 2018 914185.5 2162.0487075
"383" 2018 925503.5 2452.584275
"384" 2018 931762 2655.5217
"385" 2018 937138.5 2792.67273
"386" 2018 939930.5 3059.4737775
"387" 2018 938644.5 3365.0405325
"388" 2018 923700 3639.378
"389" 2018 902973.5 3914.3901225
"390" 2018 877104.5 4148.704285
"391" 2018 844108 4309.17134
"392" 2018 816775 4533.10125
"393" 2018 798105.5 5000.1309575
"394" 2018 774083 5360.524775
"395" 2018 744893 5553.177315
"396" 2018 716707.5 5909.2533375
"397" 2018 702648.5 6344.915955
"398" 2018 697554.5 6745.352015
"399" 2018 680752.5 7117.2673875
"400" 2018 671155 7731.7056
"401" 2018 677863 8585.134895
"402" 2018 690549.5 9460.52815
"403" 2018 714696.5 10795.4906325
"404" 2018 759560 12996.0716
"405" 2018 695541.5 13166.600595
"406" 2018 593297 12420.672695
"407" 2018 578983 13713.212355
"408" 2018 553948 14621.45746
"409" 2018 501662.5 14646.0366875
"410" 2018 445958 14297.41348
"411" 2018 425141 14988.345955
"412" 2018 424156 16752.04122
"413" 2018 409336.5 18399.675675
"414" 2018 385852.5 19547.28765
"415" 2018 358985 20429.83635
"416" 2018 332370 21481.0731
"417" 2018 302824 22041.04484
"418" 2018 274260.5 22371.428985
"419" 2018 252941 23082.130955
"420" 2018 231422 23587.68735
"421" 2018 209158.26 24103.3978824
"422" 2018 178410.86 23058.7116007
"423" 2018 152748.54 22187.4891777
"424" 2018 126175.25 20492.1223525
"425" 2018 107204.86 19216.471155
"426" 2018 86347.56 17129.197215
"427" 2018 68695.54 15006.540713
"428" 2018 53941.24 12886.562236
"429" 2018 41104.51 10691.07752845
"430" 2018 31776.26 8973.4569427
"431" 2018 24863.16 7588.858011
"432" 2018 12644.38 4152.1615044
"433" 2018 7161.12 2518.1362368
"434" 2018 4643.2 1740.224928
"435" 2018 3284.63 1305.98531115
"436" 2018 1979.69 831.2124403
"437" 2018 1235.7 545.4318015
"438" 2018 708.31 327.2463031
"439" 2018 346.87 167.04392025
"440" 2018 152.61 76.3034739
"441" 2018 65.94 34.1028492
"442" 2018 29.44 15.694464
"443" 2018 12.58 9.6912546
"444" 2018 4.8 4.8
"445" 2019 734072 2840.85864
"446" 2019 761584 159.93264
"447" 2019 786811.5 98.3514375
"448" 2019 799758.5 83.9746425
"449" 2019 803419.5 68.2906575
"450" 2019 816178 61.21335
"451" 2019 837915 71.222775
"452" 2019 844033.5 67.52268
"453" 2019 829252 58.04764
"454" 2019 816809.5 61.2607125
"455" 2019 815381 65.23048
"456" 2019 805199.5 64.41596
"457" 2019 783886.5 74.4692175
"458" 2019 761386.5 79.9455825
"459" 2019 740526.5 99.9710775
"460" 2019 724794 123.21498
"461" 2019 709819.5 141.9639
"462" 2019 716652.5 197.0794375
"463" 2019 740031.5 247.9105525
"464" 2019 771811.5 266.2749675
"465" 2019 798650 275.53425
"466" 2019 819991 286.99685
"467" 2019 840110.5 310.840885
"468" 2019 847501 326.287885
"469" 2019 862575 362.2815
"470" 2019 878958 386.74152
"471" 2019 895300.5 384.979215
"472" 2019 919175.5 418.2248525
"473" 2019 919794.5 450.699305
"474" 2019 907483.5 476.4288375
"475" 2019 907290.5 489.93687
"476" 2019 900203 571.628905
"477" 2019 892703.5 629.3559675
"478" 2019 895838.5 636.045335
"479" 2019 884209 685.261975
"480" 2019 875717.5 753.11705
"481" 2019 878437.5 816.946875
"482" 2019 880840 876.4358
"483" 2019 883303 945.13421
"484" 2019 865652.5 1008.4851625
"485" 2019 819553.5 1012.1485725
"486" 2019 784489.5 1070.8281675
"487" 2019 786208 1167.51888
"488" 2019 801016 1257.59512
"489" 2019 815198.5 1406.2174125
"490" 2019 840460.5 1567.4588325
"491" 2019 877025.5 1793.5171475
"492" 2019 909847 1997.114165
"493" 2019 913505.5 2160.4405075
"494" 2019 913922.5 2421.894625
"495" 2019 925054 2636.4039
"496" 2019 930980 2774.3204
"497" 2019 936035 3046.793925
"498" 2019 938563 3364.748355
"499" 2019 936993 3691.75242
"500" 2019 921550.5 3994.9214175
"501" 2019 900447 4259.11431
"502" 2019 874274 4463.16877
"503" 2019 840589 4665.26895
"504" 2019 813003.5 5093.4669275
"505" 2019 794176 5499.6688
"506" 2019 769815 5738.970825
"507" 2019 740312 6103.87244
"508" 2019 712017.5 6429.518025
"509" 2019 697826.5 6747.982255
"510" 2019 691512 7229.75796
"511" 2019 674410.5 7769.20896
"512" 2019 664249 8412.713585
"513" 2019 670279 9182.8223
"514" 2019 681866.5 10299.5934825
"515" 2019 704722.5 12057.801975
"516" 2019 748026 14160.13218
"517" 2019 683653 14312.275555
"518" 2019 582098.5 13787.0029725
"519" 2019 566731.5 14958.8779425
"520" 2019 540705 15785.882475
"521" 2019 488189.5 15651.35537
"522" 2019 432559 15249.867545
"523" 2019 410769 16223.321655
"524" 2019 408211 18349.08445
"525" 2019 392012 19859.32792
"526" 2019 367648.5 20922.876135
"527" 2019 339910 21968.3833
"528" 2019 312563.5 22749.9343475
"529" 2019 282261.5 23024.070555
"530" 2019 253491 23132.321205
"531" 2019 231127.5 23557.6704375
"532" 2019 208982 24083.08568
"533" 2019 186045.6 24045.463572
"534" 2019 156263.59 22698.06776545
"535" 2019 131388.99 21338.8858659
"536" 2019 106644.8 19116.0804
"537" 2019 88752.48 17606.27322
"538" 2019 69906.15 15270.9984675
"539" 2019 54308.85 12974.384265
"540" 2019 41406.42 10769.6028099
"541" 2019 30791.93 8695.48707235
"542" 2019 23106.86 7052.7913435
"543" 2019 17551.36 5763.5155968
"544" 2019 8670.62 3048.9368168
"545" 2019 4662.12 1747.3159548
"546" 2019 2907.67 1156.10413035
"547" 2019 1982.78 832.5098386
"548" 2019 1147.88 506.6684926
"549" 2019 700.2 323.499402
"550" 2019 365.89 176.20347675
"551" 2019 170.8 85.398292
"552" 2019 73.36 37.9403248
"553" 2019 30.56 16.291536
"554" 2019 13.84 10.6619208
"555" 2019 7.89 7.89
"556" 2020 712389 2756.94543
"557" 2020 741386.5 155.691165
"558" 2020 768331.5 96.0414375
"559" 2020 792827.5 83.2468875
"560" 2020 804862 68.41327
"561" 2020 807948.5 60.5961375
"562" 2020 820111 69.709435
"563" 2020 841379.5 67.31036
"564" 2020 846840 59.2788
"565" 2020 832353.5 62.4265125
"566" 2020 819927 65.59416
"567" 2020 818778 65.50224
"568" 2020 808568.5 76.8140075
"569" 2020 787274.5 82.6638225
"570" 2020 764942 103.26717
"571" 2020 744783.5 126.613195
"572" 2020 728874.5 145.7749
"573" 2020 715705 196.818875
"574" 2020 725159.5 242.9284325
"575" 2020 755801.5 260.7515175
"576" 2020 788088.5 271.8905325
"577" 2020 810763 283.76705
"578" 2020 834731 308.85047
"579" 2020 853506.5 328.6000025
"580" 2020 856030 359.5326
"581" 2020 869072 382.39168
"582" 2020 883552.5 379.927575
"583" 2020 899168.5 409.1216675
"584" 2020 921791.5 451.677835
"585" 2020 921855 483.973875
"586" 2020 908814 490.75956
"587" 2020 908960 577.1896
"588" 2020 901689 635.690745
"589" 2020 893871.5 634.648765
"590" 2020 896219 694.569725
"591" 2020 883538.5 759.84311
"592" 2020 875768 814.46424
"593" 2020 877827 873.437865
"594" 2020 879795 941.38065
"595" 2020 882955 1028.642575
"596" 2020 865236 1068.56646
"597" 2020 818827.5 1117.6995375
"598" 2020 784691 1165.266135
"599" 2020 786097.5 1234.173075
"600" 2020 800689 1381.188525
"601" 2020 814926 1519.83699
"602" 2020 839966 1717.73047
"603" 2020 876159.5 1923.1701025
"604" 2020 909112 2150.04988
"605" 2020 912881 2419.13465
"606" 2020 913217 2602.66845
"607" 2020 924160.5 2753.99829
"608" 2020 929823 3026.573865
"609" 2020 934524.5 3350.2703325
"610" 2020 936791 3690.95654
"611" 2020 934760.5 4052.1867675
"612" 2020 918923.5 4346.508155
"613" 2020 897387 4581.160635
"614" 2020 870673 4832.23515
"615" 2020 836635.5 5241.5214075
"616" 2020 808714.5 5600.3479125
"617" 2020 789630.5 5886.6953775
"618" 2020 764993 6307.367285
"619" 2020 735444 6641.05932
"620" 2020 706719.5 6833.977565
"621" 2020 691786 7232.62263
"622" 2020 684822.5 7889.1552
"623" 2020 667227.5 8450.4362875
"624" 2020 656469 8993.6253
"625" 2020 661485 9991.730925
"626" 2020 672174.5 11500.905695
"627" 2020 693785.5 13133.359515
"628" 2020 735219 15391.809765
"629" 2020 670627 15883.800495
"630" 2020 569580.5 15034.0772975
"631" 2020 553056 16146.46992
"632" 2020 525998 16863.49588
"633" 2020 473217 16683.265335
"634" 2020 417563.5 16491.6704325
"635" 2020 394693 17741.45035
"636" 2020 390247.5 19769.93835
"637" 2020 372950 21224.5845
"638" 2020 347524 22460.47612
"639" 2020 319151.5 23229.4419275
"640" 2020 290902.5 23728.916925
"641" 2020 260269.5 23750.8932225
"642" 2020 231244.5 23569.5956625
"643" 2020 208252.5 23999.0181
"644" 2020 185676 23997.69462
"645" 2020 164036.07 23827.05934785
"646" 2020 135465.27 22000.9145007
"647" 2020 111998.94 20075.809995
"648" 2020 89229.32 17700.866355
"649" 2020 72832.68 15910.298946
"650" 2020 56054.14 13391.334046
"651" 2020 42286.55 10998.52022225
"652" 2020 31418.73 8872.49225835
"653" 2020 22734.54 6939.1499715
"654" 2020 16543.27 5432.4790026
"655" 2020 12117.7 4261.068028
"656" 2020 5752.69 2156.0506851
"657" 2020 3049.74 1212.5918727
"658" 2020 1813.9 761.602193
"659" 2020 1187.43 524.12566485
"660" 2020 671 310.00871
"661" 2020 366.15 176.32868625
"662" 2020 178.68 89.3382132
"663" 2020 82.03 42.4242754
"664" 2020 35.25 18.791775
"665" 2020 14.55 11.2088835
"666" 2020 8.8 8.8
"667" 2021 679460.09 2629.5105483
"668" 2021 711800.3 149.478063
"669" 2021 741272.67 92.65908375
"670" 2021 768247.91 80.66603055
"671" 2021 792759.45 67.38455325
"672" 2021 804812.58 60.3609435
"673" 2021 807905.41 68.67195985
"674" 2021 820064.7 65.605176
"675" 2021 841324.71 58.8927297
"676" 2021 846784.28 63.508821
"677" 2021 832303.11 66.5842488
"678" 2021 819881.35 65.590508
"679" 2021 818720.09 77.77840855
"680" 2021 808496.25 84.89210625
"681" 2021 787193.56 106.2711306
"682" 2021 764848.15 130.0241855
"683" 2021 744678.43 148.935686
"684" 2021 728736 200.4024
"685" 2021 715522.11 239.69990685
"686" 2021 724934.23 250.10230935
"687" 2021 755534.76 260.6594922
"688" 2021 787820.69 275.7372415
"689" 2021 810488.9 299.880893
"690" 2021 834422.68 321.2527318
"691" 2021 853192.77 358.3409634
"692" 2021 855696.32 376.5063808
"693" 2021 868696.04 373.5392972
"694" 2021 883148.76 401.8326858
"695" 2021 898744.52 440.3848148
"696" 2021 921341.69 483.70438725
"697" 2021 921364.93 497.5370622
"698" 2021 908293.75 576.76653125
"699" 2021 908358.87 640.39300335
"700" 2021 901031.58 639.7324218
"701" 2021 893179.38 692.2140195
"702" 2021 895472.12 770.1060232
"703" 2021 882718.94 820.9286142
"704" 2021 874869.37 870.49502315
"705" 2021 876875.09 938.2563463
"706" 2021 878756.16 1023.7509264
"707" 2021 881810 1089.03535
"708" 2021 864019.27 1179.38630355
"709" 2021 817620.43 1214.16633855
"710" 2021 783433.21 1229.9901397
"711" 2021 784693.64 1353.596529
"712" 2021 799136.54 1490.3896471
"713" 2021 813167.51 1662.92755795
"714" 2021 838031.43 1839.47898885
"715" 2021 873961.28 2066.9184272
"716" 2021 906543.03 2402.3390295
"717" 2021 910134.21 2593.8824985
"718" 2021 910238.41 2712.5104618
"719" 2021 920936.03 2997.64677765
"720" 2021 926386.97 3321.09728745
"721" 2021 930799.46 3667.3498724
"722" 2021 932751.48 4043.4776658
"723" 2021 930346.22 4400.5376206
"724" 2021 914273.24 4667.3648902
"725" 2021 892364.23 4952.6214765
"726" 2021 865349.46 5421.4143669
"727" 2021 831003.5 5754.6992375
"728" 2021 802789.08 5984.7925914
"729" 2021 783246.92 6457.8708554
"730" 2021 758213.56 6846.6684468
"731" 2021 728441.92 7044.0333664
"732" 2021 699562.39 7313.92478745
"733" 2021 683876.72 7878.2598144
"734" 2021 676218.37 8564.30565605
"735" 2021 658223.15 9017.657155
"736" 2021 646737.62 9768.9717501
"737" 2021 650776.28 11134.7821508
"738" 2021 660283.12 12499.1594616
"739" 2021 680471.65 14245.67399275
"740" 2021 719130.85 17032.61418225
"741" 2021 654681.7 17280.3234715
"742" 2021 554976.93 16202.55147135
"743" 2021 535781.59 17177.1577754
"744" 2021 508459.6 17925.743198
"745" 2021 455196.76 17977.9960362
"746" 2021 399943.26 17977.449537
"747" 2021 375583.4 19027.055044
"748" 2021 369194.56 21010.8624096
"749" 2021 350486.75 22651.9586525
"750" 2021 324365.82 23608.9662087
"751" 2021 295193.21 24078.9101397
"752" 2021 266287.11 24300.03022305
"753" 2021 235436.05 23996.81939625
"754" 2021 206615.3 23810.347172
"755" 2021 183019.09 23654.30228705
"756" 2021 160820.17 23359.93379335
"757" 2021 139681.24 22685.6301884
"758" 2021 113138.57 20280.0886725
"759" 2021 91451.69 18141.72900375
"760" 2021 71083.78 15528.251741
"761" 2021 56644.04 13532.261156
"762" 2021 42399.47 11027.89014965
"763" 2021 31105.38 8784.0037851
"764" 2021 22436.12 6848.064727
"765" 2021 15705.33 5157.3162654
"766" 2021 11044.47 3883.6774308
"767" 2021 7730.27 2897.2278933
"768" 2021 3551.03 1411.90728315
"769" 2021 1816.74 762.7946238
"770" 2021 1054.68 465.5304786
"771" 2021 669.47 309.3018347
"772" 2021 352.65 169.82742375
"773" 2021 182.32 91.1581768
"774" 2021 83.26 43.0604068
"775" 2021 35.76 19.063656
"776" 2021 13.68 10.5386616
"777" 2021 6.28 6.28
