"year" "population" "expected"
"1" 2015 777510 3032.289
"2" 2015 792873 146.681505
"3" 2015 817257 93.984555
"4" 2015 825886.5 66.07092
"5" 2015 813154.5 60.9865875
"6" 2015 801682 68.14297
"7" 2015 800588 60.0441
"8" 2015 790322.5 43.4677375
"9" 2015 768697.5 38.434875
"10" 2015 745563 44.73378
"11" 2015 724254 50.69778
"12" 2015 707774.5 53.0830875
"13" 2015 692261 69.2261
"14" 2015 696259.5 80.0698425
"15" 2015 715073.5 82.2334525
"16" 2015 736386.5 106.7760425
"17" 2015 753147 150.6294
"18" 2015 770331 207.98937
"19" 2015 783858.5 246.9154275
"20" 2015 793053.5 277.568725
"21" 2015 816623 310.31674
"22" 2015 838240.5 326.913795
"23" 2015 861386.5 331.6338025
"24" 2015 891518 352.14961
"25" 2015 896610 381.05925
"26" 2015 886077 385.443495
"27" 2015 887553 417.14991
"28" 2015 882946.5 441.47325
"29" 2015 876908.5 460.3769625
"30" 2015 883343.5 512.33923
"31" 2015 874263 542.04306
"32" 2015 868106.5 551.2476275
"33" 2015 872044 592.98992
"34" 2015 875364.5 643.3929075
"35" 2015 879173.5 698.9429325
"36" 2015 861131 727.655695
"37" 2015 814934 774.1873
"38" 2015 780718 815.85031
"39" 2015 782430.5 848.9370925
"40" 2015 797346.5 948.842335
"41" 2015 812251.5 1027.4981475
"42" 2015 837303.5 1126.1732075
"43" 2015 874726.5 1272.7270575
"44" 2015 908172 1462.15692
"45" 2015 912466.5 1660.68903
"46" 2015 913493.5 1817.852065
"47" 2015 925292.5 1961.6201
"48" 2015 932123.5 2087.95664
"49" 2015 938365.5 2247.3853725
"50" 2015 942402.5 2497.366625
"51" 2015 941748 2745.19542
"52" 2015 927680 2861.8928
"53" 2015 908057.5 2960.26745
"54" 2015 883233.5 3122.2304225
"55" 2015 850982.5 3259.262975
"56" 2015 824741 3472.15961
"57" 2015 806561.5 3698.0844775
"58" 2015 783126 3856.89555
"59" 2015 754868.5 4098.935955
"60" 2015 727493.5 4324.9488575
"61" 2015 714531.5 4598.0102025
"62" 2015 710567 5144.50508
"63" 2015 695819 5528.281955
"64" 2015 688300.5 5857.437255
"65" 2015 697440.5 6545.4790925
"66" 2015 712201 7282.255225
"67" 2015 739147.5 8193.4500375
"68" 2015 788806 9564.27275
"69" 2015 725556.5 9653.5292325
"70" 2015 622504.5 9026.31525
"71" 2015 610786 9687.06596
"72" 2015 588238.5 10252.997055
"73" 2015 536678 10280.06709
"74" 2015 481036 10311.00666
"75" 2015 462625.5 11209.415865
"76" 2015 466096.5 12503.0386125
"77" 2015 454981.5 13446.9782325
"78" 2015 434109.5 14453.6758025
"79" 2015 409679 15532.979285
"80" 2015 386245.5 16490.7516225
"81" 2015 358516 16923.74778
"82" 2015 332520 17427.3732
"83" 2015 314958 18595.12032
"84" 2015 296735 19854.53885
"85" 2015 277010.85 20838.14119125
"86" 2015 244767.51 20686.52610765
"87" 2015 218144.68 20713.9280894
"88" 2015 189027.87 20152.2612207
"89" 2015 169511.01 20229.4439334
"90" 2015 144792.6 19235.69691
"91" 2015 122154.58 18070.9377923
"92" 2015 102460.56 16823.5116492
"93" 2015 84363.95 15224.318417
"94" 2015 70747.2 14080.815216
"95" 2015 60171.87 13209.5306211
"96" 2015 33396.64 8005.5085744
"97" 2015 21021.14 5482.5235234
"98" 2015 15068.83 4258.3006697
"99" 2015 11841.04 3610.0962752
"100" 2015 8249.42 2701.6025558
"101" 2015 5688.29 1992.1529238
"102" 2015 3489.23 1300.9942978
"103" 2015 2046.54 808.8028407
"104" 2015 1155.22 481.7902771
"105" 2015 601.68 263.6682096
"106" 2015 311.66 142.9101347
"107" 2015 164.15 78.44646425
"108" 2015 78.41 38.90351355
"109" 2015 36.65 18.81079575
"110" 2015 17.86 13.5870843
"111" 2015 11.85 11.85
"112" 2016 779609.5 3040.47705
"113" 2016 785433.5 145.3051975
"114" 2016 800157.5 92.0181125
"115" 2016 823716 65.89728
"116" 2016 831786.5 62.3839875
"117" 2016 818320.5 69.5572425
"118" 2016 806011.5 60.4508625
"119" 2016 804815 44.264825
"120" 2016 794264 39.7132
"121" 2016 772540 46.3524
"122" 2016 749530.5 52.467135
"123" 2016 728450.5 54.6337875
"124" 2016 712080 71.208
"125" 2016 696499.5 80.0974425
"126" 2016 700596 80.56854
"127" 2016 720170.5 104.4247225
"128" 2016 741597 148.3194
"129" 2016 760114 205.23078
"130" 2016 779524.5 245.5502175
"131" 2016 799994 279.9979
"132" 2016 810429 307.96302
"133" 2016 830581.5 323.926785
"134" 2016 853610 328.63985
"135" 2016 876335 346.152325
"136" 2016 903261.5 383.8861375
"137" 2016 906874.5 394.4904075
"138" 2016 895825 421.03775
"139" 2016 896891.5 448.44575
"140" 2016 891139.5 467.8482375
"141" 2016 885210.5 513.42209
"142" 2016 889377 551.41374
"143" 2016 879285 558.345975
"144" 2016 872597.5 593.3663
"145" 2016 875309.5 643.3524825
"146" 2016 878274 698.22783
"147" 2016 881524.5 744.8882025
"148" 2016 863652 820.4694
"149" 2016 817265 854.041925
"150" 2016 782854.5 849.3971325
"151" 2016 783941.5 932.890385
"152" 2016 799068.5 1010.8216525
"153" 2016 813042 1093.54149
"154" 2016 839050.5 1220.8184775
"155" 2016 875990 1410.3439
"156" 2016 909563.5 1655.40557
"157" 2016 913529.5 1817.923705
"158" 2016 914350.5 1938.42306
"159" 2016 925902.5 2074.0216
"160" 2016 932472.5 2233.2716375
"161" 2016 938691 2487.53115
"162" 2016 942153.5 2746.3774525
"163" 2016 941216.5 2903.6529025
"164" 2016 926689.5 3021.00777
"165" 2016 906883 3205.831405
"166" 2016 881716.5 3376.974195
"167" 2016 849114.5 3574.772045
"168" 2016 822521.5 3771.2610775
"169" 2016 804345 3961.399125
"170" 2016 780537.5 4238.318625
"171" 2016 752155 4471.561475
"172" 2016 724533.5 4662.3730725
"173" 2016 711165 5148.8346
"174" 2016 706907 5616.376115
"175" 2016 691754.5 5886.830795
"176" 2016 683616 6415.73616
"177" 2016 691650 7072.12125
"178" 2016 705550.5 7821.0272925
"179" 2016 731785.5 8872.8991875
"180" 2016 780045 10378.498725
"181" 2016 716522 10389.569
"182" 2016 613554.5 9730.97437
"183" 2016 601064 10476.54552
"184" 2016 577815.5 11068.0559025
"185" 2016 525956 11273.86686
"186" 2016 470224 11393.52752
"187" 2016 451064 12099.7918
"188" 2016 453263.5 13396.2027425
"189" 2016 440800 14676.436
"190" 2016 419141 15891.731015
"191" 2016 394018 16822.59851
"192" 2016 369333 17434.364265
"193" 2016 340950.5 17869.215705
"194" 2016 314192.5 18549.9252
"195" 2016 295084 19744.07044
"196" 2016 275567.5 20729.5651875
"197" 2016 254450.63 21504.89499445
"198" 2016 222516.11 21129.01722505
"199" 2016 195919.92 20887.0226712
"200" 2016 167312.37 19967.0582358
"201" 2016 147695.2 19621.30732
"202" 2016 123690.67 18298.17926645
"203" 2016 102380.49 16810.36455555
"204" 2016 84142.25 15184.310435
"205" 2016 67718.62 13478.0369386
"206" 2016 55345.97 12150.1007941
"207" 2016 45764.06 10970.1028226
"208" 2016 24794.39 6466.6248559
"209" 2016 15070.51 4258.7754209
"210" 2016 10462.89 3189.9259032
"211" 2016 7934.4 2598.436656
"212" 2016 5243.91 1836.5221602
"213" 2016 3510.71 1309.0033306
"214" 2016 2087.3 824.9113965
"215" 2016 1181.24 492.6420482
"216" 2016 634.31 277.9673282
"217" 2016 310.15 142.21773175
"218" 2016 157.8 75.411831
"219" 2016 77.58 38.4917049
"220" 2016 33.62 17.2556331
"221" 2016 13.99 10.64296245
"222" 2016 9.3 9.3
"223" 2017 772825.5 3014.01945
"224" 2017 787013.5 145.5974975
"225" 2017 792145.5 91.0967325
"226" 2017 806216 64.49728
"227" 2017 829327 62.199525
"228" 2017 836584 71.10964
"229" 2017 822445 61.683375
"230" 2017 809892.5 44.5440875
"231" 2017 808526.5 40.426325
"232" 2017 798003 47.88018
"233" 2017 776405 54.34835
"234" 2017 753497 56.512275
"235" 2017 732648.5 73.26485
"236" 2017 716036.5 82.3441975
"237" 2017 700637 80.573255
"238" 2017 705524.5 102.3010525
"239" 2017 725215 145.043
"240" 2017 748165.5 202.004685
"241" 2017 768758 242.15877
"242" 2017 793918 277.8713
"243" 2017 815198 309.77524
"244" 2017 822059 320.60301
"245" 2017 843098 324.59273
"246" 2017 865622 341.92069
"247" 2017 884515.5 375.9190875
"248" 2017 910831.5 396.2117025
"249" 2017 913727 429.45169
"250" 2017 902168.5 451.08425
"251" 2017 902680 473.907
"252" 2017 896911 520.20838
"253" 2017 889016.5 551.19023
"254" 2017 892499 566.736865
"255" 2017 882164 599.87152
"256" 2017 874647.5 642.8659125
"257" 2017 876896.5 697.1327175
"258" 2017 879663 743.315235
"259" 2017 883403.5 839.233325
"260" 2017 865083.5 904.0122575
"261" 2017 818703 888.292755
"262" 2017 784016.5 932.979635
"263" 2017 785151.5 993.2166475
"264" 2017 799675.5 1075.5635475
"265" 2017 814699.5 1185.3877725
"266" 2017 840029 1352.44669
"267" 2017 877160.5 1596.43211
"268" 2017 910248 1811.39352
"269" 2017 914073.5 1937.83582
"270" 2017 914497.5 2048.4744
"271" 2017 925856 2217.42512
"272" 2017 932364 2470.7646
"273" 2017 938172.5 2734.7728375
"274" 2017 941238.5 2903.7207725
"275" 2017 940074.5 3064.64287
"276" 2017 925378 3271.21123
"277" 2017 905185 3466.85855
"278" 2017 879612.5 3703.168625
"279" 2017 846712.5 3882.1768125
"280" 2017 820022 4038.60835
"281" 2017 801485 4352.06355
"282" 2017 777667 4623.230315
"283" 2017 748904 4819.19724
"284" 2017 720924.5 5219.49338
"285" 2017 707369.5 5620.0506775
"286" 2017 702392.5 5977.360175
"287" 2017 686858 6446.16233
"288" 2017 677661.5 6929.0888375
"289" 2017 685079 7594.100715
"290" 2017 698292 8466.7905
"291" 2017 723673 9628.469265
"292" 2017 770352 11170.104
"293" 2017 706383.5 11203.24231
"294" 2017 603943.5 10526.735205
"295" 2017 590538 11311.75539
"296" 2017 566309.5 12138.8441325
"297" 2017 514389.5 12463.657585
"298" 2017 458580.5 12301.4219125
"299" 2017 438796.5 12968.6305575
"300" 2017 439362.5 14628.5744375
"301" 2017 425720 16141.1738
"302" 2017 403271 17217.655345
"303" 2017 377244.5 17807.8266225
"304" 2017 351610.5 18427.906305
"305" 2017 322528 19042.05312
"306" 2017 294993 19737.98163
"307" 2017 274557.5 20653.5879375
"308" 2017 253991 21466.049365
"309" 2017 232119.12 22040.8710396
"310" 2017 200651.39 21391.4446879
"311" 2017 174323.35 20803.748589
"312" 2017 146611.02 19477.274007
"313" 2017 127044.28 18794.2955618
"314" 2017 104566.63 17169.31781285
"315" 2017 84911.56 15323.1401176
"316" 2017 68257.6 13585.310128
"317" 2017 53733.01 11796.0076853
"318" 2017 42762.94 10250.7043474
"319" 2017 34366.52 8963.1320812
"320" 2017 17995.98 5085.4839882
"321" 2017 10628.02 3240.2707376
"322" 2017 7201.55 2358.4356095
"323" 2017 5193.04 1818.7064688
"324" 2017 3301.09 1230.8444174
"325" 2017 2154.39 851.42569995
"326" 2017 1255.96 523.8043978
"327" 2017 675.41 295.9781702
"328" 2017 338.93 155.41465685
"329" 2017 158.11 75.55997845
"330" 2017 73.02 36.2292381
"331" 2017 33.45 17.16837975
"332" 2017 12.97 9.86699235
"333" 2017 5.92 5.92
"334" 2018 754232 2941.5048
"335" 2018 779949.5 144.2906575
"336" 2018 793497 91.252155
"337" 2018 798129.5 63.85036
"338" 2018 811576.5 60.8682375
"339" 2018 833885.5 70.8802675
"340" 2018 840543.5 63.0407625
"341" 2018 825991 45.429505
"342" 2018 813555 40.67775
"343" 2018 812010 48.7206
"344" 2018 801684 56.11788
"345" 2018 780126.5 58.5094875
"346" 2018 757599.5 75.75995
"347" 2018 736503 84.697845
"348" 2018 720227 82.826105
"349" 2018 705258.5 102.2624825
"350" 2018 710193 142.0386
"351" 2018 731683.5 197.554545
"352" 2018 756420.5 238.2724575
"353" 2018 783187 274.11545
"354" 2018 808327 307.16426
"355" 2018 826137 322.19343
"356" 2018 834526 321.29251
"357" 2018 854539 337.542905
"358" 2018 872375.5 370.7595875
"359" 2018 890482 387.35967
"360" 2018 915591.5 430.328005
"361" 2018 917433.5 458.71675
"362" 2018 905174.5 475.2166125
"363" 2018 905900 525.422
"364" 2018 898753.5 557.22717
"365" 2018 890699.5 565.5941825
"366" 2018 894479 608.24572
"367" 2018 883480.5 649.3581675
"368" 2018 875408 695.94936
"369" 2018 877715 741.669175
"370" 2018 880884 836.8398
"371" 2018 883770.5 923.5401725
"372" 2018 865549 939.120665
"373" 2018 819299.5 974.966405
"374" 2018 784546 992.45069
"375" 2018 785415 1056.383175
"376" 2018 800759.5 1165.1050725
"377" 2018 815084.5 1312.286045
"378" 2018 840574.5 1529.84559
"379" 2018 877319.5 1745.865805
"380" 2018 910245 1929.7194
"381" 2018 913912 2047.16288
"382" 2018 914185.5 2189.4742725
"383" 2018 925503.5 2452.584275
"384" 2018 931762 2716.08623
"385" 2018 937138.5 2891.0722725
"386" 2018 939930.5 3064.17343
"387" 2018 938644.5 3318.1083075
"388" 2018 923700 3537.771
"389" 2018 902973.5 3801.518435
"390" 2018 877104.5 4021.5241325
"391" 2018 844108 4157.2319
"392" 2018 816775 4435.08825
"393" 2018 798105.5 4744.7371975
"394" 2018 774083 4981.224105
"395" 2018 744893 5393.02532
"396" 2018 716707.5 5694.2410875
"397" 2018 702648.5 5979.538735
"398" 2018 697554.5 6546.5489825
"399" 2018 680752.5 6960.6943125
"400" 2018 671155 7439.753175
"401" 2018 677863 8219.088875
"402" 2018 690549.5 9187.7610975
"403" 2018 714696.5 10363.09925
"404" 2018 759560 12046.6216
"405" 2018 695541.5 12123.288345
"406" 2018 593297 11364.604035
"407" 2018 578983 12410.500605
"408" 2018 553948 13422.16004
"409" 2018 501662.5 13457.0965625
"410" 2018 445958 13180.28869
"411" 2018 425141 14155.069595
"412" 2018 424156 16081.87474
"413" 2018 409336.5 17476.6218675
"414" 2018 385852.5 18214.1672625
"415" 2018 358985 18814.40385
"416" 2018 332370 19623.1248
"417" 2018 302824 20261.95384
"418" 2018 274260.5 20631.2461125
"419" 2018 252941 21377.308615
"420" 2018 231422 21974.67601
"421" 2018 209158.26 22298.3620986
"422" 2018 178410.86 21291.5520324
"423" 2018 152748.54 20292.643539
"424" 2018 126175.25 18665.73560875
"425" 2018 107204.86 17602.5019877
"426" 2018 86347.56 15582.2806776
"427" 2018 68695.54 13672.4733262
"428" 2018 53941.24 11841.7204172
"429" 2018 41104.51 9853.1620921
"430" 2018 31776.26 8287.5663706
"431" 2018 24863.16 7026.0803844
"432" 2018 12644.38 3855.0185744
"433" 2018 7161.12 2345.1951888
"434" 2018 4643.2 1626.141504
"435" 2018 3284.63 1224.7071418
"436" 2018 1979.69 782.38338645
"437" 2018 1235.7 515.3548635
"438" 2018 708.31 310.3956082
"439" 2018 346.87 159.05550415
"440" 2018 152.61 72.93155595
"441" 2018 65.94 32.7164607
"442" 2018 29.44 15.1102272
"443" 2018 12.58 9.5702979
"444" 2018 4.8 4.8
"445" 2019 734072 2862.8808
"446" 2019 761584 140.89304
"447" 2019 786811.5 90.4833225
"448" 2019 799758.5 63.98068
"449" 2019 803419.5 60.2564625
"450" 2019 816178 69.37513
"451" 2019 837915 62.843625
"452" 2019 844033.5 46.4218425
"453" 2019 829252 41.4626
"454" 2019 816809.5 49.00857
"455" 2019 815381 57.07667
"456" 2019 805199.5 60.3899625
"457" 2019 783886.5 78.38865
"458" 2019 761386.5 87.5594475
"459" 2019 740526.5 85.1605475
"460" 2019 724794 105.09513
"461" 2019 709819.5 141.9639
"462" 2019 716652.5 193.496175
"463" 2019 740031.5 233.1099225
"464" 2019 771811.5 270.134025
"465" 2019 798650 303.487
"466" 2019 819991 319.79649
"467" 2019 840110.5 323.4425425
"468" 2019 847501 334.762895
"469" 2019 862575 366.594375
"470" 2019 878958 382.34673
"471" 2019 895300.5 420.791235
"472" 2019 919175.5 459.58775
"473" 2019 919794.5 482.8921125
"474" 2019 907483.5 526.34043
"475" 2019 907290.5 562.52011
"476" 2019 900203 571.628905
"477" 2019 892703.5 607.03838
"478" 2019 895838.5 658.4412975
"479" 2019 884209 702.946155
"480" 2019 875717.5 739.9812875
"481" 2019 878437.5 834.515625
"482" 2019 880840 920.4778
"483" 2019 883303 958.383755
"484" 2019 865652.5 1030.126475
"485" 2019 819553.5 1036.7351775
"486" 2019 784489.5 1055.1383775
"487" 2019 786208 1143.93264
"488" 2019 801016 1289.63576
"489" 2019 815198.5 1483.66127
"490" 2019 840460.5 1672.516395
"491" 2019 877025.5 1859.29406
"492" 2019 909847 2038.05728
"493" 2019 913505.5 2187.8456725
"494" 2019 913922.5 2421.894625
"495" 2019 925054 2696.53241
"496" 2019 930980 2872.0733
"497" 2019 936035 3051.4741
"498" 2019 938563 3317.820205
"499" 2019 936993 3588.68319
"500" 2019 921550.5 3879.727605
"501" 2019 900447 4128.549495
"502" 2019 874274 4305.79945
"503" 2019 840589 4564.39827
"504" 2019 813003.5 4833.3058075
"505" 2019 794176 5110.52256
"506" 2019 769815 5573.4606
"507" 2019 740312 5881.77884
"508" 2019 712017.5 6059.268925
"509" 2019 697826.5 6549.1017025
"510" 2019 691512 7070.7102
"511" 2019 674410.5 7475.8403925
"512" 2019 664249 8054.019125
"513" 2019 670279 8918.062095
"514" 2019 681866.5 9887.06425
"515" 2019 704722.5 11176.89885
"516" 2019 748026 13038.09318
"517" 2019 683653 13095.373215
"518" 2019 582098.5 12477.2813475
"519" 2019 566731.5 13731.904245
"520" 2019 540705 14504.411625
"521" 2019 488189.5 14428.4406725
"522" 2019 432559 14402.051905
"523" 2019 410769 15574.306635
"524" 2019 408211 17428.568645
"525" 2019 392012 18504.92646
"526" 2019 367648.5 19268.457885
"527" 2019 339910 20068.2864
"528" 2019 312563.5 20913.623785
"529" 2019 282261.5 21233.1213375
"530" 2019 253491 21423.791865
"531" 2019 231127.5 21946.7117625
"532" 2019 208982 22279.57102
"533" 2019 186045.6 22202.681904
"534" 2019 156263.59 20759.6179315
"535" 2019 131388.99 19437.03023565
"536" 2019 106644.8 17510.542936
"537" 2019 88752.48 16016.2725408
"538" 2019 69906.15 13913.4210345
"539" 2019 54308.85 11922.4218405
"540" 2019 41406.42 9925.5329382
"541" 2019 30791.93 8030.8432633
"542" 2019 23106.86 6529.7675674
"543" 2019 17551.36 5351.0586368
"544" 2019 8670.62 2839.5413438
"545" 2019 4662.12 1632.7676664
"546" 2019 2907.67 1084.1538362
"547" 2019 1982.78 783.6045699
"548" 2019 1147.88 478.7290934
"549" 2019 700.2 306.841644
"550" 2019 365.89 167.77703005
"551" 2019 170.8 81.624466
"552" 2019 73.36 36.3979308
"553" 2019 30.56 15.6850728
"554" 2019 13.84 10.5288492
"555" 2019 7.89 7.89
"556" 2020 712389 2778.3171
"557" 2020 741386.5 137.1565025
"558" 2020 768331.5 88.3581225
"559" 2020 792827.5 63.4262
"560" 2020 804862 60.36465
"561" 2020 807948.5 68.6756225
"562" 2020 820111 61.508325
"563" 2020 841379.5 46.2758725
"564" 2020 846840 42.342
"565" 2020 832353.5 49.94121
"566" 2020 819927 57.39489
"567" 2020 818778 61.40835
"568" 2020 808568.5 80.85685
"569" 2020 787274.5 90.5365675
"570" 2020 764942 87.96833
"571" 2020 744783.5 107.9936075
"572" 2020 728874.5 145.7749
"573" 2020 715705 193.24035
"574" 2020 725159.5 228.4252425
"575" 2020 755801.5 264.530525
"576" 2020 788088.5 299.47363
"577" 2020 810763 316.19757
"578" 2020 834731 321.371435
"579" 2020 853506.5 337.1350675
"580" 2020 856030 363.81275
"581" 2020 869072 378.04632
"582" 2020 883552.5 415.269675
"583" 2020 899168.5 449.58425
"584" 2020 921791.5 483.9405375
"585" 2020 921855 534.6759
"586" 2020 908814 563.46468
"587" 2020 908960 577.1896
"588" 2020 901689 613.14852
"589" 2020 893871.5 656.9955525
"590" 2020 896219 712.494105
"591" 2020 883538.5 746.5900325
"592" 2020 875768 831.9796
"593" 2020 877827 917.329215
"594" 2020 879795 954.577575
"595" 2020 882955 1050.71645
"596" 2020 865236 1094.52354
"597" 2020 818827.5 1101.3229875
"598" 2020 784691 1141.725405
"599" 2020 786097.5 1265.616975
"600" 2020 800689 1457.25398
"601" 2020 814926 1621.70274
"602" 2020 839966 1780.72792
"603" 2020 876159.5 1962.59728
"604" 2020 909112 2177.32324
"605" 2020 912881 2419.13465
"606" 2020 913217 2662.027555
"607" 2020 924160.5 2851.0351425
"608" 2020 929823 3031.22298
"609" 2020 934524.5 3303.5441075
"610" 2020 936791 3587.90953
"611" 2020 934760.5 3935.341705
"612" 2020 918923.5 4213.2642475
"613" 2020 897387 4419.630975
"614" 2020 870673 4727.75439
"615" 2020 836635.5 4973.7980475
"616" 2020 808714.5 5204.0778075
"617" 2020 789630.5 5716.92482
"618" 2020 764993 6077.869385
"619" 2020 735444 6258.62844
"620" 2020 706719.5 6632.5625075
"621" 2020 691786 7073.51185
"622" 2020 684822.5 7591.2574125
"623" 2020 667227.5 8090.1334375
"624" 2020 656469 8734.320045
"625" 2020 661485 9591.5325
"626" 2020 672174.5 10660.68757
"627" 2020 693785.5 12092.681265
"628" 2020 735219 14083.119945
"629" 2020 670627 14374.889745
"630" 2020 569580.5 13800.935515
"631" 2020 553056 14835.7272
"632" 2020 525998 15545.87089
"633" 2020 473217 15755.760015
"634" 2020 417563.5 15831.9201025
"635" 2020 394693 16851.417635
"636" 2020 390247.5 18421.6332375
"637" 2020 372950 19546.3095
"638" 2020 347524 20517.81696
"639" 2020 319151.5 21354.426865
"640" 2020 290902.5 21883.1405625
"641" 2020 260269.5 21996.6767925
"642" 2020 231244.5 21957.8214975
"643" 2020 208252.5 22201.799025
"644" 2020 185676 22158.57384
"645" 2020 164036.07 21792.1918995
"646" 2020 135465.27 20040.05471745
"647" 2020 111998.94 18389.6659533
"648" 2020 89229.32 16102.3230872
"649" 2020 72832.68 14495.8883004
"650" 2020 56054.14 12305.5653542
"651" 2020 42286.55 10136.5089005
"652" 2020 31418.73 8194.3189713
"653" 2020 22734.54 6424.5536586
"654" 2020 16543.27 5043.7121576
"655" 2020 12117.7 3968.425573
"656" 2020 5752.69 2014.7070918
"657" 2020 3049.74 1137.1260564
"658" 2020 1813.9 716.8623495
"659" 2020 1187.43 495.22361865
"660" 2020 671 294.04562
"661" 2020 366.15 167.89625175
"662" 2020 178.68 85.3902786
"663" 2020 82.03 40.69959465
"664" 2020 35.25 18.09223875
"665" 2020 14.55 11.06898525
"666" 2020 8.8 8.8
"667" 2021 679460.09 2649.894351
"668" 2021 711800.3 131.6830555
"669" 2021 741272.67 85.24635705
"670" 2021 768247.91 61.4598328
"671" 2021 792759.45 59.45695875
"672" 2021 804812.58 68.4090693
"673" 2021 807905.41 60.59290575
"674" 2021 820064.7 45.1035585
"675" 2021 841324.71 42.0662355
"676" 2021 846784.28 50.8070568
"677" 2021 832303.11 58.2612177
"678" 2021 819881.35 61.49110125
"679" 2021 818720.09 81.872009
"680" 2021 808496.25 92.97706875
"681" 2021 787193.56 90.5272594
"682" 2021 764848.15 110.90298175
"683" 2021 744678.43 148.935686
"684" 2021 728736 196.75872
"685" 2021 715522.11 225.38946465
"686" 2021 724934.23 253.7269805
"687" 2021 755534.76 287.1032088
"688" 2021 787820.69 307.2500691
"689" 2021 810488.9 312.0382265
"690" 2021 834422.68 329.5969586
"691" 2021 853192.77 362.60692725
"692" 2021 855696.32 372.2278992
"693" 2021 868696.04 408.2871388
"694" 2021 883148.76 441.57438
"695" 2021 898744.52 471.840873
"696" 2021 921341.69 534.3781802
"697" 2021 921364.93 571.2462566
"698" 2021 908293.75 576.76653125
"699" 2021 908358.87 617.6840316
"700" 2021 901031.58 662.2582113
"701" 2021 893179.38 710.0776071
"702" 2021 895472.12 756.6739414
"703" 2021 882718.94 838.582993
"704" 2021 874869.37 914.23849165
"705" 2021 876875.09 951.40947265
"706" 2021 878756.16 1045.7198304
"707" 2021 881810 1115.48965
"708" 2021 864019.27 1162.10591815
"709" 2021 817620.43 1189.63772565
"710" 2021 783433.21 1261.3274681
"711" 2021 784693.64 1428.1424248
"712" 2021 799136.54 1590.2817146
"713" 2021 813167.51 1723.9151212
"714" 2021 838031.43 1877.1904032
"715" 2021 873961.28 2093.1372656
"716" 2021 906543.03 2402.3390295
"717" 2021 910134.21 2653.04122215
"718" 2021 910238.41 2808.08549485
"719" 2021 920936.03 3002.2514578
"720" 2021 926386.97 3274.77793895
"721" 2021 930799.46 3564.9619318
"722" 2021 932751.48 3926.8837308
"723" 2021 930346.22 4265.6374187
"724" 2021 914273.24 4502.795707
"725" 2021 892364.23 4845.5377689
"726" 2021 865349.46 5144.5025397
"727" 2021 831003.5 5347.5075225
"728" 2021 802789.08 5812.1929392
"729" 2021 783246.92 6222.8967794
"730" 2021 758213.56 6452.3973956
"731" 2021 728441.92 6836.4274192
"732" 2021 699562.39 7153.02543775
"733" 2021 683876.72 7580.7734412
"734" 2021 676218.37 8199.14773625
"735" 2021 658223.15 8757.65901075
"736" 2021 646737.62 9377.69549
"737" 2021 650776.28 10321.3118008
"738" 2021 660283.12 11508.7347816
"739" 2021 680471.65 13034.43445575
"740" 2021 719130.85 15414.56976975
"741" 2021 654681.7 15862.937591
"742" 2021 554976.93 14887.25614725
"743" 2021 535781.59 15835.02489245
"744" 2021 508459.6 16929.162382
"745" 2021 455196.76 17258.7851554
"746" 2021 399943.26 17075.5774857
"747" 2021 375583.4 17729.414397
"748" 2021 369194.56 19349.4868896
"749" 2021 350486.75 20692.73772
"750" 2021 324365.82 21703.3170162
"751" 2021 295193.21 22205.90922225
"752" 2021 266287.11 22505.25510165
"753" 2021 235436.05 22355.83012775
"754" 2021 206615.3 22027.257133
"755" 2021 183019.09 21841.4982006
"756" 2021 160820.17 21364.9595845
"757" 2021 139681.24 20663.7442394
"758" 2021 113138.57 18576.78750115
"759" 2021 91451.69 16503.3719774
"760" 2021 71083.78 14147.8047334
"761" 2021 56644.04 12435.0661012
"762" 2021 42399.47 10163.5769537
"763" 2021 31105.38 8112.5941578
"764" 2021 22436.12 6340.2231508
"765" 2021 15705.33 4788.2410104
"766" 2021 11044.47 3616.9534803
"767" 2021 7730.27 2707.2951594
"768" 2021 3551.03 1324.0370458
"769" 2021 1816.74 717.9847317
"770" 2021 1054.68 439.8595674
"771" 2021 669.47 293.3751434
"772" 2021 352.65 161.70589425
"773" 2021 182.32 87.1298164
"774" 2021 83.26 41.3098653
"775" 2021 35.76 18.3539988
"776" 2021 13.68 10.4071284
"777" 2021 6.28 6.28
