"year" "population" "expected"
"1" 2015 6056 24.5066133333333
"2" 2015 6380 1.47803333333333
"3" 2015 6347 0.803953333333333
"4" 2015 6428 0.6428
"5" 2015 6473 0.6473
"6" 2015 6192 0.1548
"7" 2015 6179 0.154475
"8" 2015 6137 0.153425
"9" 2015 6237 0.155925
"10" 2015 6130 0.3065
"11" 2015 6112 0.1528
"12" 2015 6083 0
"13" 2015 6121 0.479478333333333
"14" 2015 6236 0.488486666666667
"15" 2015 6636 0.17696
"16" 2015 6362 0.498356666666667
"17" 2015 6403 1.61142166666667
"18" 2015 6585 1.635275
"19" 2015 6711 1.45405
"20" 2015 6528 2.62208
"21" 2015 6827 3.32247333333333
"22" 2015 6818 2.49993333333333
"23" 2015 6882 1.66315
"24" 2015 6931 1.58257833333333
"25" 2015 7245 1.968225
"26" 2015 7512 2.71684
"27" 2015 8042 2.11772666666667
"28" 2015 8067 2.164645
"29" 2015 8432 3.31658666666667
"30" 2015 8143 3.20291333333333
"31" 2015 8491 3.14167
"32" 2015 8467 3.73959166666667
"33" 2015 8753 3.73461333333333
"34" 2015 8906 2.83507666666667
"35" 2015 8738 2.91266666666667
"36" 2015 8718 3.6325
"37" 2015 8794 3.9573
"38" 2015 8634 4.96455
"39" 2015 8591 6.67234333333333
"40" 2015 8556 6.43126
"41" 2015 8431 5.33963333333333
"42" 2015 8378 5.82271
"43" 2015 8666 8.00160666666667
"44" 2015 9089 7.93772666666667
"45" 2015 8839 8.971585
"46" 2015 9017 12.3382616666667
"47" 2015 9094 13.4894333333333
"48" 2015 9123 15.767585
"49" 2015 9064 17.7050133333333
"50" 2015 9063 19.81776
"51" 2015 8941 22.3525
"52" 2015 8798 24.4291133333333
"53" 2015 8350 24.9943333333333
"54" 2015 8235 24.169725
"55" 2015 7856 23.6989333333333
"56" 2015 7641 24.820515
"57" 2015 7357 26.963405
"58" 2015 7192 34.2578933333333
"59" 2015 6788 34.3925333333333
"60" 2015 6392 33.14252
"61" 2015 6458 40.4163166666667
"62" 2015 6062 42.61586
"63" 2015 5858 48.18205
"64" 2015 5246 47.0391333333333
"65" 2015 5297 47.6288583333333
"66" 2015 5259 52.60753
"67" 2015 5079 57.15568
"68" 2015 4891 62.9634733333333
"69" 2015 4471 65.85783
"70" 2015 3912 60.54472
"71" 2015 3913 63.0645166666667
"72" 2015 3931 69.4476666666667
"73" 2015 3733 70.2488383333333
"74" 2015 3396 75.94022
"75" 2015 3448 89.33768
"76" 2015 3534 91.44814
"77" 2015 3246 94.78861
"78" 2015 3045 101.241175
"79" 2015 2912 100.036906666667
"80" 2015 2776 105.802613333333
"81" 2015 2554 112.882543333333
"82" 2015 2495 126.084825
"83" 2015 2362 136.200793333333
"84" 2015 2307.62 151.5067911
"85" 2015 2107.37 157.17819145
"86" 2015 1987.57 167.986103783333
"87" 2015 1628.46 155.5423569
"88" 2015 1429.78 153.889604366667
"89" 2015 1188.4 143.695386
"90" 2015 947 128.219065
"91" 2015 752.53 113.69599505
"92" 2015 593.08 99.6275553333333
"93" 2015 458.33 85.2776436833333
"94" 2015 382.51 78.5152776333333
"95" 2015 269.19 60.70638285
"96" 2015 189.14 46.6624141666667
"97" 2015 84.53 22.7137745333333
"98" 2015 74.74 21.775499
"99" 2015 55.11 17.32943135
"100" 2015 44.81 15.1371914166667
"101" 2015 39.8 14.375959
"102" 2015 13 4.99737333333333
"103" 2015 12 4.88654
"104" 2015 4 1.71757333333333
"105" 2015 2 0.901523333333333
"106" 2015 2 0.942313333333333
"107" 2015 5 2.452225
"108" 2015 0 0
"109" 2015 0 0
"110" 2015 0 0
"111" 2015 0 0
"112" 2016 6100 24.6846666666667
"113" 2016 6342 1.46923
"114" 2016 6558 0.83068
"115" 2016 6490 0.649
"116" 2016 6536 0.6536
"117" 2016 6606 0.16515
"118" 2016 6301 0.157525
"119" 2016 6296 0.1574
"120" 2016 6275 0.156875
"121" 2016 6324 0.3162
"122" 2016 6234 0.15585
"123" 2016 6170 0
"124" 2016 6191 0.484961666666667
"125" 2016 6171 0.483395
"126" 2016 6297 0.16792
"127" 2016 6711 0.525695
"128" 2016 6445 1.62199166666667
"129" 2016 6491 1.61193166666667
"130" 2016 6672 1.4456
"131" 2016 6867 2.758245
"132" 2016 6746 3.28305333333333
"133" 2016 7123 2.61176666666667
"134" 2016 6992 1.68973333333333
"135" 2016 7181 1.63966166666667
"136" 2016 7335 1.992675
"137" 2016 7849 2.83872166666667
"138" 2016 8049 2.11957
"139" 2016 8624 2.31410666666667
"140" 2016 8506 3.34569333333333
"141" 2016 8880 3.4928
"142" 2016 8570 3.1709
"143" 2016 8856 3.9114
"144" 2016 8787 3.74912
"145" 2016 8997 2.864045
"146" 2016 9191 3.06366666666667
"147" 2016 8998 3.74916666666667
"148" 2016 8975 4.03875
"149" 2016 9022 5.18765
"150" 2016 8801 6.83544333333333
"151" 2016 8776 6.59662666666667
"152" 2016 8727 5.5271
"153" 2016 8615 5.987425
"154" 2016 8588 7.92958666666667
"155" 2016 8844 7.72376
"156" 2016 9182 9.31973
"157" 2016 8905 12.1850083333333
"158" 2016 9127 13.5383833333333
"159" 2016 9209 15.9162216666667
"160" 2016 9215 17.9999666666667
"161" 2016 9148 20.0036266666667
"162" 2016 9133 22.8325
"163" 2016 8998 24.9844466666667
"164" 2016 8860 26.5209333333333
"165" 2016 8402 24.65987
"166" 2016 8285 24.9930833333333
"167" 2016 7902 25.66833
"168" 2016 7650 28.03725
"169" 2016 7393 35.2153233333333
"170" 2016 7215 36.556
"171" 2016 6757 35.035045
"172" 2016 6352 39.7529333333333
"173" 2016 6399 44.98497
"174" 2016 6024 49.5474
"175" 2016 5827 52.2487666666667
"176" 2016 5200 46.7566666666667
"177" 2016 5266 52.6775533333333
"178" 2016 5197 58.4835733333333
"179" 2016 5050 65.0103333333333
"180" 2016 4840 71.2932
"181" 2016 4407 68.20567
"182" 2016 3861 62.22645
"183" 2016 3879 68.529
"184" 2016 3861 72.657585
"185" 2016 3683 82.3580183333333
"186" 2016 3320 86.0212
"187" 2016 3365 87.0749833333333
"188" 2016 3450 100.74575
"189" 2016 3174 105.53021
"190" 2016 2955 101.5141
"191" 2016 2812 107.174693333333
"192" 2016 2682 118.53993
"193" 2016 2419 122.244165
"194" 2016 2368 136.546773333333
"195" 2016 2259 148.314645
"196" 2016 2151.62 160.4785777
"197" 2016 1948.37 164.672985116667
"198" 2016 1826.57 174.46483355
"199" 2016 1456.46 156.761217233333
"200" 2016 1277.78 154.5027687
"201" 2016 1025.4 138.834033
"202" 2016 822 124.19187
"203" 2016 632.53 106.254497833333
"204" 2016 478.08 88.9523616
"205" 2016 382.33 78.4783302333333
"206" 2016 304.51 68.67157265
"207" 2016 197.19 48.64841625
"208" 2016 133.14 35.7756056
"209" 2016 59.53 17.3440655
"210" 2016 55.74 17.5275359
"211" 2016 35.11 11.8604505833333
"212" 2016 34.81 12.57354605
"213" 2016 22.8 8.764624
"214" 2016 7 2.85048166666667
"215" 2016 7 3.00575333333333
"216" 2016 2 0.901523333333333
"217" 2016 1 0.471156666666667
"218" 2016 2 0.98089
"219" 2016 1 0.508521666666667
"220" 2016 0 0
"221" 2016 0 0
"222" 2016 0 0
"223" 2017 6128 24.7979733333333
"224" 2017 6371 1.47594833333333
"225" 2017 6574 0.832706666666667
"226" 2017 6532 0.6532
"227" 2017 6458 0.6458
"228" 2017 6286 0.15715
"229" 2017 6642 0.16605
"230" 2017 6460 0.1615
"231" 2017 6468 0.1617
"232" 2017 6399 0.31995
"233" 2017 6399 0.159975
"234" 2017 6348 0
"235" 2017 6331 0.495928333333333
"236" 2017 6236 0.488486666666667
"237" 2017 6291 0.16776
"238" 2017 6393 0.500785
"239" 2017 6778 1.70579666666667
"240" 2017 6587 1.63577166666667
"241" 2017 6532 1.41526666666667
"242" 2017 6958 2.79479666666667
"243" 2017 7159 3.48404666666667
"244" 2017 7019 2.57363333333333
"245" 2017 7306 1.76561666666667
"246" 2017 7570 1.72848333333333
"247" 2017 7986 2.16953
"248" 2017 8047 2.91033166666667
"249" 2017 8670 2.2831
"250" 2017 8717 2.33906166666667
"251" 2017 8971 3.52859333333333
"252" 2017 8760 3.4456
"253" 2017 9065 3.35405
"254" 2017 8880 3.922
"255" 2017 9027 3.85152
"256" 2017 9091 2.89396833333333
"257" 2017 9390 3.13
"258" 2017 9332 3.88833333333333
"259" 2017 9363 4.21335
"260" 2017 9175 5.275625
"261" 2017 9112 7.07698666666667
"262" 2017 9124 6.85820666666667
"263" 2017 8911 5.64363333333333
"264" 2017 8949 6.219555
"265" 2017 8838 8.16042
"266" 2017 8765 7.65476666666667
"267" 2017 8913 9.046695
"268" 2017 9306 12.73371
"269" 2017 9096 13.4924
"270" 2017 9282 16.04239
"271" 2017 9269 18.1054466666667
"272" 2017 9341 20.4256533333333
"273" 2017 9184 22.96
"274" 2017 9262 25.7174866666667
"275" 2017 9190 27.5087333333333
"276" 2017 8906 26.13911
"277" 2017 8561 25.8256833333333
"278" 2017 8277 26.886455
"279" 2017 7939 29.096435
"280" 2017 7683 36.59669
"281" 2017 7417 37.5794666666667
"282" 2017 7099 36.808315
"283" 2017 6812 42.6317666666667
"284" 2017 6434 45.23102
"285" 2017 6342 52.16295
"286" 2017 6022 53.9972666666667
"287" 2017 5803 52.1786416666667
"288" 2017 5215 52.1673833333333
"289" 2017 5328 59.95776
"290" 2017 5210 67.0700666666667
"291" 2017 5054 74.44542
"292" 2017 4765 73.7463166666667
"293" 2017 4450 71.7191666666667
"294" 2017 3854 68.0873333333333
"295" 2017 3805 71.6037583333333
"296" 2017 3797 84.9072483333333
"297" 2017 3621 93.82011
"298" 2017 3270 84.6167
"299" 2017 3257 95.1098283333333
"300" 2017 3372 112.11338
"301" 2017 3096 106.35792
"302" 2017 2860 109.004133333333
"303" 2017 2706 119.60069
"304" 2017 2528 127.75248
"305" 2017 2328 134.24024
"306" 2017 2204 144.70362
"307" 2017 2046 152.60091
"308" 2017 1989.62 168.159366366667
"309" 2017 1772.37 169.28792055
"310" 2017 1655.57 178.191758383333
"311" 2017 1309.46 158.3333559
"312" 2017 1123.78 152.1541931
"313" 2017 892.4 134.828254
"314" 2017 708 118.9322
"315" 2017 526.53 97.96704935
"316" 2017 374.08 76.7849077333333
"317" 2017 295.33 66.60134495
"318" 2017 241.51 59.5825295833333
"319" 2017 145.19 39.0135209333333
"320" 2017 89.14 25.970939
"321" 2017 38.53 12.1158227166667
"322" 2017 36.74 12.4110781666667
"323" 2017 25.11 9.06985755
"324" 2017 18.81 7.2308148
"325" 2017 14.8 6.02673266666667
"326" 2017 6 2.57636
"327" 2017 3 1.352285
"328" 2017 2 0.942313333333333
"329" 2017 1 0.490445
"330" 2017 2 1.01704333333333
"331" 2017 0 0
"332" 2017 0 0
"333" 2017 0 0
"334" 2018 6163 24.9396066666667
"335" 2018 6319 1.46390166666667
"336" 2018 6495 0.8227
"337" 2018 6649 0.6649
"338" 2018 6631 0.6631
"339" 2018 6531 0.163275
"340" 2018 6417 0.160425
"341" 2018 6725 0.168125
"342" 2018 6554 0.16385
"343" 2018 6557 0.32785
"344" 2018 6508 0.1627
"345" 2018 6454 0
"346" 2018 6415 0.502508333333333
"347" 2018 6397 0.501098333333333
"348" 2018 6307 0.168186666666667
"349" 2018 6378 0.49961
"350" 2018 6442 1.62123666666667
"351" 2018 6863 1.70431166666667
"352" 2018 6765 1.46575
"353" 2018 6665 2.67710833333333
"354" 2018 7159 3.48404666666667
"355" 2018 7358 2.69793333333333
"356" 2018 7344 1.7748
"357" 2018 7794 1.77963
"358" 2018 8181 2.222505
"359" 2018 8538 3.08791
"360" 2018 8516 2.24254666666667
"361" 2018 9191 2.46625166666667
"362" 2018 9110 3.58326666666667
"363" 2018 9369 3.68514
"364" 2018 9155 3.38735
"365" 2018 9351 4.130025
"366" 2018 9192 3.92192
"367" 2018 9268 2.95031333333333
"368" 2018 9306 3.102
"369" 2018 9578 3.99083333333333
"370" 2018 9489 4.27005
"371" 2018 9530 5.47975
"372" 2018 9289 7.21445666666667
"373" 2018 9233 6.94013833333333
"374" 2018 9284 5.87986666666667
"375" 2018 9039 6.282105
"376" 2018 9092 8.39494666666667
"377" 2018 8952 7.81808
"378" 2018 8888 9.02132
"379" 2018 9021 12.343735
"380" 2018 9345 13.86175
"381" 2018 9161 15.8332616666667
"382" 2018 9325 18.2148333333333
"383" 2018 9350 20.4453333333333
"384" 2018 9415 23.5375
"385" 2018 9278 25.7619133333333
"386" 2018 9293 27.8170466666667
"387" 2018 9188 26.96678
"388" 2018 8916 26.8966
"389" 2018 8519 27.6725516666667
"390" 2018 8256 30.25824
"391" 2018 7915 37.7017833333333
"392" 2018 7670 38.8613333333333
"393" 2018 7374 38.23419
"394" 2018 7035 44.027375
"395" 2018 6736 47.35408
"396" 2018 6349 52.220525
"397" 2018 6271 56.2299666666667
"398" 2018 5939 53.4015083333333
"399" 2018 5698 56.9989933333333
"400" 2018 5128 57.7070933333333
"401" 2018 5240 67.4562666666667
"402" 2018 5109 75.25557
"403" 2018 4972 76.9499866666667
"404" 2018 4667 75.2164833333333
"405" 2018 4368 77.168
"406" 2018 3784 71.2085733333333
"407" 2018 3709 82.9394216666667
"408" 2018 3700 95.867
"409" 2018 3519 91.05999
"410" 2018 3188 93.0949133333333
"411" 2018 3132 104.13378
"412" 2018 3261 112.02622
"413" 2018 2977 113.463393333333
"414" 2018 2732 120.749846666667
"415" 2018 2599 131.340465
"416" 2018 2401 138.449663333333
"417" 2018 2215 145.425825
"418" 2018 2055 153.272175
"419" 2018 1894 160.077723333333
"420" 2018 1832.62 175.0426993
"421" 2018 1603.37 172.573385383333
"422" 2018 1461.57 176.72573655
"423" 2018 1139.46 154.2771867
"424" 2018 971.78 146.8213813
"425" 2018 762.4 128.070493333333
"426" 2018 602 112.009123333333
"427" 2018 411.53 84.4720195666667
"428" 2018 304.08 68.5746012
"429" 2018 216.33 53.37041375
"430" 2018 177.51 47.6981204
"431" 2018 110.19 32.1038565
"432" 2018 67.14 21.1122849
"433" 2018 30.53 10.3132884166667
"434" 2018 26.74 9.6586217
"435" 2018 17.11 6.57731213333333
"436" 2018 12.81 5.21638145
"437" 2018 8.8 3.77866133333333
"438" 2018 3 1.352285
"439" 2018 1 0.471156666666667
"440" 2018 2 0.98089
"441" 2018 0 0
"442" 2018 1 0.525321666666667
"443" 2018 0 0
"444" 2018 0 0
"445" 2019 6328 25.6073066666667
"446" 2019 6433 1.49031166666667
"447" 2019 6489 0.82194
"448" 2019 6590 0.659
"449" 2019 6752 0.6752
"450" 2019 6730 0.16825
"451" 2019 6663 0.166575
"452" 2019 6507 0.162675
"453" 2019 6821 0.170525
"454" 2019 6634 0.3317
"455" 2019 6634 0.16585
"456" 2019 6550 0
"457" 2019 6528 0.51136
"458" 2019 6456 0.50572
"459" 2019 6492 0.17312
"460" 2019 6343 0.496868333333333
"461" 2019 6414 1.61419
"462" 2019 6515 1.61789166666667
"463" 2019 7016 1.52013333333333
"464" 2019 6918 2.77873
"465" 2019 6895 3.35556666666667
"466" 2019 7365 2.7005
"467" 2019 7632 1.8444
"468" 2019 7804 1.78191333333333
"469" 2019 8342 2.26624333333333
"470" 2019 8807 3.18519833333333
"471" 2019 9148 2.40897333333333
"472" 2019 9022 2.42090333333333
"473" 2019 9665 3.80156666666667
"474" 2019 9483 3.72998
"475" 2019 9733 3.60121
"476" 2019 9528 4.2082
"477" 2019 9674 4.12757333333333
"478" 2019 9440 3.00506666666667
"479" 2019 9488 3.16266666666667
"480" 2019 9534 3.9725
"481" 2019 9752 4.3884
"482" 2019 9635 5.540125
"483" 2019 9769 7.58725666666667
"484" 2019 9421 7.08145166666667
"485" 2019 9402 5.9546
"486" 2019 9413 6.542035
"487" 2019 9116 8.41710666666667
"488" 2019 9195 8.0303
"489" 2019 9051 9.186765
"490" 2019 8972 12.2766866666667
"491" 2019 9164 13.5932666666667
"492" 2019 9430 16.2981833333333
"493" 2019 9227 18.0234066666667
"494" 2019 9390 20.5328
"495" 2019 9430 23.575
"496" 2019 9491 26.3533433333333
"497" 2019 9287 27.7990866666667
"498" 2019 9322 27.36007
"499" 2019 9165 27.64775
"500" 2019 8922 28.98163
"501" 2019 8493 31.126845
"502" 2019 8247 39.28321
"503" 2019 7854 39.7936
"504" 2019 7614 39.47859
"505" 2019 7310 45.7484166666667
"506" 2019 6970 48.9991
"507" 2019 6688 55.0088
"508" 2019 6281 56.3196333333333
"509" 2019 6182 55.5864833333333
"510" 2019 5842 58.4394733333333
"511" 2019 5628 63.33376
"512" 2019 5054 65.0618266666667
"513" 2019 5166 76.09518
"514" 2019 5022 77.72382
"515" 2019 4892 78.8427333333333
"516" 2019 4575 80.825
"517" 2019 4278 80.50483
"518" 2019 3696 82.64872
"519" 2019 3633 94.13103
"520" 2019 3588 92.84548
"521" 2019 3413 99.6652883333333
"522" 2019 3104 103.202826666667
"523" 2019 3025 103.918833333333
"524" 2019 3130 119.294733333333
"525" 2019 2872 126.937613333333
"526" 2019 2626 132.70491
"527" 2019 2478 142.88974
"528" 2019 2232 146.54196
"529" 2019 2062 153.79427
"530" 2019 1881 158.978985
"531" 2019 1727 164.954405
"532" 2019 1657.62 178.4124033
"533" 2019 1434.37 173.43684855
"534" 2019 1289.57 174.60133015
"535" 2019 972.46 146.9241191
"536" 2019 810.78 136.197527
"537" 2019 639.4 118.967829666667
"538" 2019 472 96.8842933333333
"539" 2019 322.53 72.73535295
"540" 2019 246.08 60.7099866666667
"541" 2019 163.33 43.8878598666667
"542" 2019 134.51 39.1894885
"543" 2019 83.19 26.15923415
"544" 2019 47.14 15.9242848333333
"545" 2019 18.53 6.69312865
"546" 2019 16.74 6.4350792
"547" 2019 11.11 4.52412161666667
"548" 2019 8.81 3.78295526666667
"549" 2019 6.8 3.06517933333333
"550" 2019 2 0.942313333333333
"551" 2019 0 0
"552" 2019 2 1.01704333333333
"553" 2019 0 0
"554" 2019 1 0.766698333333333
"555" 2019 0 0
"556" 2020 6356 25.7206133333333
"557" 2020 6604 1.52992666666667
"558" 2020 6645 0.8417
"559" 2020 6653 0.6653
"560" 2020 6724 0.6724
"561" 2020 6837 0.170925
"562" 2020 6878 0.17195
"563" 2020 6749 0.168725
"564" 2020 6609 0.165225
"565" 2020 6921 0.34605
"566" 2020 6687 0.167175
"567" 2020 6724 0
"568" 2020 6593 0.516451666666667
"569" 2020 6598 0.516843333333333
"570" 2020 6499 0.173306666666667
"571" 2020 6528 0.51136
"572" 2020 6435 1.619475
"573" 2020 6499 1.61391833333333
"574" 2020 6674 1.44603333333333
"575" 2020 7195 2.88999166666667
"576" 2020 7140 3.4748
"577" 2020 7113 2.6081
"578" 2020 7728 1.8676
"579" 2020 8116 1.85315333333333
"580" 2020 8443 2.29368166666667
"581" 2020 8949 3.236555
"582" 2020 9336 2.45848
"583" 2020 9685 2.59880833333333
"584" 2020 9499 3.73627333333333
"585" 2020 10104 3.97424
"586" 2020 9838 3.64006
"587" 2020 10090 4.45641666666667
"588" 2020 9849 4.20224
"589" 2020 9989 3.17983166666667
"590" 2020 9667 3.22233333333333
"591" 2020 9708 4.045
"592" 2020 9787 4.40415
"593" 2020 9922 5.70515
"594" 2020 9807 7.61677
"595" 2020 9927 7.461795
"596" 2020 9530 6.03566666666667
"597" 2020 9518 6.61501
"598" 2020 9555 8.82245
"599" 2020 9220 8.05213333333333
"600" 2020 9235 9.373525
"601" 2020 9170 12.5476166666667
"602" 2020 8980 13.3203333333333
"603" 2020 9231 15.954245
"604" 2020 9489 18.53518
"605" 2020 9264 20.25728
"606" 2020 9426 23.565
"607" 2020 9481 26.3255766666667
"608" 2020 9503 28.4456466666667
"609" 2020 9256 27.16636
"610" 2020 9334 28.1575666666667
"611" 2020 9180 29.8197
"612" 2020 8898 32.61117
"613" 2020 8494 40.4597533333333
"614" 2020 8181 41.4504
"615" 2020 7796 40.42226
"616" 2020 7547 47.2316416666667
"617" 2020 7219 50.74957
"618" 2020 6865 56.464625
"619" 2020 6606 59.2338
"620" 2020 6238 56.0900166666667
"621" 2020 6095 60.9703166666667
"622" 2020 5781 65.05552
"623" 2020 5539 71.3053933333333
"624" 2020 5019 73.92987
"625" 2020 5076 78.55956
"626" 2020 4937 79.5679833333333
"627" 2020 4811 84.9943333333333
"628" 2020 4502 84.7201366666667
"629" 2020 4199 93.8966383333333
"630" 2020 3611 93.56101
"631" 2020 3557 92.0433033333333
"632" 2020 3499 102.176631666667
"633" 2020 3320 110.384466666667
"634" 2020 3011 103.437886666667
"635" 2020 2905 110.719233333333
"636" 2020 3012 133.12538
"637" 2020 2744 138.66804
"638" 2020 2508 144.61964
"639" 2020 2328 152.84484
"640" 2020 2076 154.83846
"641" 2020 1904 160.922906666667
"642" 2020 1699 162.279985
"643" 2020 1551 166.936715
"644" 2020 1477.62 178.6664223
"645" 2020 1276.37 172.81411615
"646" 2020 1119.57 169.15023345
"647" 2020 829.46 139.335455666667
"648" 2020 652.78 121.457334766667
"649" 2020 512.4 105.176932
"650" 2020 377 85.019155
"651" 2020 258.53 63.7815054166667
"652" 2020 198.08 53.2254165333333
"653" 2020 123.33 35.9321955
"654" 2020 99.51 31.29108535
"655" 2020 59.19 19.99487525
"656" 2020 28.14 10.1643087
"657" 2020 12.53 4.81669906666667
"658" 2020 10.74 4.3734533
"659" 2020 8.11 3.48237993333333
"660" 2020 5.81 2.61892528333333
"661" 2020 4.8 2.261552
"662" 2020 0 0
"663" 2020 0 0
"664" 2020 0 0
"665" 2020 0 0
"666" 2020 0 0
"667" 2021 6490 26.2628666666667
"668" 2021 6571 1.52228166666667
"669" 2021 6705 0.8493
"670" 2021 6763 0.6763
"671" 2021 6726 0.6726
"672" 2021 6784 0.1696
"673" 2021 6947 0.173675
"674" 2021 6961 0.174025
"675" 2021 6876 0.1719
"676" 2021 6691 0.33455
"677" 2021 6957 0.173925
"678" 2021 6771 0
"679" 2021 6816 0.53392
"680" 2021 6691 0.524128333333333
"681" 2021 6646 0.177226666666667
"682" 2021 6534 0.51183
"683" 2021 6566 1.65244333333333
"684" 2021 6499 1.61391833333333
"685" 2021 6648 1.4404
"686" 2021 6824 2.74097333333333
"687" 2021 7362 3.58284
"688" 2021 7266 2.6642
"689" 2021 7363 1.77939166666667
"690" 2021 8153 1.86160166666667
"691" 2021 8570 2.32818333333333
"692" 2021 8877 3.210515
"693" 2021 9276 2.44268
"694" 2021 9669 2.594515
"695" 2021 10014 3.93884
"696" 2021 9764 3.84050666666667
"697" 2021 10340 3.8258
"698" 2021 10112 4.46613333333333
"699" 2021 10341 4.41216
"700" 2021 10056 3.20116
"701" 2021 10201 3.40033333333333
"702" 2021 9780 4.075
"703" 2021 9830 4.4235
"704" 2021 9848 5.6626
"705" 2021 10022 7.78375333333333
"706" 2021 9905 7.44525833333333
"707" 2021 9999 6.3327
"708" 2021 9627 6.690765
"709" 2021 9630 8.8917
"710" 2021 9645 8.4233
"711" 2021 9289 9.428335
"712" 2021 9305 12.7323416666667
"713" 2021 9221 13.6778166666667
"714" 2021 9015 15.580925
"715" 2021 9247 18.0624733333333
"716" 2021 9473 20.7142933333333
"717" 2021 9274 23.185
"718" 2021 9451 26.2422766666667
"719" 2021 9494 28.4187066666667
"720" 2021 9496 27.87076
"721" 2021 9242 27.8800333333333
"722" 2021 9303 30.219245
"723" 2021 9168 33.60072
"724" 2021 8848 42.1459733333333
"725" 2021 8436 42.7424
"726" 2021 8104 42.01924
"727" 2021 7698 48.17665
"728" 2021 7430 52.2329
"729" 2021 7120 58.562
"730" 2021 6788 60.8657333333333
"731" 2021 6475 58.2210416666667
"732" 2021 6121 61.2304033333333
"733" 2021 5981 67.3061866666667
"734" 2021 5696 73.3265066666667
"735" 2021 5438 80.10174
"736" 2021 4934 76.3618733333333
"737" 2021 4972 80.1320666666667
"738" 2021 4844 85.5773333333333
"739" 2021 4700 88.4461666666667
"740" 2021 4391 98.1900783333333
"741" 2021 4097 106.15327
"742" 2021 3506 90.7235933333333
"743" 2021 3471 101.358985
"744" 2021 3375 112.213125
"745" 2021 3195 109.7589
"746" 2021 2890 110.147533333333
"747" 2021 2785 123.092358333333
"748" 2021 2856 144.32796
"749" 2021 2612 150.616626666667
"750" 2021 2357 154.748835
"751" 2021 2172 161.99862
"752" 2021 1919 162.190681666667
"753" 2021 1741 166.291615
"754" 2021 1523 163.923028333333
"755" 2021 1369 165.532635
"756" 2021 1288.62 174.4727049
"757" 2021 1087.37 164.28529645
"758" 2021 937.57 157.496133833333
"759" 2021 660.46 122.886288366667
"760" 2021 523.78 107.512828733333
"761" 2021 397.4 89.619661
"762" 2021 297 73.272375
"763" 2021 194.53 52.2715078666667
"764" 2021 142.08 41.395008
"765" 2021 91.33 28.7188707166667
"766" 2021 70.51 23.8188655833333
"767" 2021 34.19 12.34959895
"768" 2021 20.14 7.74208453333333
"769" 2021 8.53 3.47351551666667
"770" 2021 3.74 1.60593106666667
"771" 2021 4.11 1.85263045
"772" 2021 2.81 1.32395023333333
"773" 2021 0.8 0.392356
"774" 2021 0 0
"775" 2021 0 0
"776" 2021 0 0
"777" 2021 0 0
