"year" "population" "expected"
"1" 2015 985232.29 1835.81616703333
"2" 2015 1002201.04 232.176574266667
"3" 2015 1010382.39 146.50544655
"4" 2015 1030106.68 118.4622682
"5" 2015 1037479.65 95.10230125
"6" 2015 1044086.32 83.5269056
"7" 2015 1062740.7 77.934318
"8" 2015 1062683.38 67.3032807333333
"9" 2015 1055227.07 65.0723359833333
"10" 2015 1054646.51 65.0365347833333
"11" 2015 1083909.99 66.84111605
"12" 2015 1108268.32 79.4258962666667
"13" 2015 1137843.48 98.6131016
"14" 2015 1158044.3 119.664577666667
"15" 2015 1180467.84 145.5910336
"16" 2015 1187303.53 172.15901185
"17" 2015 1200569.8 210.099715
"18" 2015 1200323 260.069983333333
"19" 2015 1189935.62 301.450357066667
"20" 2015 1198481.04 353.5519068
"21" 2015 1197115.57 391.057752866667
"22" 2015 1175682.12 405.6103314
"23" 2015 1179952.7 416.916620666667
"24" 2015 1177169.47 408.085416266667
"25" 2015 1187408.35 409.65588075
"26" 2015 1213099.15 420.541038666667
"27" 2015 1252116.41 442.414464866667
"28" 2015 1289419.79 470.63822335
"29" 2015 1318659.48 498.8928366
"30" 2015 1367273.79 556.0246746
"31" 2015 1415449.4 606.284159666667
"32" 2015 1442073.51 639.3192561
"33" 2015 1447745.03 673.20143895
"34" 2015 1464602.09 722.537031066667
"35" 2015 1519639.99 797.81099475
"36" 2015 1567551.72 859.5408598
"37" 2015 1628318.38 938.996932466667
"38" 2015 1679932.76 1038.75842326667
"39" 2015 1754796.26 1178.63815463333
"40" 2015 1837130.77 1368.66242365
"41" 2015 1935892.24 1571.29920146667
"42" 2015 1987488.31 1719.17738815
"43" 2015 1967813.44 1849.7446336
"44" 2015 1919288.17 1986.46325595
"45" 2015 1862163.98 2144.59218363333
"46" 2015 1826551.43 2322.76456848333
"47" 2015 1789752.87 2490.73941075
"48" 2015 1779595.29 2767.27067595
"49" 2015 1484472.87 2575.56042945
"50" 2015 1635311.48 3101.64077373333
"51" 2015 1635358.85 3344.30884825
"52" 2015 1577512.87 3512.59532386667
"53" 2015 1530125.91 3799.8126765
"54" 2015 1501187.62 4110.75209943333
"55" 2015 1503766.41 4393.50419455
"56" 2015 1528942.63 4846.7481371
"57" 2015 1505244.4 5250.79421533333
"58" 2015 1463710.92 5537.706314
"59" 2015 1510169.49 6242.033892
"60" 2015 1568286.5 7125.24833166667
"61" 2015 1582270.6 7816.416764
"62" 2015 1658203.32 8893.4971396
"63" 2015 1755962.7 10339.6936985
"64" 2015 1857895.51 12011.29447215
"65" 2015 1985990.4 14004.542304
"66" 2015 2160568.72 16722.8018928
"67" 2015 2188253.64 18702.2744432
"68" 2015 2093097.56 19744.8869826667
"69" 2015 1476944.38 15362.6831259667
"70" 2015 1347001.25 15335.60923125
"71" 2015 1586232.44 19658.7073730667
"72" 2015 1611060.31 21751.9992855167
"73" 2015 1619204.51 23848.1837581167
"74" 2015 1581907.6 25663.8142973333
"75" 2015 1447124.2 25922.8181693333
"76" 2015 1258289.7 24863.804472
"77" 2015 1255687.1 27472.3409361667
"78" 2015 1279231.22 31010.6968248333
"79" 2015 1262308.17 34170.6821619
"80" 2015 1191430.37 36503.4408195167
"81" 2015 1098874.04 38202.3560006
"82" 2015 1049444.09 41115.4703727167
"83" 2015 990812.05 43741.0493006667
"84" 2015 900478.49 45082.45560185
"85" 2015 826671.44 47085.8274366667
"86" 2015 751271.91 48575.98958075
"87" 2015 690127.2 50730.10026
"88" 2015 596965.68 49645.6558344
"89" 2015 533899.82 49942.7688288667
"90" 2015 461370.51 48634.6033608
"91" 2015 370822.84 43988.2413569333
"92" 2015 307976.12 40753.9666660667
"93" 2015 244816.85 36077.8431283333
"94" 2015 200024.11 32800.6203048333
"95" 2015 163069.82 29669.7383999
"96" 2015 111709.52 22517.4741289333
"97" 2015 83297.38 18521.4501009333
"98" 2015 64321.57 15716.3324138
"99" 2015 46427.82 12414.4895492
"100" 2015 32915.59 9589.02453811666
"101" 2015 22795.41 7200.88005725
"102" 2015 14658.49 4996.1997316
"103" 2015 9004.51 3294.54010376667
"104" 2015 5450.03 2129.34488776667
"105" 2015 3049.28 1265.53251413333
"106" 2015 1695.06 743.4109395
"107" 2015 938.83 432.900771866667
"108" 2015 478.26 230.7245805
"109" 2015 188.73 94.81575015
"110" 2015 86.03 65.0393969166667
"111" 2015 105.03 105.03
"112" 2016 964116.36 1796.4701508
"113" 2016 960022.08 222.4051152
"114" 2016 989857.41 143.52932445
"115" 2016 1003323.47 115.38219905
"116" 2016 1026500.09 94.0958415833333
"117" 2016 1036788.47 82.9430776
"118" 2016 1045853.98 76.6959585333333
"119" 2016 1063941.75 67.3829775
"120" 2016 1063254.22 65.5673435666667
"121" 2016 1055629.56 65.0971562
"122" 2016 1055609.79 65.09593705
"123" 2016 1084937.95 77.7538864166666
"124" 2016 1109060.84 96.1186061333333
"125" 2016 1139102.25 117.7072325
"126" 2016 1159483.2 143.002928
"127" 2016 1182796.86 171.5055447
"128" 2016 1189748.23 208.20594025
"129" 2016 1202686.82 260.582144333333
"130" 2016 1202414.86 304.611764533333
"131" 2016 1191828.17 351.58931015
"132" 2016 1197773.07 391.2725362
"133" 2016 1193995.59 411.92847855
"134" 2016 1171615.04 413.970647466667
"135" 2016 1175722.99 407.583969866667
"136" 2016 1174126.01 405.07347345
"137" 2016 1185957.68 411.131995733333
"138" 2016 1212685.36 428.482160533333
"139" 2016 1252664.15 457.22241475
"140" 2016 1290771.7 488.341959833333
"141" 2016 1319830.51 536.731074066667
"142" 2016 1367978.17 585.950649483333
"143" 2016 1416384.51 627.9304661
"144" 2016 1443488.37 671.22209205
"145" 2016 1449248.07 714.9623812
"146" 2016 1465850.23 769.57137075
"147" 2016 1520658.69 833.82784835
"148" 2016 1568760.89 904.652113233333
"149" 2016 1628985.94 1007.25630623333
"150" 2016 1680517.71 1128.74772855
"151" 2016 1755231.48 1307.6474526
"152" 2016 1836818.22 1490.8841219
"153" 2016 1935566.03 1674.26461595
"154" 2016 1987239.34 1868.0049796
"155" 2016 1967703.31 2036.57292585
"156" 2016 1918764.97 2209.77765711667
"157" 2016 1860968.2 2366.53122766667
"158" 2016 1825048.98 2539.8598305
"159" 2016 1787766.4 2779.976752
"160" 2016 1777530.49 3084.01540015
"161" 2016 1482600.87 2811.9996501
"162" 2016 1632564.1 3338.5935845
"163" 2016 1632678.65 3635.43112733333
"164" 2016 1574469.32 3909.93214466667
"165" 2016 1526852.28 4181.0304934
"166" 2016 1497569.89 4375.40002861667
"167" 2016 1499653.33 4753.9010561
"168" 2016 1524611.97 5318.35475535
"169" 2016 1500463.61 5676.75399116667
"170" 2016 1458721.01 6029.38017466667
"171" 2016 1504775.14 6836.69505273333
"172" 2016 1561990.11 7716.2311434
"173" 2016 1575212.88 8448.3917464
"174" 2016 1649915.52 9715.2525536
"175" 2016 1746798.78 11293.0541127
"176" 2016 1847022.07 13024.5839636167
"177" 2016 1972428.07 15266.5932618
"178" 2016 2144605.45 18329.2279126667
"179" 2016 2169662.32 20467.1478853333
"180" 2016 2073020.04 21562.8634494
"181" 2016 1461255.95 16636.39899075
"182" 2016 1330869.96 16493.9150376
"183" 2016 1565917.08 21142.4904418
"184" 2016 1588328.79 23393.43586205
"185" 2016 1594363.15 25865.8848368333
"186" 2016 1555381.76 27862.0719274667
"187" 2016 1420455.18 28068.1943568
"188" 2016 1232671.71 26968.80256195
"189" 2016 1226743.24 29738.3007096667
"190" 2016 1246334.33 33738.2703131
"191" 2016 1225894.47 37559.36340335
"192" 2016 1152616.81 40070.72339965
"193" 2016 1058512.49 41470.7551707167
"194" 2016 1006079.41 44415.0523534667
"195" 2016 944397.41 47281.25633165
"196" 2016 852657.82 48565.9683308333
"197" 2016 776886.53 50232.1882189167
"198" 2016 700473.38 51490.6307081667
"199" 2016 637234.49 52994.5443033667
"200" 2016 545697.29 51046.3434975667
"201" 2016 482275.9 50838.3102053333
"202" 2016 411495.49 48812.9666754333
"203" 2016 325608.33 43087.20762835
"204" 2016 266656.66 39296.3031286667
"205" 2016 208021.9 34112.1245683333
"206" 2016 166624.47 30316.48919415
"207" 2016 132907.52 26790.3903189333
"208" 2016 88702.77 19723.3565854
"209" 2016 64645.59 15795.5034606
"210" 2016 48410.27 12944.5834628667
"211" 2016 33925.23 9883.15454565
"212" 2016 23309.53 7363.28628091667
"213" 2016 15609.22 5320.2465448
"214" 2016 9684.97 3543.50454036667
"215" 2016 5787.27 2261.1056799
"216" 2016 3399.63 1410.9371068
"217" 2016 1790.42 785.2334515
"218" 2016 968.58 446.6186952
"219" 2016 521.57 251.61840725
"220" 2016 279.14 140.236679366667
"221" 2016 99.67 75.3513505833333
"222" 2016 94.01 94.01
"223" 2017 973793.85 1814.5025405
"224" 2017 967135.02 224.0529463
"225" 2017 965082.52 139.9369654
"226" 2017 992619.91 114.15128965
"227" 2017 1005260.06 92.1488388333333
"228" 2017 1027956.67 82.2365336
"229" 2017 1038939.68 76.1889098666667
"230" 2017 1047573.23 66.3463045666667
"231" 2017 1065322.04 65.6948591333333
"232" 2017 1064972.74 65.6733189666667
"233" 2017 1057464.06 65.2102837
"234" 2017 1057347.52 75.7765722666667
"235" 2017 1087342.61 94.2363595333333
"236" 2017 1110373.31 114.738575366667
"237" 2017 1140791.14 140.697573933333
"238" 2017 1161199.78 168.3739681
"239" 2017 1181230.22 206.7152885
"240" 2017 1186705.82 257.119594333333
"241" 2017 1199400.53 303.848134266667
"242" 2017 1199560.65 353.87039175
"243" 2017 1190995.37 389.058487533333
"244" 2017 1198083.9 413.3389455
"245" 2017 1195590.68 422.442040266667
"246" 2017 1173259.99 406.730129866667
"247" 2017 1177633.64 406.2836058
"248" 2017 1176189.12 407.7455616
"249" 2017 1188469.62 419.9259324
"250" 2017 1215044.87 443.49137755
"251" 2017 1255102.36 474.847059533333
"252" 2017 1293503.61 526.0248014
"253" 2017 1322256.16 566.366388533333
"254" 2017 1370028.99 607.3795189
"255" 2017 1418793.19 659.73883335
"256" 2017 1445721.93 713.2228188
"257" 2017 1451301.79 761.93343975
"258" 2017 1467381.87 804.61439205
"259" 2017 1522444.81 877.943173766667
"260" 2017 1570292.45 970.964164916667
"261" 2017 1630256.45 1094.98891558333
"262" 2017 1681591.62 1252.7857569
"263" 2017 1756170.7 1425.42521816667
"264" 2017 1836923.25 1588.93861125
"265" 2017 1935877.09 1819.7244646
"266" 2017 1987811.97 2057.38538895
"267" 2017 1968399.74 2266.94036723333
"268" 2017 1918654.72 2439.88925226667
"269" 2017 1860571.55 2589.29540708333
"270" 2017 1824489.37 2837.08097035
"271" 2017 1786719.84 3099.9589224
"272" 2017 1776041.8 3368.55928066667
"273" 2017 1480804.85 3028.24591825
"274" 2017 1630012.41 3629.4942996
"275" 2017 1630031.76 4047.912204
"276" 2017 1571564.07 4303.46627835
"277" 2017 1524286.87 4453.45813851667
"278" 2017 1494135.38 4736.4091546
"279" 2017 1495684.23 5217.44515565
"280" 2017 1519982.8 5750.60159333333
"281" 2017 1495343.79 6180.754332
"282" 2017 1453341.71 6603.01583576667
"283" 2017 1498403.9 7402.115266
"284" 2017 1554328.51 8336.38190863333
"285" 2017 1566555.49 9224.40091028333
"286" 2017 1639997.64 10602.5847426
"287" 2017 1734450.59 12230.7674104833
"288" 2017 1832793.52 14185.8218448
"289" 2017 1955979.1 16717.1013746667
"290" 2017 2125793.55 20053.319155
"291" 2017 2148293.61 22345.83403335
"292" 2017 2050639.12 23346.5263812
"293" 2017 1443134.61 17885.2482666
"294" 2017 1312856.53 17725.7512492167
"295" 2017 1543997.24 22740.5060164667
"296" 2017 1564259.15 25377.4976101667
"297" 2017 1567808.78 28084.6812790667
"298" 2017 1527070.18 30174.9067568
"299" 2017 1391825.3 30450.8178551667
"300" 2017 1204956.45 29210.15260875
"301" 2017 1195951.89 32374.4176623
"302" 2017 1211703.59 37124.5784916167
"303" 2017 1187559.22 41285.4962833
"304" 2017 1111855.75 43560.6551920833
"305" 2017 1016049.12 44855.1818176
"306" 2017 960029.43 48063.87341295
"307" 2017 896139.08 51042.5884316667
"308" 2017 802176.4 51867.3890633333
"309" 2017 725345.63 53318.9483519167
"310" 2017 648031.59 53892.4671297
"311" 2017 583571.25 54589.1999625
"312" 2017 494106.7 52085.4342693333
"313" 2017 430231.07 51035.4436269667
"314" 2017 361942.85 47895.2941024167
"315" 2017 282098 41571.8419333333
"316" 2017 226726.17 37179.3131105
"317" 2017 173753.12 31613.5114184
"318" 2017 136176.94 27449.4127573667
"319" 2017 105886.84 23544.2918301333
"320" 2017 69137.2 16892.983448
"321" 2017 48945.03 13087.5747218
"322" 2017 35659.29 10388.32379495
"323" 2017 24066.62 7602.44470283333
"324" 2017 15847.39 5401.4244076
"325" 2017 10353.34 3788.04552806667
"326" 2017 6144.83 2400.80556376667
"327" 2017 3592.39 1490.93764706667
"328" 2017 1994.49 874.73345175
"329" 2017 1028.81 474.391149733333
"330" 2017 520.2 250.957485
"331" 2017 275.39 138.352723116667
"332" 2017 145.02 109.6363285
"333" 2017 93.63 93.63
"334" 2018 941200.77 1753.7707681
"335" 2018 968013.22 224.256395966667
"336" 2018 970554.53 140.73040685
"337" 2018 970216.19 111.57486185
"338" 2018 995416.55 91.2465170833333
"339" 2018 1007225.76 80.5780608
"340" 2018 1029414.28 75.4903805333334
"341" 2018 1041124.02 65.9378546
"342" 2018 1049302.53 64.70698935
"343" 2018 1066718.42 65.7809692333333
"344" 2018 1066693.32 65.7794214
"345" 2018 1059298.57 75.9163975166667
"346" 2018 1059090.28 91.7878242666667
"347" 2018 1089744.3 112.606911
"348" 2018 1111658.8 137.104585333333
"349" 2018 1142428.04 165.6520658
"350" 2018 1162899.42 203.5073985
"351" 2018 1179622.66 255.584909666667
"352" 2018 1183609.44 299.8477248
"353" 2018 1196110.42 352.8525739
"354" 2018 1196622.56 390.896702933333
"355" 2018 1190108.76 410.5875222
"356" 2018 1198369.01 423.423716866667
"357" 2018 1197229.21 415.039459466667
"358" 2018 1174917.21 405.34643745
"359" 2018 1179510.49 408.896969866667
"360" 2018 1178282.67 416.3265434
"361" 2018 1191049.03 434.73289595
"362" 2018 1217415.75 460.58895875
"363" 2018 1257570.03 511.4118122
"364" 2018 1296217.87 555.213320983333
"365" 2018 1324659.24 587.2655964
"366" 2018 1372071.24 638.0131266
"367" 2018 1421163.23 701.107193466667
"368" 2018 1447954.05 760.17587625
"369" 2018 1453316.99 796.902149516667
"370" 2018 1468880.02 847.054144866667
"371" 2018 1524243.54 942.4905889
"372" 2018 1571857.72 1055.76443526667
"373" 2018 1631458.57 1215.43663465
"374" 2018 1682590.22 1365.70239523333
"375" 2018 1756975.64 1519.7839286
"376" 2018 1836957.19 1726.7397586
"377" 2018 1936109.3 2003.8731255
"378" 2018 1988295.89 2289.85409998333
"379" 2018 1968916.4 2503.80535533333
"380" 2018 1918394.8 2669.76609666667
"381" 2018 1859978.33 2892.26630315
"382" 2018 1823800.44 3164.2937634
"383" 2018 1785446.06 3386.39602713333
"384" 2018 1774340.1 3628.5255045
"385" 2018 1478893.5 3293.00286
"386" 2018 1627353.13 4041.26027283333
"387" 2018 1627016.95 4455.31474808333
"388" 2018 1568617.56 4582.9776378
"389" 2018 1521506.13 4823.1744321
"390" 2018 1490371.48 5198.91251273333
"391" 2018 1491226.98 5641.808741
"392" 2018 1515124.39 6262.51414533333
"393" 2018 1489950.8 6769.34313466667
"394" 2018 1447644.38 7151.3632372
"395" 2018 1491777.59 8000.90047436667
"396" 2018 1546270.25 9104.95465541667
"397" 2018 1557536.08 10069.4707572
"398" 2018 1629154.83 11488.25680955
"399" 2018 1721490.33 13324.3351542
"400" 2018 1817429.52 15532.9642976
"401" 2018 1938443.35 18285.9822683333
"402" 2018 2105424.64 21899.9252970667
"403" 2018 2125282.3 24196.3389855
"404" 2018 2026507.35 25115.181091
"405" 2018 1423721.65 19222.6151444167
"406" 2018 1293464.67 19050.57881465
"407" 2018 1520520.02 24667.9031244667
"408" 2018 1538072.71 27552.0091451333
"409" 2018 1539099.67 30412.6094792
"410" 2018 1496543.4 32741.875353
"411" 2018 1361088.89 32995.0631750833
"412" 2018 1174902.19 31804.6022833
"413" 2018 1162736.77 35624.3167381833
"414" 2018 1174033.5 40815.2746275
"415" 2018 1145647.46 44884.5580703667
"416" 2018 1068122.67 47154.0554716
"417" 2018 970262.69 48576.20157485
"418" 2018 911447.12 51914.5088766667
"419" 2018 844761.91 54620.8971640833
"420" 2018 749156.73 55069.26262775
"421" 2018 671315.75 55828.8554891667
"422" 2018 593338.95 55502.9031795
"423" 2018 527823.37 55639.6208429333
"424" 2018 441157.16 52331.5328430667
"425" 2018 378276.29 50056.6709952167
"426" 2018 313494.63 46198.658641
"427" 2018 240016.06 39358.6335723333
"428" 2018 189171.35 34418.78127575
"429" 2018 141923.74 28607.8048113667
"430" 2018 108257.09 24071.3248184667
"431" 2018 82093.15 20058.640271
"432" 2018 52070.35 13923.2644543333
"433" 2018 35630.49 10379.93373095
"434" 2018 25196.31 7959.30435975
"435" 2018 16368.84 5579.1554256
"436" 2018 10481.5 3834.93628166667
"437" 2018 6566.61 2565.5964157
"438" 2018 3760.17 1560.5708212
"439" 2018 2093.41 918.11729075
"440" 2018 1115.89 514.544318266667
"441" 2018 558.49 269.42953825
"442" 2018 274.04 137.674498866667
"443" 2018 125.31 94.73540425
"444" 2018 127.59 127.59
"445" 2019 911596.19 1698.60756736667
"446" 2019 932680.23 216.07091995
"447" 2019 962594.06 139.5761387
"448" 2019 974065.16 112.0174934
"449" 2019 975380.91 89.40991675
"450" 2019 998241.22 79.8592976
"451" 2019 1009176.44 74.0062722666667
"452" 2019 1030890.92 65.2897582666667
"453" 2019 1043314.37 64.3377194833333
"454" 2019 1051025.83 64.8132595166667
"455" 2019 1068108.81 65.86670995
"456" 2019 1068418.92 76.5700226
"457" 2019 1061108.08 91.9627002666667
"458" 2019 1060802.03 109.616209766667
"459" 2019 1092111.97 134.693809633333
"460" 2019 1112912.25 161.37227625
"461" 2019 1144063.95 200.21119125
"462" 2019 1164542.02 252.317437666667
"463" 2019 1177991.11 298.424414533333
"464" 2019 1180478.05 348.24102475
"465" 2019 1192747.28 389.630778133333
"466" 2019 1193665.49 411.81459405
"467" 2019 1189191.16 420.180876533333
"468" 2019 1198649.17 415.531712266667
"469" 2019 1198878.78 413.6131791
"470" 2019 1176575.51 407.879510133333
"471" 2019 1181373.4 417.418601333333
"472" 2019 1180437.31 430.85961815
"473" 2019 1193581.45 451.571648583333
"474" 2019 1219767.65 496.038844333333
"475" 2019 1260015.73 539.706737683333
"476" 2019 1298916.17 575.852835366667
"477" 2019 1327073.39 617.08912635
"478" 2019 1374070.52 677.874789866667
"479" 2019 1423503.31 747.33923775
"480" 2019 1450119.16 795.148672733333
"481" 2019 1455335.29 839.243350566667
"482" 2019 1470346.2 909.164067
"483" 2019 1525942.21 1024.92451771667
"484" 2019 1573398.12 1172.1815994
"485" 2019 1632539.69 1325.07804838333
"486" 2019 1683536.94 1456.2594531
"487" 2019 1757704.65 1652.242371
"488" 2019 1836888.18 1901.1792663
"489" 2019 1936185.45 2229.84024325
"490" 2019 1988636.89 2528.88324511667
"491" 2019 1969238.05 2740.52295291667
"492" 2019 1917901.92 2982.3374856
"493" 2019 1859149.15 3225.62377525
"494" 2019 1822858.49 3457.35493603333
"495" 2019 1783877.29 3648.02905805
"496" 2019 1772495.7 3946.757092
"497" 2019 1476800.18 3667.38711366667
"498" 2019 1624257.73 4447.75908398333
"499" 2019 1623664.04 4743.80510353333
"500" 2019 1565299.12 4961.9982104
"501" 2019 1518505.58 5297.05363156667
"502" 2019 1486213.71 5622.8418695
"503" 2019 1486442.83 6143.96369733333
"504" 2019 1509850.01 6859.75187876667
"505" 2019 1483887.66 7330.4050404
"506" 2019 1441271.82 7730.0211946
"507" 2019 1484592.44 8741.77515086667
"508" 2019 1537383.8 9939.186267
"509" 2019 1547702.58 10913.8826933
"510" 2019 1617736.44 12521.2800456
"511" 2019 1707548.22 14593.8454536
"512" 2019 1801327.22 16992.5201086667
"513" 2019 1919490.89 19965.9044074833
"514" 2019 2083311.11 23718.49698735
"515" 2019 2100696.53 26034.6323284667
"516" 2019 2000644.26 27012.0319171
"517" 2019 1402892.14 20662.2630686333
"518" 2019 1272963.32 20651.7082614667
"519" 2019 1495097.26 26782.1755841333
"520" 2019 1509750.84 29832.6765984
"521" 2019 1508022.66 32993.0224297
"522" 2019 1463247.03 35471.54675225
"523" 2019 1327817.03 35944.0070021
"524" 2019 1142573.73 35006.55479765
"525" 2019 1126657.84 39168.2598076
"526" 2019 1133468.66 44407.4129843667
"527" 2019 1101450.75 48625.37911
"528" 2019 1021264.17 51129.59067105
"529" 2019 921794.36 52503.8704216667
"530" 2019 860011.13 55606.8863139167
"531" 2019 790780.13 58128.9293894167
"532" 2019 693809.07 57699.4749581
"533" 2019 615154.63 57543.6146056333
"534" 2019 537931.77 56705.1809816
"535" 2019 472112.52 56003.5608308
"536" 2019 388541.36 51415.0305998667
"537" 2019 328123.64 48354.4870813333
"538" 2019 267089.89 43798.2904618333
"539" 2019 200455.05 36471.79407225
"540" 2019 154583.8 31159.7142056667
"541" 2019 113345.41 25202.7297315333
"542" 2019 84411.22 20625.0374948
"543" 2019 62080.78 16599.9867001333
"544" 2019 38146.88 11113.0126597333
"545" 2019 25325.87 8000.23128408333
"546" 2019 17241.63 5876.6371692
"547" 2019 10765.96 3939.01355826667
"548" 2019 6787.98 2652.0864126
"549" 2019 4064.92 1687.05019786667
"550" 2019 2255.17 989.06118275
"551" 2019 1211.84 558.787502933333
"552" 2019 607.56 293.102133
"553" 2019 318.34 159.930302033333
"554" 2019 142.96 108.078951333333
"555" 2019 129.84 129.84
"556" 2020 858407.83 1599.49992323333
"557" 2020 899370.14 208.354082433333
"558" 2020 924463.02 134.0471379
"559" 2020 957238.96 110.0824804
"560" 2020 977600.81 89.6134075833333
"561" 2020 980555.62 78.4444496
"562" 2020 1001073.9 73.412086
"563" 2020 1011145.14 64.0391922
"564" 2020 1032370.56 63.6628512
"565" 2020 1045494.69 64.47217255
"566" 2020 1052754.12 64.9198374
"567" 2020 1069502.18 76.6476562333333
"568" 2020 1070113.44 92.7431648
"569" 2020 1062917.57 109.834815566667
"570" 2020 1062514.76 131.043487066667
"571" 2020 1094457.58 158.6963491
"572" 2020 1114143.65 194.97513875
"573" 2020 1145667.78 248.228019
"574" 2020 1166131.48 295.419974933333
"575" 2020 1176305.43 347.01010185
"576" 2020 1177284.52 384.579609866667
"577" 2020 1189354 410.32713
"578" 2020 1190636.21 420.691460866667
"579" 2020 1188260.48 411.930299733333
"580" 2020 1198940.28 413.6343966
"581" 2020 1200541.33 416.187661066667
"582" 2020 1178271.81 416.3227062
"583" 2020 1183291.35 431.90134275
"584" 2020 1182546.85 447.396891583333
"585" 2020 1196139.8 486.430185333333
"586" 2020 1222085.42 523.459921566667
"587" 2020 1262456.32 559.688968533333
"588" 2020 1301612.42 605.2497753
"589" 2020 1329436.37 655.855275866667
"590" 2020 1376091.74 722.4481635
"591" 2020 1425766.18 781.795122033333
"592" 2020 1452263.12 837.471732533333
"593" 2020 1457329.44 901.1153704
"594" 2020 1471746.19 988.522857616667
"595" 2020 1527580.59 1138.04753955
"596" 2020 1574820.15 1278.22902175
"597" 2020 1633546.49 1413.01771385
"598" 2020 1684382.29 1583.3193526
"599" 2020 1758362.3 1819.9049805
"600" 2020 1836646.66 2115.20473676667
"601" 2020 1936134.08 2462.11717173333
"602" 2020 1988829.25 2767.78737291667
"603" 2020 1969382.06 3062.3891033
"604" 2020 1917114.12 3326.1929982
"605" 2020 1858037.98 3524.07870206667
"606" 2020 1821658.62 3725.2918779
"607" 2020 1782102.57 3968.1483892
"608" 2020 1770336.13 4396.33472283333
"609" 2020 1474409.93 4037.42585831667
"610" 2020 1620860.04 4735.6127502
"611" 2020 1620257.27 5136.2155459
"612" 2020 1561650.2 5447.55644766667
"613" 2020 1515040.48 5731.90314933333
"614" 2020 1481612.23 6123.99721733333
"615" 2020 1481231.07 6729.7264947
"616" 2020 1503817.34 7428.8576596
"617" 2020 1477375.35 7923.6564605
"618" 2020 1434539.41 8447.04622588333
"619" 2020 1476764.83 9547.28462595
"620" 2020 1527820.43 10773.6803988833
"621" 2020 1537117.96 11897.2930104
"622" 2020 1605411.67 13720.9184062667
"623" 2020 1692564.93 15966.529173
"624" 2020 1783939.18 18555.9407039667
"625" 2020 1899436.2 21625.081137
"626" 2020 2059584.83 25525.1213264667
"627" 2020 2074427.61 28008.23011435
"628" 2020 1972912.51 29057.7130847833
"629" 2020 1380734.03 22400.1084133667
"630" 2020 1251310.21 22415.1368951333
"631" 2020 1467824.1 29004.204216
"632" 2020 1479319.1 32365.0363761667
"633" 2020 1474937.64 35754.946623
"634" 2020 1427664.56 38646.8796392
"635" 2020 1292176.64 39590.1386218667
"636" 2020 1107751.53 38510.98194045
"637" 2020 1087789.37 42617.7745343167
"638" 2020 1090136.46 48125.8909208
"639" 2020 1054130.33 52775.03497145
"640" 2020 971088.84 55311.601845
"641" 2020 870843.37 56307.2808985833
"642" 2020 806102.36 59255.2409796667
"643" 2020 734850.02 61112.5771632667
"644" 2020 636772.2 59565.794162
"645" 2020 558133.78 58834.7421957333
"646" 2020 481996.87 57176.0753756333
"647" 2020 416705.25 55141.91122375
"648" 2020 337615.22 49753.2295873333
"649" 2020 279909.18 45900.440367
"650" 2020 223424.59 40650.98702755
"651" 2020 164042.81 33066.3826163833
"652" 2020 123865.73 27541.9579512667
"653" 2020 88558.89 21638.4791826
"654" 2020 64064.15 17130.3266156667
"655" 2020 45760.44 13331.0076482
"656" 2020 27088.01 8556.87662558333
"657" 2020 17523.85 5972.829034
"658" 2020 11483.26 4201.45689126667
"659" 2020 6932.15 2708.41411216667
"660" 2020 4137.03 1716.9777708
"661" 2020 2405.72 1055.088649
"662" 2020 1320.52 608.900575466667
"663" 2020 671.45 323.92426625
"664" 2020 334.38 167.9886109
"665" 2020 167.25 126.44239375
"666" 2020 124.73 124.73
"667" 2021 818589.23 1525.30459856667
"668" 2021 846021.32 195.994939133333
"669" 2021 887546.62 128.6942599
"670" 2021 916370.95 105.38265925
"671" 2021 951940.92 87.261251
"672" 2021 981179.53 78.4943624
"673" 2021 985759.38 72.2890212
"674" 2021 1003924.61 63.5818919666667
"675" 2021 1013136.87 62.47677365
"676" 2021 1033851.22 63.7541585666667
"677" 2021 1047690.03 64.60755185
"678" 2021 1054491.44 75.5718865333333
"679" 2021 1070893.55 92.8107743333333
"680" 2021 1071788.96 110.751525866667
"681" 2021 1064714.05 131.314732833333
"682" 2021 1064189.43 154.30746735
"683" 2021 1096759.13 191.93284775
"684" 2021 1115305.97 241.649626833333
"685" 2021 1147169.5 290.616273333333
"686" 2021 1167694.93 344.47000435
"687" 2021 1174537.63 383.682292466667
"688" 2021 1174051.95 405.04792275
"689" 2021 1185881.63 419.011509266667
"690" 2021 1187578.95 411.694036
"691" 2021 1187308.79 409.62153255
"692" 2021 1199189.38 415.718985066667
"693" 2021 1202151.84 424.7603168
"694" 2021 1179887.04 430.6587696
"695" 2021 1185182.25 448.39395125
"696" 2021 1184632.39 481.750505266667
"697" 2021 1198681.19 513.435109716667
"698" 2021 1224374.17 542.805882033333
"699" 2021 1264882.94 588.1705671
"700" 2021 1304255.55 643.432738
"701" 2021 1331737.25 699.16205625
"702" 2021 1378028.88 755.6191692
"703" 2021 1428015.08 823.488696133334
"704" 2021 1454351.07 899.27374495
"705" 2021 1459222.5 980.1111125
"706" 2021 1473089.16 1097.4514242
"707" 2021 1529162.02 1241.16983956667
"708" 2021 1576096.13 1363.32315245
"709" 2021 1634423.16 1536.3577704
"710" 2021 1685122.56 1744.1018496
"711" 2021 1758761.66 2025.50717843333
"712" 2021 1836188.92 2335.02024326667
"713" 2021 1935790.47 2693.97507075
"714" 2021 1988688.35 3092.41038425
"715" 2021 1969184.72 3416.5354892
"716" 2021 1916115.15 3634.2317345
"717" 2021 1856696.81 3796.94497645
"718" 2021 1820048.37 4052.6410372
"719" 2021 1779947.51 4420.20298316667
"720" 2021 1767812.37 4840.85953985
"721" 2021 1471803.55 4300.11937191667
"722" 2021 1617182.3 5126.467891
"723" 2021 1616239.84 5637.98330853333
"724" 2021 1557697.22 5893.28781566667
"725" 2021 1511167.12 6246.15742933333
"726" 2021 1476839.8 6709.77549133333
"727" 2021 1475610.03 7289.5135482
"728" 2021 1497686.88 8032.5939664
"729" 2021 1470445.95 8658.47590225
"730" 2021 1427100.38 9226.2039567
"731" 2021 1468311.85 10354.0457289167
"732" 2021 1517644.86 11746.5712164
"733" 2021 1525862.15 13041.0351753333
"734" 2021 1592073.13 15018.5565263333
"735" 2021 1676642.4 17439.875364
"736" 2021 1765517.47 20100.41639595
"737" 2021 1877870.55 23273.075683
"738" 2021 2034184.93 27464.8868632167
"739" 2021 2046422.05 30140.3860930833
"740" 2021 1943675.63 31532.8976373667
"741" 2021 1357355.8 24314.7668973333
"742" 2021 1227949.97 24264.2914072
"743" 2021 1438857.92 31479.8131930667
"744" 2021 1446958.64 35076.6890313333
"745" 2021 1439798.34 38975.3410638
"746" 2021 1389787.06 42580.7592066333
"747" 2021 1253586.89 43580.94823085
"748" 2021 1070656.17 41946.52431365
"749" 2021 1047746.64 46254.5216672
"750" 2021 1044353.88 52285.5770022
"751" 2021 1005094.94 57248.5326241667
"752" 2021 919012.49 59421.8159159167
"753" 2021 818233.71 60146.99629925
"754" 2021 751414.38 62490.1245554
"755" 2021 678258.6 63446.570306
"756" 2021 580516.59 61194.1888072
"757" 2021 502294.68 59583.8692572
"758" 2021 427576.97 56580.5478118167
"759" 2021 364629.81 53734.279667
"760" 2021 290555.64 47646.282366
"761" 2021 236398.16 43011.4632212
"762" 2021 184805.25 37251.50225125
"763" 2021 132753.2 29518.1165306667
"764" 2021 98067.49 23961.8105066
"765" 2021 68209.1 18238.6586126667
"766" 2021 48136.15 14023.1034449167
"767" 2021 33309.23 10522.1081800833
"768" 2021 19029.24 6485.9261616
"769" 2021 11924.93 4363.05363863333
"770" 2021 7523.59 2939.49169163333
"771" 2021 4434.51 1840.4399036
"772" 2021 2567.01 1125.82641075
"773" 2021 1426.08 657.5749952
"774" 2021 769.17 371.06683725
"775" 2021 381.27 191.54559985
"776" 2021 178.29 134.78872575
"777" 2021 141.9 141.9
