"year" "population" "expected"
"1" 2015 124803 404.36172
"2" 2015 126087 30.891315
"3" 2015 129363 16.81719
"4" 2015 130899 11.78091
"5" 2015 133261 15.325015
"6" 2015 132405 14.56455
"7" 2015 132789 11.95101
"8" 2015 130235 9.767625
"9" 2015 129450 8.41425
"10" 2015 126501 8.222565
"11" 2015 124781 9.98248
"12" 2015 121675 12.775875
"13" 2015 120814 11.47733
"14" 2015 122796 12.2796
"15" 2015 124887 16.23531
"16" 2015 123316 22.81346
"17" 2015 124131 25.446855
"18" 2015 126324 29.05452
"19" 2015 127334 36.29019
"20" 2015 127283 42.639805
"21" 2015 129469 47.90353
"22" 2015 135202 54.0808
"23" 2015 141166 59.99555
"24" 2015 144389 70.028665
"25" 2015 145342 69.76416
"26" 2015 143942 56.13738
"27" 2015 144636 59.30076
"28" 2015 142964 62.90416
"29" 2015 143476 67.43372
"30" 2015 141064 77.5852
"31" 2015 143064 81.54648
"32" 2015 143691 86.2146
"33" 2015 146980 89.6578
"34" 2015 148933 90.104465
"35" 2015 151062 96.67968
"36" 2015 148928 117.65312
"37" 2015 147170 127.30205
"38" 2015 145445 117.083225
"39" 2015 143958 128.84241
"40" 2015 141751 137.49847
"41" 2015 145681 150.779835
"42" 2015 149289 170.935905
"43" 2015 154146 202.70199
"44" 2015 157278 239.84895
"45" 2015 158761 276.24414
"46" 2015 157140 282.852
"47" 2015 156622 299.93113
"48" 2015 157201 334.052125
"49" 2015 161275 382.22175
"50" 2015 164564 417.99256
"51" 2015 169080 473.424
"52" 2015 165652 524.28858
"53" 2015 161799 576.00444
"54" 2015 161084 616.95172
"55" 2015 158667 659.261385
"56" 2015 158336 764.76288
"57" 2015 153981 826.87797
"58" 2015 150073 901.93873
"59" 2015 146665 984.12215
"60" 2015 143949 1045.06974
"61" 2015 140026 1092.90293
"62" 2015 135658 1180.2246
"63" 2015 133508 1257.64536
"64" 2015 127189 1269.34622
"65" 2015 126940 1362.0662
"66" 2015 124858 1419.01117
"67" 2015 124851 1513.19412
"68" 2015 122165 1630.291925
"69" 2015 121228 1763.26126
"70" 2015 101358 1583.71875
"71" 2015 99854 1684.53698
"72" 2015 93370 1720.34225
"73" 2015 81385 1663.916325
"74" 2015 73009 1681.762315
"75" 2015 80251 2004.66998
"76" 2015 85193 2311.28609
"77" 2015 84718 2578.81592
"78" 2015 79586 2648.62208
"79" 2015 75491 2878.849285
"80" 2015 72266 3158.38553
"81" 2015 70677 3409.45848
"82" 2015 67053 3603.763485
"83" 2015 65875 4061.8525
"84" 2015 61350.54 4301.8998648
"85" 2015 57170.96 4448.7582524
"86" 2015 49409.5 4386.3283625
"87" 2015 43790.28 4432.671093
"88" 2015 38142.45 4407.741522
"89" 2015 33324.45 4373.500818
"90" 2015 28887.13 4215.2100096
"91" 2015 24195.21 3959.66709255
"92" 2015 19799.01 3566.5936614
"93" 2015 15702.97 3139.8088515
"94" 2015 12358.34 2830.2452351
"95" 2015 9202.3 2304.992104
"96" 2015 5151.46 1381.8276304
"97" 2015 2542.55 743.7213005
"98" 2015 1794.22 569.3867459
"99" 2015 1394.09 477.42703185
"100" 2015 1095.38 402.6452573
"101" 2015 822.51 322.76526165
"102" 2015 496.41 206.8391547
"103" 2015 306.74 134.9947403
"104" 2015 190.23 87.9756681
"105" 2015 70.38 34.0368237
"106" 2015 54 27.18333
"107" 2015 21.53 11.2326316
"108" 2015 11.4 6.139413
"109" 2015 1.72 0.9526478
"110" 2015 2.94 2.2948905
"111" 2015 0.32 0.32
"112" 2016 122381 396.51444
"113" 2016 126288 30.94056
"114" 2016 127278 16.54614
"115" 2016 130321 11.72889
"116" 2016 131908 15.16942
"117" 2016 134243 14.76673
"118" 2016 133326 11.99934
"119" 2016 133740 10.0305
"120" 2016 131090 8.52085
"121" 2016 130309 8.470085
"122" 2016 127301 10.18408
"123" 2016 125561 13.183905
"124" 2016 122348 11.62306
"125" 2016 121551 12.1551
"126" 2016 123697 16.08061
"127" 2016 126107 23.329795
"128" 2016 125152 25.65616
"129" 2016 125677 28.90571
"130" 2016 128372 36.58602
"131" 2016 129529 43.392215
"132" 2016 130116 48.14292
"133" 2016 132005 52.802
"134" 2016 137988 58.6449
"135" 2016 143893 69.788105
"136" 2016 147258 70.68384
"137" 2016 148074 57.74886
"138" 2016 146518 60.07238
"139" 2016 146817 64.59948
"140" 2016 145041 68.16927
"141" 2016 145171 79.84405
"142" 2016 142763 81.37491
"143" 2016 144372 86.6232
"144" 2016 144937 88.41157
"145" 2016 148102 89.60171
"146" 2016 149976 95.98464
"147" 2016 152038 120.11002
"148" 2016 149779 129.558835
"149" 2016 147883 119.045815
"150" 2016 146228 130.87406
"151" 2016 144449 140.11553
"152" 2016 142385 147.368475
"153" 2016 146287 167.498615
"154" 2016 149587 196.706905
"155" 2016 154482 235.58505
"156" 2016 157564 274.16136
"157" 2016 158958 286.1244
"158" 2016 157189 301.016935
"159" 2016 156764 333.1235
"160" 2016 157183 372.52371
"161" 2016 161180 409.3972
"162" 2016 164328 460.1184
"163" 2016 168670 533.84055
"164" 2016 165144 587.91264
"165" 2016 161250 617.5875
"166" 2016 160493 666.848415
"167" 2016 158035 763.30905
"168" 2016 157577 846.18849
"169" 2016 153042 919.78242
"170" 2016 149161 1000.87031
"171" 2016 145660 1057.4916
"172" 2016 142727 1113.984235
"173" 2016 138798 1207.5426
"174" 2016 134235 1264.4937
"175" 2016 132121 1318.56758
"176" 2016 125808 1349.91984
"177" 2016 125228 1423.21622
"178" 2016 123196 1493.13552
"179" 2016 123197 1644.063965
"180" 2016 120359 1750.621655
"181" 2016 119340 1864.6875
"182" 2016 99708 1682.07396
"183" 2016 98072 1806.9766
"184" 2016 91587 1872.496215
"185" 2016 79651 1834.760785
"186" 2016 71318 1781.52364
"187" 2016 78214 2121.94582
"188" 2016 82862 2522.31928
"189" 2016 82070 2731.2896
"190" 2016 76894 2932.35269
"191" 2016 72624 3174.03192
"192" 2016 69069 3331.88856
"193" 2016 67285 3616.232325
"194" 2016 63406 3909.61396
"195" 2016 61761 4330.68132
"196" 2016 57092.54 4442.6560001
"197" 2016 52709.96 4679.326699
"198" 2016 45112.5 4566.5128125
"199" 2016 39380.28 4550.7851568
"200" 2016 33726.45 4426.259298
"201" 2016 28970.45 4227.368064
"202" 2016 24589.13 4024.13407015
"203" 2016 20338.21 3663.7251494
"204" 2016 16184.01 3235.9927995
"205" 2016 12563.97 2877.33758955
"206" 2016 9529.34 2386.9090832
"207" 2016 6932.3 1859.520152
"208" 2016 3847.46 1125.4205246
"209" 2016 1800.55 571.39553975
"210" 2016 1224.22 419.2525023
"211" 2016 895.09 329.02165765
"212" 2016 685.38 268.9533927
"213" 2016 501.51 208.9641717
"214" 2016 298.41 131.32874895
"215" 2016 169.74 78.4996578
"216" 2016 97.23 47.02188645
"217" 2016 39.38 19.8236951
"218" 2016 27 14.08644
"219" 2016 9.53 5.13233385
"220" 2016 4.4 2.437006
"221" 2016 1.72 1.342589
"222" 2016 1.26 1.26
"223" 2017 121779 394.56396
"224" 2017 123363 30.223935
"225" 2017 127120 16.5256
"226" 2017 127921 11.51289
"227" 2017 130954 15.05971
"228" 2017 132446 14.56906
"229" 2017 134737 12.12633
"230" 2017 133781 10.033575
"231" 2017 134308 8.73002
"232" 2017 131714 8.56141
"233" 2017 130813 10.46504
"234" 2017 127787 13.417635
"235" 2017 126049 11.974655
"236" 2017 122954 12.2954
"237" 2017 122094 15.87222
"238" 2017 124283 22.992355
"239" 2017 126900 26.0145
"240" 2017 125705 28.91215
"241" 2017 126643 36.093255
"242" 2017 129457 43.368095
"243" 2017 131069 48.49553
"244" 2017 131564 52.6256
"245" 2017 133409 56.698825
"246" 2017 139584 67.69824
"247" 2017 145514 69.84672
"248" 2017 148521 57.92319
"249" 2017 149172 61.16052
"250" 2017 147497 64.89868
"251" 2017 147611 69.37717
"252" 2017 145689 80.12895
"253" 2017 145700 83.049
"254" 2017 143394 86.0364
"255" 2017 144716 88.27676
"256" 2017 145284 87.89682
"257" 2017 148367 94.95488
"258" 2017 150254 118.70066
"259" 2017 152159 131.617535
"260" 2017 149951 120.710555
"261" 2017 148116 132.56382
"262" 2017 146308 141.91876
"263" 2017 144475 149.531625
"264" 2017 142393 163.039985
"265" 2017 146341 192.438415
"266" 2017 149577 228.104925
"267" 2017 154413 268.67862
"268" 2017 157322 283.1796
"269" 2017 158810 304.12115
"270" 2017 157048 333.727
"271" 2017 156492 370.88604
"272" 2017 156837 398.36598
"273" 2017 160729 450.0412
"274" 2017 163825 518.506125
"275" 2017 168101 598.43956
"276" 2017 164501 630.03883
"277" 2017 160568 667.16004
"278" 2017 159743 771.55869
"279" 2017 157223 844.28751
"280" 2017 156638 941.39438
"281" 2017 151997 1019.89987
"282" 2017 148089 1075.12614
"283" 2017 144388 1126.94834
"284" 2017 141363 1229.8581
"285" 2017 137370 1294.0254
"286" 2017 132868 1326.02264
"287" 2017 130686 1402.26078
"288" 2017 124102 1410.41923
"289" 2017 123494 1496.74728
"290" 2017 121563 1622.258235
"291" 2017 121386 1765.55937
"292" 2017 118527 1851.984375
"293" 2017 117332 1979.39084
"294" 2017 97961 1804.931425
"295" 2017 96179 1966.379655
"296" 2017 89627 2064.557945
"297" 2017 77847 1944.61806
"298" 2017 69571 1887.46123
"299" 2017 76042 2314.71848
"300" 2017 80330 2673.3824
"301" 2017 79397 3027.804595
"302" 2017 74038 3235.83079
"303" 2017 69715 3363.0516
"304" 2017 65875 3540.451875
"305" 2017 63778 3932.55148
"306" 2017 59643 4182.16716
"307" 2017 57641 4485.334415
"308" 2017 52750.54 4682.9291885
"309" 2017 48152.96 4874.283376
"310" 2017 40777.5 4712.2479
"311" 2017 35081.28 4604.0671872
"312" 2017 29609.45 4320.610944
"313" 2017 24941.45 4081.79299975
"314" 2017 20857.13 3757.2033982
"315" 2017 16817.21 3362.6011395
"316" 2017 13083.01 2996.20553515
"317" 2017 9904.97 2480.9968856
"318" 2017 7291.34 1955.8290416
"319" 2017 5183.3 1516.167083
"320" 2017 2754.46 874.1141087
"321" 2017 1240.55 424.84495575
"322" 2017 830.22 305.1764187
"323" 2017 603.09 236.66156235
"324" 2017 443.38 184.7431446
"325" 2017 327.51 144.13551345
"326" 2017 173.41 80.1969227
"327" 2017 88.74 42.9159951
"328" 2017 58.23 29.31269085
"329" 2017 16.38 8.5457736
"330" 2017 15 8.078175
"331" 2017 4.53 2.50900845
"332" 2017 2.4 1.87338
"333" 2017 0.98 0.98
"334" 2018 119571 387.41004
"335" 2018 122698 30.06101
"336" 2018 124212 16.14756
"337" 2018 127788 11.50092
"338" 2018 128593 14.788195
"339" 2018 131628 14.47908
"340" 2018 133023 11.97207
"341" 2018 135370 10.15275
"342" 2018 134294 8.72911
"343" 2018 134935 8.770775
"344" 2018 132262 10.58096
"345" 2018 131319 13.788495
"346" 2018 128248 12.18356
"347" 2018 126541 12.6541
"348" 2018 123460 16.0498
"349" 2018 122693 22.698205
"350" 2018 124948 25.61434
"351" 2018 127631 29.35513
"352" 2018 126947 36.179895
"353" 2018 127934 42.85789
"354" 2018 130888 48.42856
"355" 2018 132490 52.996
"356" 2018 133290 56.64825
"357" 2018 135307 65.623895
"358" 2018 141487 67.91376
"359" 2018 147175 57.39825
"360" 2018 149955 61.48155
"361" 2018 150394 66.17336
"362" 2018 148715 69.89605
"363" 2018 148700 81.785
"364" 2018 146640 83.5848
"365" 2018 146637 87.9822
"366" 2018 144005 87.84305
"367" 2018 145402 87.96821
"368" 2018 145865 93.3536
"369" 2018 148940 117.6626
"370" 2018 150876 130.50774
"371" 2018 152685 122.911425
"372" 2018 150311 134.528345
"373" 2018 148420 143.9674
"374" 2018 146705 151.839675
"375" 2018 144829 165.829205
"376" 2018 142554 187.45851
"377" 2018 146549 223.487225
"378" 2018 149672 260.42928
"379" 2018 154398 277.9164
"380" 2018 157298 301.22567
"381" 2018 158675 337.184375
"382" 2018 156923 371.90751
"383" 2018 156388 397.22552
"384" 2018 156678 438.6984
"385" 2018 160356 507.52674
"386" 2018 163376 581.61856
"387" 2018 167557 641.74331
"388" 2018 163941 681.174855
"389" 2018 160015 772.87245
"390" 2018 159059 854.14683
"391" 2018 156411 940.03011
"392" 2018 155777 1045.26367
"393" 2018 151075 1096.8045
"394" 2018 146957 1146.999385
"395" 2018 143128 1245.2136
"396" 2018 139911 1317.96162
"397" 2018 135941 1356.69118
"398" 2018 131484 1410.82332
"399" 2018 128995 1466.028175
"400" 2018 122441 1483.98492
"401" 2018 121784 1625.20748
"402" 2018 119802 1742.52009
"403" 2018 119555 1868.046875
"404" 2018 116547 1966.14789
"405" 2018 115319 2124.752575
"406" 2018 96125 1965.275625
"407" 2018 94133 2168.353655
"408" 2018 87595 2188.1231
"409" 2018 75989 2061.58157
"410" 2018 67635 2058.8094
"411" 2018 73708 2453.00224
"412" 2018 77735 2964.424225
"413" 2018 76515 3344.088075
"414" 2018 71078 3428.80272
"415" 2018 66539 3576.138555
"416" 2018 62490 3853.1334
"417" 2018 60048 4210.56576
"418" 2018 55822 4343.78893
"419" 2018 53229 4725.404475
"420" 2018 48215.54 4880.6180365
"421" 2018 43491.96 5025.9308976
"422" 2018 36334.5 4768.53978
"423" 2018 30795.28 4493.6472576
"424" 2018 25466.45 4167.71187475
"425" 2018 21028.45 3788.064983
"426" 2018 17106.13 3420.3706935
"427" 2018 13613.21 3117.62928815
"428" 2018 10330.01 2587.4609048
"429" 2018 7598.97 2038.3477128
"430" 2018 5359.34 1567.6605434
"431" 2018 3727.3 1182.8400185
"432" 2018 1921.46 658.0327989
"433" 2018 842.55 309.70874175
"434" 2018 560.22 219.8387313
"435" 2018 370.09 154.2054003
"436" 2018 245.38 107.9905111
"437" 2018 216.51 100.1293797
"438" 2018 98.41 47.59255215
"439" 2018 42.74 21.5151023
"440" 2018 31.23 16.2933156
"441" 2018 7.38 3.9744621
"442" 2018 8 4.43092
"443" 2018 2.53 1.97485475
"444" 2018 0.39 0.39
"445" 2019 118269 383.19156
"446" 2019 120596 29.54602
"447" 2019 123554 16.06202
"448" 2019 125153 11.26377
"449" 2019 128604 14.78946
"450" 2019 129381 14.23191
"451" 2019 132331 11.90979
"452" 2019 133654 10.02405
"453" 2019 136107 8.846955
"454" 2019 135112 8.78228
"455" 2019 135665 10.8532
"456" 2019 132927 13.957335
"457" 2019 132023 12.542185
"458" 2019 128937 12.8937
"459" 2019 127253 16.54289
"460" 2019 124249 22.986065
"461" 2019 123717 25.361985
"462" 2019 125970 28.9731
"463" 2019 129141 36.805185
"464" 2019 128425 43.022375
"465" 2019 129816 48.03192
"466" 2019 132810 53.124
"467" 2019 134515 57.168875
"468" 2019 135534 65.73399
"469" 2019 137645 66.0696
"470" 2019 143725 56.05275
"471" 2019 149244 61.19004
"472" 2019 151589 66.69916
"473" 2019 151893 71.38971
"474" 2019 150096 82.5528
"475" 2019 150104 85.55928
"476" 2019 147621 88.5726
"477" 2019 147683 90.08663
"478" 2019 145124 87.80002
"479" 2019 146248 93.59872
"480" 2019 146511 115.74369
"481" 2019 149745 129.529425
"482" 2019 151431 121.901955
"483" 2019 153291 137.195445
"484" 2019 150806 146.28182
"485" 2019 148992 154.20672
"486" 2019 147237 168.586365
"487" 2019 145269 191.028735
"488" 2019 142983 218.049075
"489" 2019 146893 255.59382
"490" 2019 149918 269.8524
"491" 2019 154583 296.026445
"492" 2019 157297 334.256125
"493" 2019 158809 376.37733
"494" 2019 156921 398.57934
"495" 2019 156346 437.7688
"496" 2019 156504 495.33516
"497" 2019 160005 569.6178
"498" 2019 163005 624.30915
"499" 2019 167069 694.171695
"500" 2019 163359 789.02397
"501" 2019 159337 855.63969
"502" 2019 158299 951.37699
"503" 2019 155568 1043.86128
"504" 2019 154764 1123.58664
"505" 2019 149897 1169.946085
"506" 2019 145740 1267.938
"507" 2019 141788 1335.64296
"508" 2019 138467 1381.90066
"509" 2019 134511 1443.30303
"510" 2019 129677 1473.779105
"511" 2019 127241 1542.16092
"512" 2019 120715 1610.941675
"513" 2019 120049 1746.112705
"514" 2019 117950 1842.96875
"515" 2019 117579 1983.55773
"516" 2019 114577 2111.081225
"517" 2019 113220 2314.7829
"518" 2019 94125 2168.169375
"519" 2019 92037 2299.08426
"520" 2019 85459 2318.50267
"521" 2019 74021 2253.19924
"522" 2019 65646 2184.69888
"523" 2019 71326 2720.01701
"524" 2019 74868 3272.10594
"525" 2019 73407 3541.15368
"526" 2019 67822 3645.09339
"527" 2019 63207 3897.34362
"528" 2019 58903 4130.27836
"529" 2019 56046 4361.21949
"530" 2019 51718 4591.26545
"531" 2019 48664 4926.0134
"532" 2019 43596.54 5038.0161624
"533" 2019 38873.96 5101.8185104
"534" 2019 31864.5 4649.66784
"535" 2019 26601.28 4353.4324784
"536" 2019 21592.45 3889.663943
"537" 2019 17454.45 3490.0172775
"538" 2019 13780.13 3155.85647195
"539" 2019 10689.21 2677.4333208
"540" 2019 7841.01 2103.2725224
"541" 2019 5599.97 1638.0472247
"542" 2019 3865.34 1226.6463223
"543" 2019 2618.3 896.6761095
"544" 2019 1301.46 478.3971741
"545" 2019 523.55 205.44887325
"546" 2019 344.22 143.4261474
"547" 2019 240.09 105.66240855
"548" 2019 134.38 62.1467186
"549" 2019 116.51 56.34598365
"550" 2019 45.41 22.85916695
"551" 2019 23.74 12.3856328
"552" 2019 14.23 7.66349535
"553" 2019 3.38 1.8720637
"554" 2019 4 3.1223
"555" 2019 1.92 1.92
"556" 2020 117654 381.19896
"557" 2020 119619 29.306655
"558" 2020 121595 15.80735
"559" 2020 124527 11.20743
"560" 2020 126012 14.49138
"561" 2020 129536 14.24896
"562" 2020 130163 11.71467
"563" 2020 133245 9.993375
"564" 2020 134551 8.745815
"565" 2020 136843 8.894795
"566" 2020 135839 10.86712
"567" 2020 136424 14.32452
"568" 2020 133749 12.706155
"569" 2020 132774 13.2774
"570" 2020 129583 16.84579
"571" 2020 128150 23.70775
"572" 2020 125413 25.709665
"573" 2020 124567 28.65041
"574" 2020 127444 36.32154
"575" 2020 130868 43.84078
"576" 2020 130488 48.28056
"577" 2020 131930 52.772
"578" 2020 134872 57.3206
"579" 2020 136976 66.43336
"580" 2020 138051 66.26448
"581" 2020 140110 54.6429
"582" 2020 146050 59.8805
"583" 2020 151123 66.49412
"584" 2020 153429 72.11163
"585" 2020 153724 84.5482
"586" 2020 151617 86.42169
"587" 2020 151744 91.0464
"588" 2020 149034 90.91074
"589" 2020 148879 90.071795
"590" 2020 146263 93.60832
"591" 2020 147373 116.42467
"592" 2020 147454 127.54771
"593" 2020 150629 121.256345
"594" 2020 152234 136.24943
"595" 2020 154189 149.56333
"596" 2020 151616 156.92256
"597" 2020 149804 171.52558
"598" 2020 147868 194.44642
"599" 2020 145879 222.465475
"600" 2020 143457 249.61518
"601" 2020 147372 265.2696
"602" 2020 150211 287.654065
"603" 2020 154773 328.892625
"604" 2020 157521 373.32477
"605" 2020 158928 403.67712
"606" 2020 156861 439.2108
"607" 2020 156231 494.471115
"608" 2020 156230 556.1788
"609" 2020 159675 611.55525
"610" 2020 162523 675.283065
"611" 2020 166530 804.3399
"612" 2020 162729 873.85473
"613" 2020 158680 953.6668
"614" 2020 157522 1056.97262
"615" 2020 154679 1122.96954
"616" 2020 153698 1199.61289
"617" 2020 148709 1293.7683
"618" 2020 144386 1360.11612
"619" 2020 140280 1399.9944
"620" 2020 136911 1469.05503
"621" 2020 132686 1507.97639
"622" 2020 127950 1550.754
"623" 2020 125488 1674.63736
"624" 2020 119079 1732.004055
"625" 2020 118326 1848.84375
"626" 2020 116076 1958.20212
"627" 2020 115534 2128.71395
"628" 2020 112519 2300.450955
"629" 2020 110865 2553.775275
"630" 2020 92052 2299.45896
"631" 2020 89808 2436.49104
"632" 2020 83243 2533.91692
"633" 2020 71934 2393.96352
"634" 2020 63488 2421.11488
"635" 2020 68832 3008.30256
"636" 2020 72044 3475.40256
"637" 2020 70172 3771.39414
"638" 2020 64543 3979.72138
"639" 2020 59738 4188.82856
"640" 2020 55152 4291.65288
"641" 2020 52223 4636.096825
"642" 2020 47487 4806.871575
"643" 2020 44109 5097.23604
"644" 2020 39014.54 5120.2682296
"645" 2020 34221.96 4993.6684032
"646" 2020 27602.5 4517.2871375
"647" 2020 22629.28 4076.4384992
"648" 2020 17975.45 3594.1912275
"649" 2020 14302.45 3275.47558675
"650" 2020 10999.13 2755.0620824
"651" 2020 8248.21 2212.4998504
"652" 2020 5887.01 1722.0092951
"653" 2020 4075.97 1293.48869965
"654" 2020 2765.34 947.0321631
"655" 2020 1801.3 662.1308605
"656" 2020 874.46 343.1512209
"657" 2020 334.55 139.3969485
"658" 2020 205.22 90.3162959
"659" 2020 154.09 71.2620023
"660" 2020 73.38 35.4876687
"661" 2020 74.51 37.50796145
"662" 2020 21.41 11.1700252
"663" 2020 13.74 7.3996083
"664" 2020 9.23 5.11217395
"665" 2020 2.38 1.8577685
"666" 2020 3.92 3.92
"667" 2021 114216 370.05984
"668" 2021 118487 29.029315
"669" 2021 120271 15.63523
"670" 2021 122113 10.99017
"671" 2021 125158 14.39317
"672" 2021 126608 13.92688
"673" 2021 130094 11.70846
"674" 2021 130663 9.799725
"675" 2021 133809 8.697585
"676" 2021 135182 8.78683
"677" 2021 137520 11.0016
"678" 2021 136516 14.33418
"679" 2021 137045 13.019275
"680" 2021 134315 13.4315
"681" 2021 133440 17.3472
"682" 2021 130380 24.1203
"683" 2021 129182 26.48231
"684" 2021 126213 29.02899
"685" 2021 125931 35.890335
"686" 2021 128825 43.156375
"687" 2021 132441 49.00317
"688" 2021 132034 52.8136
"689" 2021 133555 56.760875
"690" 2021 136909 66.400865
"691" 2021 138871 66.65808
"692" 2021 139992 54.59688
"693" 2021 141935 58.19335
"694" 2021 147582 64.93608
"695" 2021 152499 71.67453
"696" 2021 154589 85.02395
"697" 2021 154705 88.18185
"698" 2021 152623 91.5738
"699" 2021 152700 93.147
"700" 2021 150019 90.761495
"701" 2021 149758 95.84512
"702" 2021 146974 116.10946
"703" 2021 148204 128.19646
"704" 2021 148159 119.267995
"705" 2021 151369 135.475255
"706" 2021 152850 148.2645
"707" 2021 154830 160.24905
"708" 2021 152169 174.233505
"709" 2021 150213 197.530095
"710" 2021 148281 226.128525
"711" 2021 146122 254.25228
"712" 2021 143796 258.8328
"713" 2021 147626 282.70379
"714" 2021 150467 319.742375
"715" 2021 154825 366.93525
"716" 2021 157586 400.26844
"717" 2021 158835 444.738
"718" 2021 156740 496.0821
"719" 2021 156004 555.37424
"720" 2021 155811 596.75613
"721" 2021 159230 661.60065
"722" 2021 162037 782.63871
"723" 2021 165861 890.67357
"724" 2021 161953 973.33753
"725" 2021 157810 1058.9051
"726" 2021 156559 1136.61834
"727" 2021 153628 1199.06654
"728" 2021 152374 1325.6538
"729" 2021 147343 1387.97106
"730" 2021 142810 1425.2438
"731" 2021 138743 1488.71239
"732" 2021 135086 1535.25239
"733" 2021 130912 1586.65344
"734" 2021 126198 1684.11231
"735" 2021 123560 1797.1802
"736" 2021 117051 1828.921875
"737" 2021 116303 1962.03161
"738" 2021 113933 2099.215525
"739" 2021 113187 2314.108215
"740" 2021 110011 2534.103385
"741" 2021 108077 2699.76346
"742" 2021 89556 2429.65428
"743" 2021 87214 2654.79416
"744" 2021 80505 2679.2064
"745" 2021 69230 2640.08605
"746" 2021 60966 2664.51903
"747" 2021 65657 3167.29368
"748" 2021 68333 3672.557085
"749" 2021 66133 4077.76078
"750" 2021 60268 4225.99216
"751" 2021 55285 4302.002275
"752" 2021 50534 4486.15585
"753" 2021 47333 4791.282925
"754" 2021 42241 4881.36996
"755" 2021 38710 5080.3004
"756" 2021 33678.54 4914.3725568
"757" 2021 28797.96 4712.9301438
"758" 2021 22668.5 4083.50359
"759" 2021 18179.28 3634.947036
"760" 2021 14063.45 3220.74100175
"761" 2021 10920.45 2735.354316
"762" 2021 8125.13 2179.4848712
"763" 2021 5904.21 1727.0404671
"764" 2021 4138.01 1313.17678345
"765" 2021 2714.97 929.78220105
"766" 2021 1800.34 661.7779789
"767" 2021 1113.3 436.8756195
"768" 2021 510.46 212.6933682
"769" 2021 194.55 85.62048225
"770" 2021 116.22 53.7482634
"771" 2021 90.09 43.56887535
"772" 2021 44.38 22.3406701
"773" 2021 32.51 16.9611172
"774" 2021 10.41 5.60625345
"775" 2021 4.74 2.6253201
"776" 2021 5.23 4.08240725
"777" 2021 2.29 2.29
