"year" "population" "expected"
"1" 2015 124803 451.78686
"2" 2015 126087 22.69566
"3" 2015 129363 14.876745
"4" 2015 130899 11.126415
"5" 2015 133261 8.661965
"6" 2015 132405 8.606325
"7" 2015 132789 6.63945
"8" 2015 130235 7.8141
"9" 2015 129450 9.0615
"10" 2015 126501 6.957555
"11" 2015 124781 8.73467
"12" 2015 121675 9.125625
"13" 2015 120814 12.0814
"14" 2015 122796 14.12154
"15" 2015 124887 16.859745
"16" 2015 123316 20.96372
"17" 2015 124131 21.722925
"18" 2015 126324 34.7391
"19" 2015 127334 37.56353
"20" 2015 127283 31.82075
"21" 2015 129469 44.666805
"22" 2015 135202 50.02474
"23" 2015 141166 45.87895
"24" 2015 144389 49.814205
"25" 2015 145342 47.23615
"26" 2015 143942 53.25854
"27" 2015 144636 60.02394
"28" 2015 142964 58.61524
"29" 2015 143476 64.5642
"30" 2015 141064 72.64796
"31" 2015 143064 76.53924
"32" 2015 143691 74.000865
"33" 2015 146980 81.5739
"34" 2015 148933 85.636475
"35" 2015 151062 89.88189
"36" 2015 148928 95.31392
"37" 2015 147170 103.75485
"38" 2015 145445 112.719875
"39" 2015 143958 126.68304
"40" 2015 141751 140.33349
"41" 2015 145681 145.681
"42" 2015 149289 167.20368
"43" 2015 154146 188.82885
"44" 2015 157278 202.88862
"45" 2015 158761 240.522915
"46" 2015 157140 256.9239
"47" 2015 156622 272.52228
"48" 2015 157201 295.53788
"49" 2015 161275 337.871125
"50" 2015 164564 381.78848
"51" 2015 169080 431.154
"52" 2015 165652 471.27994
"53" 2015 161799 503.19489
"54" 2015 161084 555.7398
"55" 2015 158667 591.82791
"56" 2015 158336 634.92736
"57" 2015 153981 674.43678
"58" 2015 150073 727.103685
"59" 2015 146665 767.05795
"60" 2015 143949 832.02522
"61" 2015 140026 924.87173
"62" 2015 135658 1018.11329
"63" 2015 133508 1114.12426
"64" 2015 127189 1158.69179
"65" 2015 126940 1270.6694
"66" 2015 124858 1331.61057
"67" 2015 124851 1448.895855
"68" 2015 122165 1506.905275
"69" 2015 121228 1608.69556
"70" 2015 101358 1514.28852
"71" 2015 99854 1626.62166
"72" 2015 93370 1665.7208
"73" 2015 81385 1592.297525
"74" 2015 73009 1589.40593
"75" 2015 80251 1908.36878
"76" 2015 85193 2151.12325
"77" 2015 84718 2408.95633
"78" 2015 79586 2529.24308
"79" 2015 75491 2611.23369
"80" 2015 72266 2791.63558
"81" 2015 70677 3041.23131
"82" 2015 67053 3231.28407
"83" 2015 65875 3642.8875
"84" 2015 61350.54 3815.3900826
"85" 2015 57170.96 4021.977036
"86" 2015 49409.5 3993.5228375
"87" 2015 43790.28 4050.3819486
"88" 2015 38142.45 4056.068133
"89" 2015 33324.45 3968.10888375
"90" 2015 28887.13 3865.82017225
"91" 2015 24195.21 3660.13039275
"92" 2015 19799.01 3270.796452
"93" 2015 15702.97 2858.64717365
"94" 2015 12358.34 2528.9489059
"95" 2015 9202.3 2080.64003
"96" 2015 5151.46 1274.7030197
"97" 2015 2542.55 688.10301925
"98" 2015 1794.22 528.5054432
"99" 2015 1394.09 444.70773955
"100" 2015 1095.38 376.4601984
"101" 2015 822.51 302.96744595
"102" 2015 496.41 194.9501352
"103" 2015 306.74 127.7679459
"104" 2015 190.23 83.6155965
"105" 2015 70.38 32.4845928
"106" 2015 54 26.04933
"107" 2015 21.53 10.80622995
"108" 2015 11.4 5.928399
"109" 2015 1.72 0.9231498
"110" 2015 2.94 2.2706943
"111" 2015 0.32 0.32
"112" 2016 122381 443.01922
"113" 2016 126288 22.73184
"114" 2016 127278 14.63697
"115" 2016 130321 11.077285
"116" 2016 131908 8.57402
"117" 2016 134243 8.725795
"118" 2016 133326 6.6663
"119" 2016 133740 8.0244
"120" 2016 131090 9.1763
"121" 2016 130309 7.166995
"122" 2016 127301 8.91107
"123" 2016 125561 9.417075
"124" 2016 122348 12.2348
"125" 2016 121551 13.978365
"126" 2016 123697 16.699095
"127" 2016 126107 21.43819
"128" 2016 125152 21.9016
"129" 2016 125677 34.561175
"130" 2016 128372 37.86974
"131" 2016 129529 32.38225
"132" 2016 130116 44.89002
"133" 2016 132005 48.84185
"134" 2016 137988 44.8461
"135" 2016 143893 49.643085
"136" 2016 147258 47.85885
"137" 2016 148074 54.78738
"138" 2016 146518 60.80497
"139" 2016 146817 60.19497
"140" 2016 145041 65.26845
"141" 2016 145171 74.763065
"142" 2016 142763 76.378205
"143" 2016 144372 74.35158
"144" 2016 144937 80.440035
"145" 2016 148102 85.15865
"146" 2016 149976 89.23572
"147" 2016 152038 97.30432
"148" 2016 149779 105.594195
"149" 2016 147883 114.609325
"150" 2016 146228 128.68064
"151" 2016 144449 143.00451
"152" 2016 142385 142.385
"153" 2016 146287 163.84144
"154" 2016 149587 183.244075
"155" 2016 154482 199.28178
"156" 2016 157564 238.70946
"157" 2016 158958 259.89633
"158" 2016 157189 273.50886
"159" 2016 156764 294.71632
"160" 2016 157183 329.298385
"161" 2016 161180 373.9376
"162" 2016 164328 419.0364
"163" 2016 168670 479.86615
"164" 2016 165144 513.59784
"165" 2016 161250 556.3125
"166" 2016 160493 598.63889
"167" 2016 158035 633.72035
"168" 2016 157577 690.18726
"169" 2016 153042 741.48849
"170" 2016 149161 780.11203
"171" 2016 145660 841.9148
"172" 2016 142727 942.711835
"173" 2016 138798 1041.67899
"174" 2016 134235 1120.191075
"175" 2016 132121 1203.62231
"176" 2016 125808 1259.33808
"177" 2016 125228 1335.55662
"178" 2016 123196 1429.68958
"179" 2016 123197 1519.634995
"180" 2016 120359 1597.16393
"181" 2016 119340 1782.9396
"182" 2016 99708 1624.24332
"183" 2016 98072 1749.60448
"184" 2016 91587 1791.899655
"185" 2016 79651 1734.00227
"186" 2016 71318 1695.94204
"187" 2016 78214 1974.9035
"188" 2016 82862 2356.18097
"189" 2016 82070 2608.1846
"190" 2016 76894 2659.76346
"191" 2016 72624 2805.46512
"192" 2016 69069 2972.03907
"193" 2016 67285 3242.46415
"194" 2016 63406 3506.3518
"195" 2016 61761 3840.91659
"196" 2016 57092.54 4016.460189
"197" 2016 52709.96 4260.282517
"198" 2016 45112.5 4172.6806875
"199" 2016 39380.28 4187.6989752
"200" 2016 33726.45 4015.97703375
"201" 2016 28970.45 3876.97047125
"202" 2016 24589.13 3719.72064075
"203" 2016 20338.21 3359.872292
"204" 2016 16184.01 2946.21810045
"205" 2016 12563.97 2571.02800095
"206" 2016 9529.34 2154.583774
"207" 2016 6932.3 1715.3629735
"208" 2016 3847.46 1041.2573371
"209" 2016 1800.55 530.370008
"210" 2016 1224.22 390.5200589
"211" 2016 895.09 307.6245312
"212" 2016 685.38 252.4562961
"213" 2016 501.51 196.9530072
"214" 2016 298.41 124.29820935
"215" 2016 169.74 74.609217
"216" 2016 97.23 44.8774788
"217" 2016 39.38 18.9967151
"218" 2016 27 13.551705
"219" 2016 9.53 4.95593355
"220" 2016 4.4 2.361546
"221" 2016 1.72 1.3284334
"222" 2016 1.26 1.26
"223" 2017 121779 440.83998
"224" 2017 123363 22.20534
"225" 2017 127120 14.6188
"226" 2017 127921 10.873285
"227" 2017 130954 8.51201
"228" 2017 132446 8.60899
"229" 2017 134737 6.73685
"230" 2017 133781 8.02686
"231" 2017 134308 9.40156
"232" 2017 131714 7.24427
"233" 2017 130813 9.15691
"234" 2017 127787 9.584025
"235" 2017 126049 12.6049
"236" 2017 122954 14.13971
"237" 2017 122094 16.48269
"238" 2017 124283 21.12811
"239" 2017 126900 22.2075
"240" 2017 125705 34.568875
"241" 2017 126643 37.359685
"242" 2017 129457 32.36425
"243" 2017 131069 45.218805
"244" 2017 131564 48.67868
"245" 2017 133409 43.357925
"246" 2017 139584 48.15648
"247" 2017 145514 47.29205
"248" 2017 148521 54.95277
"249" 2017 149172 61.90638
"250" 2017 147497 60.47377
"251" 2017 147611 66.42495
"252" 2017 145689 75.029835
"253" 2017 145700 77.9495
"254" 2017 143394 73.84791
"255" 2017 144716 80.31738
"256" 2017 145284 83.5383
"257" 2017 148367 88.278365
"258" 2017 150254 96.16256
"259" 2017 152159 107.272095
"260" 2017 149951 116.212025
"261" 2017 148116 130.34208
"262" 2017 146308 144.84492
"263" 2017 144475 144.475
"264" 2017 142393 159.48016
"265" 2017 146341 179.267725
"266" 2017 149577 192.95433
"267" 2017 154413 233.935695
"268" 2017 157322 257.22147
"269" 2017 158810 276.3294
"270" 2017 157048 295.25024
"271" 2017 156492 327.85074
"272" 2017 156837 363.86184
"273" 2017 160729 409.85895
"274" 2017 163825 466.082125
"275" 2017 168101 522.79411
"276" 2017 164501 567.52845
"277" 2017 160568 598.91864
"278" 2017 159743 640.56943
"279" 2017 157223 688.63674
"280" 2017 156638 758.91111
"281" 2017 151997 794.94431
"282" 2017 148089 855.95442
"283" 2017 144388 953.68274
"284" 2017 141363 1060.929315
"285" 2017 137370 1146.35265
"286" 2017 132868 1210.42748
"287" 2017 130686 1308.16686
"288" 2017 124102 1323.54783
"289" 2017 123494 1433.14787
"290" 2017 121563 1499.479605
"291" 2017 121386 1610.79222
"292" 2017 118527 1770.79338
"293" 2017 117332 1911.33828
"294" 2017 97961 1747.62424
"295" 2017 96179 1881.742135
"296" 2017 89627 1951.17979
"297" 2017 77847 1851.20166
"298" 2017 69571 1756.66775
"299" 2017 76042 2162.25427
"300" 2017 80330 2552.8874
"301" 2017 79397 2746.34223
"302" 2017 74038 2860.08794
"303" 2017 69715 2999.83645
"304" 2017 65875 3174.51625
"305" 2017 63778 3526.9234
"306" 2017 59643 3709.19817
"307" 2017 57641 4055.04435
"308" 2017 52750.54 4263.5623955
"309" 2017 48152.96 4453.9080352
"310" 2017 40777.5 4336.27935
"311" 2017 35081.28 4177.303416
"312" 2017 29609.45 3962.48464625
"313" 2017 24941.45 3773.01784875
"314" 2017 20857.13 3445.597876
"315" 2017 16817.21 3061.48899445
"316" 2017 13083.01 2677.24175135
"317" 2017 9904.97 2239.513717
"318" 2017 7291.34 1804.2056263
"319" 2017 5183.3 1402.7823955
"320" 2017 2754.46 811.3537376
"321" 2017 1240.55 395.72924725
"322" 2017 830.22 285.3300096
"323" 2017 603.09 222.14518605
"324" 2017 443.38 174.1241936
"325" 2017 327.51 136.41937785
"326" 2017 173.41 76.2223655
"327" 2017 88.74 40.9588344
"328" 2017 58.23 28.08986085
"329" 2017 16.38 8.2213677
"330" 2017 15 7.800525
"331" 2017 4.53 2.43131895
"332" 2017 2.4 1.853628
"333" 2017 0.98 0.98
"334" 2018 119571 432.84702
"335" 2018 122698 22.08564
"336" 2018 124212 14.28438
"337" 2018 127788 10.86198
"338" 2018 128593 8.358545
"339" 2018 131628 8.55582
"340" 2018 133023 6.65115
"341" 2018 135370 8.1222
"342" 2018 134294 9.40058
"343" 2018 134935 7.421425
"344" 2018 132262 9.25834
"345" 2018 131319 9.848925
"346" 2018 128248 12.8248
"347" 2018 126541 14.552215
"348" 2018 123460 16.6671
"349" 2018 122693 20.85781
"350" 2018 124948 21.8659
"351" 2018 127631 35.098525
"352" 2018 126947 37.449365
"353" 2018 127934 31.9835
"354" 2018 130888 45.15636
"355" 2018 132490 49.0213
"356" 2018 133290 43.31925
"357" 2018 135307 46.680915
"358" 2018 141487 45.983275
"359" 2018 147175 54.45475
"360" 2018 149955 62.231325
"361" 2018 150394 61.66154
"362" 2018 148715 66.92175
"363" 2018 148700 76.5805
"364" 2018 146640 78.4524
"365" 2018 146637 75.518055
"366" 2018 144005 79.922775
"367" 2018 145402 83.60615
"368" 2018 145865 86.789675
"369" 2018 148940 95.3216
"370" 2018 150876 106.36758
"371" 2018 152685 118.330875
"372" 2018 150311 132.27368
"373" 2018 148420 146.9358
"374" 2018 146705 146.705
"375" 2018 144829 162.20848
"376" 2018 142554 174.62865
"377" 2018 146549 189.04821
"378" 2018 149672 226.75308
"379" 2018 154398 252.44073
"380" 2018 157298 273.69852
"381" 2018 158675 298.309
"382" 2018 156923 328.753685
"383" 2018 156388 362.82016
"384" 2018 156678 399.5289
"385" 2018 160356 456.21282
"386" 2018 163376 508.09936
"387" 2018 167557 578.07165
"388" 2018 163941 611.49993
"389" 2018 160015 641.66015
"390" 2018 159059 696.67842
"391" 2018 156411 757.811295
"392" 2018 155777 814.71371
"393" 2018 151075 873.2135
"394" 2018 146957 970.650985
"395" 2018 143128 1074.17564
"396" 2018 139911 1167.557295
"397" 2018 135941 1238.42251
"398" 2018 131484 1316.15484
"399" 2018 128995 1375.731675
"400" 2018 122441 1420.927805
"401" 2018 121784 1502.20564
"402" 2018 119802 1589.77254
"403" 2018 119555 1786.1517
"404" 2018 116547 1898.55063
"405" 2018 115319 2057.29096
"406" 2018 96125 1880.685625
"407" 2018 94133 2049.27541
"408" 2018 87595 2083.0091
"409" 2018 75989 1918.72225
"410" 2018 67635 1923.201225
"411" 2018 73708 2342.44024
"412" 2018 77735 2688.85365
"413" 2018 76515 2955.77445
"414" 2018 71078 3058.48634
"415" 2018 66539 3206.51441
"416" 2018 62490 3455.697
"417" 2018 60048 3734.38512
"418" 2018 55822 3927.0777
"419" 2018 53229 4302.233925
"420" 2018 48215.54 4459.6963723
"421" 2018 43491.96 4624.9350264
"422" 2018 36334.5 4326.5305875
"423" 2018 30795.28 4121.178346
"424" 2018 25466.45 3852.43722375
"425" 2018 21028.45 3473.89994
"426" 2018 17106.13 3114.08543585
"427" 2018 13613.21 2785.73922835
"428" 2018 10330.01 2335.615261
"429" 2018 7598.97 1880.32713165
"430" 2018 5359.34 1450.4249809
"431" 2018 3727.3 1097.913488
"432" 2018 1921.46 612.9361327
"433" 2018 842.55 289.567584
"434" 2018 560.22 206.3542359
"435" 2018 370.09 145.3417448
"436" 2018 245.38 102.2093583
"437" 2018 216.51 95.1669705
"438" 2018 98.41 45.4221196
"439" 2018 42.74 20.6175623
"440" 2018 31.23 15.67480545
"441" 2018 7.38 3.8378583
"442" 2018 8 4.29372
"443" 2018 2.53 1.95403285
"444" 2018 0.39 0.39
"445" 2019 118269 428.13378
"446" 2019 120596 21.70728
"447" 2019 123554 14.20871
"448" 2019 125153 10.638005
"449" 2019 128604 8.35926
"450" 2019 129381 8.409765
"451" 2019 132331 6.61655
"452" 2019 133654 8.01924
"453" 2019 136107 9.52749
"454" 2019 135112 7.43116
"455" 2019 135665 9.49655
"456" 2019 132927 9.969525
"457" 2019 132023 13.2023
"458" 2019 128937 14.827755
"459" 2019 127253 17.179155
"460" 2019 124249 21.12233
"461" 2019 123717 21.650475
"462" 2019 125970 34.64175
"463" 2019 129141 38.096595
"464" 2019 128425 32.10625
"465" 2019 129816 44.78652
"466" 2019 132810 49.1397
"467" 2019 134515 43.717375
"468" 2019 135534 46.75923
"469" 2019 137645 44.734625
"470" 2019 143725 53.17825
"471" 2019 149244 61.93626
"472" 2019 151589 62.15149
"473" 2019 151893 68.35185
"474" 2019 150096 77.29944
"475" 2019 150104 80.30564
"476" 2019 147621 76.024815
"477" 2019 147683 81.964065
"478" 2019 145124 83.4463
"479" 2019 146248 87.01756
"480" 2019 146511 93.76704
"481" 2019 149745 105.570225
"482" 2019 151431 117.359025
"483" 2019 153291 134.89608
"484" 2019 150806 149.29794
"485" 2019 148992 148.992
"486" 2019 147237 164.90544
"487" 2019 145269 177.954525
"488" 2019 142983 184.44807
"489" 2019 146893 222.542895
"490" 2019 149918 245.11593
"491" 2019 154583 268.97442
"492" 2019 157297 295.71836
"493" 2019 158809 332.704855
"494" 2019 156921 364.05672
"495" 2019 156346 398.6823
"496" 2019 156504 445.25388
"497" 2019 160005 497.61555
"498" 2019 163005 562.36725
"499" 2019 167069 623.16737
"500" 2019 163359 655.06959
"501" 2019 159337 697.89606
"502" 2019 158299 766.958655
"503" 2019 155568 813.62064
"504" 2019 154764 894.53592
"505" 2019 149897 990.069685
"506" 2019 145740 1093.7787
"507" 2019 141788 1183.22086
"508" 2019 138467 1261.43437
"509" 2019 134511 1346.45511
"510" 2019 129677 1383.005205
"511" 2019 127241 1476.631805
"512" 2019 120715 1489.019525
"513" 2019 120049 1593.05023
"514" 2019 117950 1762.173
"515" 2019 117579 1915.36191
"516" 2019 114577 2044.05368
"517" 2019 113220 2215.1493
"518" 2019 94125 2049.10125
"519" 2019 92037 2188.63986
"520" 2019 85459 2157.83975
"521" 2019 74021 2104.787135
"522" 2019 65646 2086.22988
"523" 2019 71326 2467.16634
"524" 2019 74868 2892.15084
"525" 2019 73407 3158.70321
"526" 2019 67822 3268.34218
"527" 2019 63207 3495.3471
"528" 2019 58903 3663.17757
"529" 2019 56046 3942.8361
"530" 2019 51718 4180.10735
"531" 2019 48664 4501.17668
"532" 2019 43596.54 4636.0560636
"533" 2019 38873.96 4628.916787
"534" 2019 31864.5 4264.2667125
"535" 2019 26601.28 4024.108632
"536" 2019 21592.45 3567.07274
"537" 2019 17454.45 3177.49535025
"538" 2019 13780.13 2819.89690255
"539" 2019 10689.21 2416.830381
"540" 2019 7841.01 1940.21871945
"541" 2019 5599.97 1515.54788095
"542" 2019 3865.34 1138.5745504
"543" 2019 2618.3 835.2246085
"544" 2019 1301.46 447.2857728
"545" 2019 523.55 192.84702475
"546" 2019 344.22 135.1820784
"547" 2019 240.09 100.00588815
"548" 2019 134.38 59.066729
"549" 2019 116.51 53.7763556
"550" 2019 45.41 21.90555695
"551" 2019 23.74 11.9154621
"552" 2019 14.23 7.40009805
"553" 2019 3.38 1.8140967
"554" 2019 4 3.08938
"555" 2019 1.92 1.92
"556" 2020 117654 425.90748
"557" 2020 119619 21.53142
"558" 2020 121595 13.983425
"559" 2020 124527 10.584795
"560" 2020 126012 8.19078
"561" 2020 129536 8.41984
"562" 2020 130163 6.50815
"563" 2020 133245 7.9947
"564" 2020 134551 9.41857
"565" 2020 136843 7.526365
"566" 2020 135839 9.50873
"567" 2020 136424 10.2318
"568" 2020 133749 13.3749
"569" 2020 132774 15.26901
"570" 2020 129583 17.493705
"571" 2020 128150 21.7855
"572" 2020 125413 21.947275
"573" 2020 124567 34.255925
"574" 2020 127444 37.59598
"575" 2020 130868 32.717
"576" 2020 130488 45.01836
"577" 2020 131930 48.8141
"578" 2020 134872 43.8334
"579" 2020 136976 47.25672
"580" 2020 138051 44.866575
"581" 2020 140110 51.8407
"582" 2020 146050 60.61075
"583" 2020 151123 61.96043
"584" 2020 153429 69.04305
"585" 2020 153724 79.16786
"586" 2020 151617 81.115095
"587" 2020 151744 78.14816
"588" 2020 149034 82.71387
"589" 2020 148879 85.605425
"590" 2020 146263 87.026485
"591" 2020 147373 94.31872
"592" 2020 147454 103.95507
"593" 2020 150629 116.737475
"594" 2020 152234 133.96592
"595" 2020 154189 152.64711
"596" 2020 151616 151.616
"597" 2020 149804 167.78048
"598" 2020 147868 181.1383
"599" 2020 145879 188.18391
"600" 2020 143457 217.337355
"601" 2020 147372 240.95322
"602" 2020 150211 261.36714
"603" 2020 154773 290.97324
"604" 2020 157521 330.006495
"605" 2020 158928 368.71296
"606" 2020 156861 399.99555
"607" 2020 156231 444.477195
"608" 2020 156230 485.8753
"609" 2020 159675 550.87875
"610" 2020 162523 606.21079
"611" 2020 166530 667.7853
"612" 2020 162729 712.75302
"613" 2020 158680 768.8046
"614" 2020 157522 823.84006
"615" 2020 154679 894.04462
"616" 2020 153698 1015.17529
"617" 2020 148709 1116.061045
"618" 2020 144386 1204.90117
"619" 2020 140280 1277.9508
"620" 2020 136911 1370.47911
"621" 2020 132686 1415.09619
"622" 2020 127950 1484.85975
"623" 2020 125488 1547.89448
"624" 2020 119079 1580.17833
"625" 2020 118326 1767.79044
"626" 2020 116076 1890.87804
"627" 2020 115534 2061.12656
"628" 2020 112519 2201.434235
"629" 2020 110865 2413.53105
"630" 2020 92052 2188.99656
"631" 2020 89808 2267.652
"632" 2020 83243 2367.014705
"633" 2020 71934 2286.06252
"634" 2020 63488 2196.04992
"635" 2020 68832 2658.98016
"636" 2020 72044 3100.05332
"637" 2020 70172 3381.58868
"638" 2020 64543 3569.2279
"639" 2020 59738 3715.10622
"640" 2020 55152 3879.9432
"641" 2020 52223 4220.923975
"642" 2020 47487 4392.310065
"643" 2020 44109 4690.55106
"644" 2020 39014.54 4645.6563505
"645" 2020 34221.96 4579.753797
"646" 2020 27602.5 4175.5681875
"647" 2020 22629.28 3738.357056
"648" 2020 17975.45 3272.34079525
"649" 2020 14302.45 2926.78185575
"650" 2020 10999.13 2486.903293
"651" 2020 8248.21 2040.97832345
"652" 2020 5887.01 1593.23095135
"653" 2020 4075.97 1200.6177232
"654" 2020 2765.34 882.1296333
"655" 2020 1801.3 619.070784
"656" 2020 874.46 322.1029687
"657" 2020 334.55 131.384476
"658" 2020 205.22 85.4813127
"659" 2020 154.09 67.7302595
"660" 2020 73.38 33.8692728
"661" 2020 74.51 35.94325145
"662" 2020 21.41 10.74600015
"663" 2020 13.74 7.1452809
"664" 2020 9.23 4.95387945
"665" 2020 2.38 1.8381811
"666" 2020 3.92 3.92
"667" 2021 114216 413.46192
"668" 2021 118487 21.32766
"669" 2021 120271 13.831165
"670" 2021 122113 10.379605
"671" 2021 125158 8.13527
"672" 2021 126608 8.22952
"673" 2021 130094 6.5047
"674" 2021 130663 7.83978
"675" 2021 133809 9.36663
"676" 2021 135182 7.43501
"677" 2021 137520 9.6264
"678" 2021 136516 10.2387
"679" 2021 137045 13.7045
"680" 2021 134315 15.446225
"681" 2021 133440 18.0144
"682" 2021 130380 22.1646
"683" 2021 129182 22.60685
"684" 2021 126213 34.708575
"685" 2021 125931 37.149645
"686" 2021 128825 32.20625
"687" 2021 132441 45.692145
"688" 2021 132034 48.85258
"689" 2021 133555 43.405375
"690" 2021 136909 47.233605
"691" 2021 138871 45.133075
"692" 2021 139992 51.79704
"693" 2021 141935 58.903025
"694" 2021 147582 60.50862
"695" 2021 152499 68.62455
"696" 2021 154589 79.613335
"697" 2021 154705 82.767175
"698" 2021 152623 78.600845
"699" 2021 152700 84.7485
"700" 2021 150019 86.260925
"701" 2021 149758 89.10601
"702" 2021 146974 94.06336
"703" 2021 148204 104.48382
"704" 2021 148159 114.823225
"705" 2021 151369 133.20472
"706" 2021 152850 151.3215
"707" 2021 154830 154.83
"708" 2021 152169 170.42928
"709" 2021 150213 184.010925
"710" 2021 148281 191.28249
"711" 2021 146122 221.37483
"712" 2021 143796 235.10646
"713" 2021 147626 256.86924
"714" 2021 150467 282.87796
"715" 2021 154825 324.358375
"716" 2021 157586 365.59952
"717" 2021 158835 405.02925
"718" 2021 156740 445.9253
"719" 2021 156004 485.17244
"720" 2021 155811 537.54795
"721" 2021 159230 593.9279
"722" 2021 162037 649.76837
"723" 2021 165861 726.47118
"724" 2021 161953 784.662285
"725" 2021 157810 825.3463
"726" 2021 156559 904.91102
"727" 2021 153628 1014.71294
"728" 2021 152374 1143.56687
"729" 2021 147343 1229.577335
"730" 2021 142810 1300.9991
"731" 2021 138743 1388.81743
"732" 2021 135086 1440.69219
"733" 2021 130912 1519.23376
"734" 2021 126198 1556.65233
"735" 2021 123560 1639.6412
"736" 2021 117051 1748.74194
"737" 2021 116303 1894.57587
"738" 2021 113933 2032.56472
"739" 2021 113187 2214.503655
"740" 2021 110011 2394.93947
"741" 2021 108077 2570.07106
"742" 2021 89556 2261.289
"743" 2021 87214 2479.93009
"744" 2021 80505 2558.4489
"745" 2021 69230 2394.6657
"746" 2021 60966 2355.11658
"747" 2021 65657 2825.22071
"748" 2021 68333 3292.96727
"749" 2021 66133 3657.1549
"750" 2021 60268 3748.06692
"751" 2021 55285 3889.29975
"752" 2021 50534 4084.41055
"753" 2021 47333 4378.065835
"754" 2021 42241 4491.90794
"755" 2021 38710 4609.39325
"756" 2021 33678.54 4507.0306155
"757" 2021 28797.96 4356.411399
"758" 2021 22668.5 3744.8362
"759" 2021 18179.28 3309.4470276
"760" 2021 14063.45 2877.87409075
"761" 2021 10920.45 2469.113745
"762" 2021 8125.13 2010.52279285
"763" 2021 5904.21 1597.88587335
"764" 2021 4138.01 1218.8922256
"765" 2021 2714.97 866.06185515
"766" 2021 1800.34 618.7408512
"767" 2021 1113.3 410.0784885
"768" 2021 510.46 200.4678512
"769" 2021 194.55 81.03688425
"770" 2021 116.22 51.084501
"771" 2021 90.09 41.5819404
"772" 2021 44.38 21.4086901
"773" 2021 32.51 16.31725665
"774" 2021 10.41 5.41356435
"775" 2021 4.74 2.5440291
"776" 2021 5.23 4.03936435
"777" 2021 2.29 2.29
