"year" "population" "expected"
"1" 2015 124803 431.81838
"2" 2015 126087 25.847835
"3" 2015 129363 17.464005
"4" 2015 130899 13.744395
"5" 2015 133261 13.3261
"6" 2015 132405 12.578475
"7" 2015 132789 11.287065
"8" 2015 130235 11.069975
"9" 2015 129450 11.00325
"10" 2015 126501 8.85507
"11" 2015 124781 9.358575
"12" 2015 121675 10.95075
"13" 2015 120814 12.0814
"14" 2015 122796 12.89358
"15" 2015 124887 14.362005
"16" 2015 123316 17.88082
"17" 2015 124131 22.34358
"18" 2015 126324 31.581
"19" 2015 127334 40.74688
"20" 2015 127283 43.27622
"21" 2015 129469 45.961495
"22" 2015 135202 51.37676
"23" 2015 141166 55.05474
"24" 2015 144389 59.19949
"25" 2015 145342 59.59022
"26" 2015 143942 57.5768
"27" 2015 144636 60.74712
"28" 2015 142964 64.3338
"29" 2015 143476 66.71634
"30" 2015 141064 71.23732
"31" 2015 143064 78.6852
"32" 2015 143691 83.34078
"33" 2015 146980 88.188
"34" 2015 148933 90.84913
"35" 2015 151062 98.94561
"36" 2015 148928 108.71744
"37" 2015 147170 118.47185
"38" 2015 145445 118.537675
"39" 2015 143958 128.12262
"40" 2015 141751 138.207225
"41" 2015 145681 146.409405
"42" 2015 149289 167.950125
"43" 2015 154146 192.6825
"44" 2015 157278 226.48032
"45" 2015 158761 257.19282
"46" 2015 157140 265.5666
"47" 2015 156622 289.7507
"48" 2015 157201 318.332025
"49" 2015 161275 362.86875
"50" 2015 164564 403.1818
"51" 2015 169080 448.9074
"52" 2015 165652 487.84514
"53" 2015 161799 525.037755
"54" 2015 161084 578.29156
"55" 2015 158667 621.181305
"56" 2015 158336 681.63648
"57" 2015 153981 748.34766
"58" 2015 150073 812.645295
"59" 2015 146665 861.656875
"60" 2015 143949 934.948755
"61" 2015 140026 1014.48837
"62" 2015 135658 1104.25612
"63" 2015 133508 1176.20548
"64" 2015 127189 1200.028215
"65" 2015 126940 1311.2902
"66" 2015 124858 1386.54809
"67" 2015 124851 1495.71498
"68" 2015 122165 1579.59345
"69" 2015 121228 1699.61656
"70" 2015 101358 1548.75024
"71" 2015 99854 1646.09319
"72" 2015 93370 1684.3948
"73" 2015 81385 1635.431575
"74" 2015 73009 1618.60953
"75" 2015 80251 1934.450355
"76" 2015 85193 2257.188535
"77" 2015 84718 2490.7092
"78" 2015 79586 2582.16777
"79" 2015 75491 2734.661475
"80" 2015 72266 2932.19295
"81" 2015 70677 3209.44257
"82" 2015 67053 3434.119395
"83" 2015 65875 3835.2425
"84" 2015 61350.54 4040.8533171
"85" 2015 57170.96 4264.953616
"86" 2015 49409.5 4213.3951125
"87" 2015 43790.28 4233.8632218
"88" 2015 38142.45 4183.8453405
"89" 2015 33324.45 4131.39868875
"90" 2015 28887.13 4017.6220404
"91" 2015 24195.21 3772.5171432
"92" 2015 19799.01 3421.6649082
"93" 2015 15702.97 2999.03172545
"94" 2015 12358.34 2635.9103386
"95" 2015 9202.3 2164.1509025
"96" 2015 5151.46 1320.576771
"97" 2015 2542.55 711.77415975
"98" 2015 1794.22 545.8106951
"99" 2015 1394.09 458.4883192
"100" 2015 1095.38 387.4413829
"101" 2015 822.51 311.237784
"102" 2015 496.41 199.8993429
"103" 2015 306.74 130.7678631
"104" 2015 190.23 85.4208792
"105" 2015 70.38 33.1257546
"106" 2015 54 26.5167
"107" 2015 21.53 10.9815918
"108" 2015 11.4 6.015039
"109" 2015 1.72 0.9352414
"110" 2015 2.94 2.2806021
"111" 2015 0.32 0.32
"112" 2016 122381 423.43826
"113" 2016 126288 25.88904
"114" 2016 127278 17.18253
"115" 2016 130321 13.683705
"116" 2016 131908 13.1908
"117" 2016 134243 12.753085
"118" 2016 133326 11.33271
"119" 2016 133740 11.3679
"120" 2016 131090 11.14265
"121" 2016 130309 9.12163
"122" 2016 127301 9.547575
"123" 2016 125561 11.30049
"124" 2016 122348 12.2348
"125" 2016 121551 12.762855
"126" 2016 123697 14.225155
"127" 2016 126107 18.285515
"128" 2016 125152 22.52736
"129" 2016 125677 31.41925
"130" 2016 128372 41.07904
"131" 2016 129529 44.03986
"132" 2016 130116 46.19118
"133" 2016 132005 50.1619
"134" 2016 137988 53.81532
"135" 2016 143893 58.99613
"136" 2016 147258 60.37578
"137" 2016 148074 59.2296
"138" 2016 146518 61.53756
"139" 2016 146817 66.06765
"140" 2016 145041 67.444065
"141" 2016 145171 73.311355
"142" 2016 142763 78.51965
"143" 2016 144372 83.73576
"144" 2016 144937 86.9622
"145" 2016 148102 90.34222
"146" 2016 149976 98.23428
"147" 2016 152038 110.98774
"148" 2016 149779 120.572095
"149" 2016 147883 120.524645
"150" 2016 146228 130.14292
"151" 2016 144449 140.837775
"152" 2016 142385 143.096925
"153" 2016 146287 164.572875
"154" 2016 149587 186.98375
"155" 2016 154482 222.45408
"156" 2016 157564 255.25368
"157" 2016 158958 268.63902
"158" 2016 157189 290.79965
"159" 2016 156764 317.4471
"160" 2016 157183 353.66175
"161" 2016 161180 394.891
"162" 2016 164328 436.29084
"163" 2016 168670 496.73315
"164" 2016 165144 535.89228
"165" 2016 161250 578.8875
"166" 2016 160493 628.330095
"167" 2016 158035 680.340675
"168" 2016 157577 765.82422
"169" 2016 153042 828.72243
"170" 2016 149161 876.320875
"171" 2016 145660 946.0617
"172" 2016 142727 1034.057115
"173" 2016 138798 1129.81572
"174" 2016 134235 1182.61035
"175" 2016 132121 1246.561635
"176" 2016 125808 1299.59664
"177" 2016 125228 1390.65694
"178" 2016 123196 1475.88808
"179" 2016 123197 1592.93721
"180" 2016 120359 1687.43318
"181" 2016 119340 1823.5152
"182" 2016 99708 1643.68638
"183" 2016 98072 1769.21888
"184" 2016 91587 1840.440765
"185" 2016 79651 1765.86267
"186" 2016 71318 1719.12039
"187" 2016 78214 2072.27993
"188" 2016 82862 2436.1428
"189" 2016 82070 2662.76115
"190" 2016 76894 2785.48515
"191" 2016 72624 2946.7188
"192" 2016 69069 3136.42329
"193" 2016 67285 3446.001275
"194" 2016 63406 3691.49732
"195" 2016 61761 4067.888265
"196" 2016 57092.54 4259.103484
"197" 2016 52709.96 4494.841839
"198" 2016 45112.5 4361.7020625
"199" 2016 39380.28 4319.6229132
"200" 2016 33726.45 4181.23663875
"201" 2016 28970.45 4029.210186
"202" 2016 24589.13 3833.9371496
"203" 2016 20338.21 3514.8494522
"204" 2016 16184.01 3090.90314985
"205" 2016 12563.97 2679.7691613
"206" 2016 9529.34 2241.0625345
"207" 2016 6932.3 1777.095105
"208" 2016 3847.46 1077.0771897
"209" 2016 1800.55 547.73631275
"210" 2016 1224.22 402.6214736
"211" 2016 895.09 316.59780845
"212" 2016 685.38 259.347792
"213" 2016 501.51 201.9530619
"214" 2016 298.41 127.21665915
"215" 2016 169.74 76.2200496
"216" 2016 97.23 45.7632441
"217" 2016 39.38 19.337549
"218" 2016 27 13.77162
"219" 2016 9.53 5.02836155
"220" 2016 4.4 2.392478
"221" 2016 1.72 1.3342298
"222" 2016 1.26 1.26
"223" 2017 121779 421.35534
"224" 2017 123363 25.289415
"225" 2017 127120 17.1612
"226" 2017 127921 13.431705
"227" 2017 130954 13.0954
"228" 2017 132446 12.58237
"229" 2017 134737 11.452645
"230" 2017 133781 11.371385
"231" 2017 134308 11.41618
"232" 2017 131714 9.21998
"233" 2017 130813 9.810975
"234" 2017 127787 11.50083
"235" 2017 126049 12.6049
"236" 2017 122954 12.91017
"237" 2017 122094 14.04081
"238" 2017 124283 18.021035
"239" 2017 126900 22.842
"240" 2017 125705 31.42625
"241" 2017 126643 40.52576
"242" 2017 129457 44.01538
"243" 2017 131069 46.529495
"244" 2017 131564 49.99432
"245" 2017 133409 52.02951
"246" 2017 139584 57.22944
"247" 2017 145514 59.66074
"248" 2017 148521 59.4084
"249" 2017 149172 62.65224
"250" 2017 147497 66.37365
"251" 2017 147611 68.639115
"252" 2017 145689 73.572945
"253" 2017 145700 80.135
"254" 2017 143394 83.16852
"255" 2017 144716 86.8296
"256" 2017 145284 88.62324
"257" 2017 148367 97.180385
"258" 2017 150254 109.68542
"259" 2017 152159 122.487995
"260" 2017 149951 122.210065
"261" 2017 148116 131.82324
"262" 2017 146308 142.6503
"263" 2017 144475 145.197375
"264" 2017 142393 160.192125
"265" 2017 146341 182.92625
"266" 2017 149577 215.39088
"267" 2017 154413 250.14906
"268" 2017 157322 265.87418
"269" 2017 158810 293.7985
"270" 2017 157048 318.0222
"271" 2017 156492 352.107
"272" 2017 156837 384.25065
"273" 2017 160729 426.735495
"274" 2017 163825 482.464625
"275" 2017 168101 545.487745
"276" 2017 164501 590.55859
"277" 2017 160568 628.62372
"278" 2017 159743 687.693615
"279" 2017 157223 764.10378
"280" 2017 156638 848.19477
"281" 2017 151997 892.982375
"282" 2017 148089 961.838055
"283" 2017 144388 1046.09106
"284" 2017 141363 1150.69482
"285" 2017 137370 1210.2297
"286" 2017 132868 1253.60958
"287" 2017 130686 1349.98638
"288" 2017 124102 1378.15271
"289" 2017 123494 1479.45812
"290" 2017 121563 1571.80959
"291" 2017 121386 1701.83172
"292" 2017 118527 1811.09256
"293" 2017 117332 1934.21802
"294" 2017 97961 1767.21644
"295" 2017 96179 1932.717005
"296" 2017 89627 1987.03059
"297" 2017 77847 1876.501935
"298" 2017 69571 1843.283645
"299" 2017 76042 2235.6348
"300" 2017 80330 2606.30685
"301" 2017 79397 2876.156325
"302" 2017 74038 3004.09185
"303" 2017 69715 3165.75815
"304" 2017 65875 3373.788125
"305" 2017 63778 3713.15516
"306" 2017 59643 3928.386195
"307" 2017 57641 4300.0186
"308" 2017 52750.54 4498.3022985
"309" 2017 48152.96 4655.6689376
"310" 2017 40777.5 4472.883975
"311" 2017 35081.28 4349.201688
"312" 2017 29609.45 4118.082306
"313" 2017 24941.45 3888.870884
"314" 2017 20857.13 3604.5292066
"315" 2017 16817.21 3211.83485185
"316" 2017 13083.01 2790.4752029
"317" 2017 9904.97 2329.40131975
"318" 2017 7291.34 1869.135009
"319" 2017 5183.3 1451.0389185
"320" 2017 2754.46 837.9205043
"321" 2017 1240.55 407.992084
"322" 2017 830.22 293.6529651
"323" 2017 603.09 228.209256
"324" 2017 443.38 178.5446922
"325" 2017 327.51 139.62242565
"326" 2017 173.41 77.8680264
"327" 2017 88.74 41.7672558
"328" 2017 58.23 28.5938415
"329" 2017 16.38 8.3547828
"330" 2017 15 7.914525
"331" 2017 4.53 2.46316485
"332" 2017 2.4 1.861716
"333" 2017 0.98 0.98
"334" 2018 119571 413.71566
"335" 2018 122698 25.15309
"336" 2018 124212 16.76862
"337" 2018 127788 13.41774
"338" 2018 128593 12.8593
"339" 2018 131628 12.50466
"340" 2018 133023 11.306955
"341" 2018 135370 11.50645
"342" 2018 134294 11.41499
"343" 2018 134935 9.44545
"344" 2018 132262 9.91965
"345" 2018 131319 11.81871
"346" 2018 128248 12.8248
"347" 2018 126541 13.286805
"348" 2018 123460 14.1979
"349" 2018 122693 17.790485
"350" 2018 124948 22.49064
"351" 2018 127631 31.90775
"352" 2018 126947 40.62304
"353" 2018 127934 43.49756
"354" 2018 130888 46.46524
"355" 2018 132490 50.3462
"356" 2018 133290 51.9831
"357" 2018 135307 55.47587
"358" 2018 141487 58.00967
"359" 2018 147175 58.87
"360" 2018 149955 62.9811
"361" 2018 150394 67.6773
"362" 2018 148715 69.152475
"363" 2018 148700 75.0935
"364" 2018 146640 80.652
"365" 2018 146637 85.04946
"366" 2018 144005 86.403
"367" 2018 145402 88.69522
"368" 2018 145865 95.541575
"369" 2018 148940 108.7262
"370" 2018 150876 121.45518
"371" 2018 152685 124.438275
"372" 2018 150311 133.77679
"373" 2018 148420 144.7095
"374" 2018 146705 147.438525
"375" 2018 144829 162.932625
"376" 2018 142554 178.1925
"377" 2018 146549 211.03056
"378" 2018 149672 242.46864
"379" 2018 154398 260.93262
"380" 2018 157298 291.0013
"381" 2018 158675 321.316875
"382" 2018 156923 353.07675
"383" 2018 156388 383.1506
"384" 2018 156678 415.98009
"385" 2018 160356 472.24842
"386" 2018 163376 530.15512
"387" 2018 167557 601.52963
"388" 2018 163941 641.829015
"389" 2018 160015 688.864575
"390" 2018 159059 773.02674
"391" 2018 156411 846.965565
"392" 2018 155777 915.189875
"393" 2018 151075 981.232125
"394" 2018 146957 1064.703465
"395" 2018 143128 1165.06192
"396" 2018 139911 1232.61591
"397" 2018 135941 1282.603335
"398" 2018 131484 1358.22972
"399" 2018 128995 1432.489475
"400" 2018 122441 1466.84318
"401" 2018 121784 1574.66712
"402" 2018 119802 1679.62404
"403" 2018 119555 1826.8004
"404" 2018 116547 1921.277295
"405" 2018 115319 2080.35476
"406" 2018 96125 1931.631875
"407" 2018 94133 2086.92861
"408" 2018 87595 2111.477475
"409" 2018 75989 2013.328555
"410" 2018 67635 1988.469
"411" 2018 73708 2391.45606
"412" 2018 77735 2815.950375
"413" 2018 76515 3104.596125
"414" 2018 71078 3227.65198
"415" 2018 66539 3407.794885
"416" 2018 62490 3638.1678
"417" 2018 60048 3955.06152
"418" 2018 55822 4164.3212
"419" 2018 53229 4539.102975
"420" 2018 48215.54 4661.7194849
"421" 2018 43491.96 4770.6330924
"422" 2018 36334.5 4504.5696375
"423" 2018 30795.28 4283.0075424
"424" 2018 25466.45 3970.728884
"425" 2018 21028.45 3634.136729
"426" 2018 17106.13 3267.01423805
"427" 2018 13613.21 2903.5615609
"428" 2018 10330.01 2429.36010175
"429" 2018 7598.97 1947.9959595
"430" 2018 5359.34 1500.3204363
"431" 2018 3727.3 1133.8632965
"432" 2018 1921.46 631.9297648
"433" 2018 842.55 298.01414775
"434" 2018 560.22 211.987248
"435" 2018 370.09 149.0315421
"436" 2018 245.38 104.6091747
"437" 2018 216.51 97.2216504
"438" 2018 98.41 46.3186347
"439" 2018 42.74 20.987477
"440" 2018 31.23 15.9291738
"441" 2018 7.38 3.8939463
"442" 2018 8 4.34996
"443" 2018 2.53 1.96255895
"444" 2018 0.39 0.39
"445" 2019 118269 409.21074
"446" 2019 120596 24.72218
"447" 2019 123554 16.67979
"448" 2019 125153 13.141065
"449" 2019 128604 12.8604
"450" 2019 129381 12.291195
"451" 2019 132331 11.248135
"452" 2019 133654 11.36059
"453" 2019 136107 11.569095
"454" 2019 135112 9.45784
"455" 2019 135665 10.174875
"456" 2019 132927 11.96343
"457" 2019 132023 13.2023
"458" 2019 128937 13.538385
"459" 2019 127253 14.634095
"460" 2019 124249 18.016105
"461" 2019 123717 22.26906
"462" 2019 125970 31.4925
"463" 2019 129141 41.32512
"464" 2019 128425 43.6645
"465" 2019 129816 46.08468
"466" 2019 132810 50.4678
"467" 2019 134515 52.46085
"468" 2019 135534 55.56894
"469" 2019 137645 56.43445
"470" 2019 143725 57.49
"471" 2019 149244 62.68248
"472" 2019 151589 68.21505
"473" 2019 151893 70.630245
"474" 2019 150096 75.79848
"475" 2019 150104 82.5572
"476" 2019 147621 85.62018
"477" 2019 147683 88.6098
"478" 2019 145124 88.52564
"479" 2019 146248 95.79244
"480" 2019 146511 106.95303
"481" 2019 149745 120.544725
"482" 2019 151431 123.416265
"483" 2019 153291 136.42899
"484" 2019 150806 147.03585
"485" 2019 148992 149.73696
"486" 2019 147237 165.641625
"487" 2019 145269 181.58625
"488" 2019 142983 205.89552
"489" 2019 146893 237.96666
"490" 2019 149918 253.36142
"491" 2019 154583 285.97855
"492" 2019 157297 318.526425
"493" 2019 158809 357.32025
"494" 2019 156921 384.45645
"495" 2019 156346 415.09863
"496" 2019 156504 460.90428
"497" 2019 160005 519.216225
"498" 2019 163005 585.18795
"499" 2019 167069 654.075135
"500" 2019 163359 703.260495
"501" 2019 159337 774.37782
"502" 2019 158299 857.189085
"503" 2019 155568 913.962
"504" 2019 154764 1005.19218
"505" 2019 149897 1086.003765
"506" 2019 145740 1186.3236
"507" 2019 141788 1249.15228
"508" 2019 138467 1306.436145
"509" 2019 134511 1389.49863
"510" 2019 129677 1440.063085
"511" 2019 127241 1524.34718
"512" 2019 120715 1560.84495
"513" 2019 120049 1683.08698
"514" 2019 117950 1802.276
"515" 2019 117579 1938.289815
"516" 2019 114577 2066.96908
"517" 2019 113220 2275.1559
"518" 2019 94125 2086.75125
"519" 2019 92037 2218.551885
"520" 2019 85459 2264.236205
"521" 2019 74021 2176.2174
"522" 2019 65646 2129.88447
"523" 2019 71326 2583.78435
"524" 2019 74868 3037.7691
"525" 2019 73407 3333.41187
"526" 2019 67822 3473.50373
"527" 2019 63207 3679.91154
"528" 2019 58903 3879.646095
"529" 2019 56046 4181.0316
"530" 2019 51718 4410.25245
"531" 2019 48664 4705.07884
"532" 2019 43596.54 4782.1044726
"533" 2019 38873.96 4819.399191
"534" 2019 31864.5 4431.71466
"535" 2019 26601.28 4147.6715776
"536" 2019 21592.45 3731.607209
"537" 2019 17454.45 3333.53813325
"538" 2019 13780.13 2939.1639277
"539" 2019 10689.21 2513.83496175
"540" 2019 7841.01 2010.0429135
"541" 2019 5599.97 1567.68360165
"542" 2019 3865.34 1175.8557547
"543" 2019 2618.3 861.106504
"544" 2019 1301.46 460.3329093
"545" 2019 523.55 198.11132
"546" 2019 344.22 138.6139518
"547" 2019 240.09 102.35396835
"548" 2019 134.38 60.3419952
"549" 2019 116.51 54.8377617
"550" 2019 45.41 22.2985805
"551" 2019 23.74 12.1088244
"552" 2019 14.23 7.50824605
"553" 2019 3.38 1.8378581
"554" 2019 4 3.10286
"555" 2019 1.92 1.92
"556" 2020 117654 407.08284
"557" 2020 119619 24.521895
"558" 2020 121595 16.415325
"559" 2020 124527 13.075335
"560" 2020 126012 12.6012
"561" 2020 129536 12.30592
"562" 2020 130163 11.063855
"563" 2020 133245 11.325825
"564" 2020 134551 11.436835
"565" 2020 136843 9.57901
"566" 2020 135839 10.187925
"567" 2020 136424 12.27816
"568" 2020 133749 13.3749
"569" 2020 132774 13.94127
"570" 2020 129583 14.902045
"571" 2020 128150 18.58175
"572" 2020 125413 22.57434
"573" 2020 124567 31.14175
"574" 2020 127444 40.78208
"575" 2020 130868 44.49512
"576" 2020 130488 46.32324
"577" 2020 131930 50.1334
"578" 2020 134872 52.60008
"579" 2020 136976 56.16016
"580" 2020 138051 56.60091
"581" 2020 140110 56.044
"582" 2020 146050 61.341
"583" 2020 151123 68.00535
"584" 2020 153429 71.344485
"585" 2020 153724 77.63062
"586" 2020 151617 83.38935
"587" 2020 151744 88.01152
"588" 2020 149034 89.4204
"589" 2020 148879 90.81619
"590" 2020 146263 95.802265
"591" 2020 147373 107.58229
"592" 2020 147454 118.70047
"593" 2020 150629 122.762635
"594" 2020 152234 135.48826
"595" 2020 154189 150.334275
"596" 2020 151616 152.37408
"597" 2020 149804 168.5295
"598" 2020 147868 184.835
"599" 2020 145879 210.06576
"600" 2020 143457 232.40034
"601" 2020 147372 249.05868
"602" 2020 150211 277.89035
"603" 2020 154773 313.415325
"604" 2020 157521 354.42225
"605" 2020 158928 389.3736
"606" 2020 156861 416.465955
"607" 2020 156231 460.100295
"608" 2020 156230 506.96635
"609" 2020 159675 573.23325
"610" 2020 162523 636.277545
"611" 2020 166530 716.91165
"612" 2020 162729 790.86294
"613" 2020 158680 859.2522
"614" 2020 157522 925.44175
"615" 2020 154679 1004.640105
"616" 2020 153698 1113.54201
"617" 2020 148709 1210.49126
"618" 2020 144386 1272.04066
"619" 2020 140280 1323.5418
"620" 2020 136911 1414.29063
"621" 2020 132686 1473.47803
"622" 2020 127950 1532.841
"623" 2020 125488 1622.55984
"624" 2020 119079 1669.48758
"625" 2020 118326 1808.02128
"626" 2020 116076 1913.51286
"627" 2020 115534 2084.23336
"628" 2020 112519 2261.069305
"629" 2020 110865 2457.87705
"630" 2020 92052 2218.91346
"631" 2020 89808 2379.46296
"632" 2020 83243 2447.3442
"633" 2020 71934 2333.89863
"634" 2020 63488 2299.8528
"635" 2020 68832 2792.8584
"636" 2020 72044 3271.51804
"637" 2020 70172 3593.85898
"638" 2020 64543 3757.69346
"639" 2020 59738 3934.64337
"640" 2020 55152 4114.3392
"641" 2020 52223 4453.316325
"642" 2020 47487 4591.280595
"643" 2020 44109 4838.31621
"644" 2020 39014.54 4836.8275965
"645" 2020 34221.96 4759.5901968
"646" 2020 27602.5 4303.7818
"647" 2020 22629.28 3910.7921696
"648" 2020 17975.45 3433.04131825
"649" 2020 14302.45 3050.5695605
"650" 2020 10999.13 2586.72039775
"651" 2020 8248.21 2114.4286335
"652" 2020 5887.01 1648.03901445
"653" 2020 4075.97 1239.93045385
"654" 2020 2765.34 909.4650192
"655" 2020 1801.3 637.1288165
"656" 2020 874.46 330.895664
"657" 2020 334.55 134.7199395
"658" 2020 205.22 87.4883643
"659" 2020 154.09 69.1925736
"660" 2020 73.38 34.5377646
"661" 2020 74.51 36.5881355
"662" 2020 21.41 10.9203846
"663" 2020 13.74 7.2497049
"664" 2020 9.23 5.01876635
"665" 2020 2.38 1.8462017
"666" 2020 3.92 3.92
"667" 2021 114216 395.18736
"668" 2021 118487 24.289835
"669" 2021 120271 16.236585
"670" 2021 122113 12.821865
"671" 2021 125158 12.5158
"672" 2021 126608 12.02776
"673" 2021 130094 11.05799
"674" 2021 130663 11.106355
"675" 2021 133809 11.373765
"676" 2021 135182 9.46274
"677" 2021 137520 10.314
"678" 2021 136516 12.28644
"679" 2021 137045 13.7045
"680" 2021 134315 14.103075
"681" 2021 133440 15.3456
"682" 2021 130380 18.9051
"683" 2021 129182 23.25276
"684" 2021 126213 31.55325
"685" 2021 125931 40.29792
"686" 2021 128825 43.8005
"687" 2021 132441 47.016555
"688" 2021 132034 50.17292
"689" 2021 133555 52.08645
"690" 2021 136909 56.13269
"691" 2021 138871 56.93711
"692" 2021 139992 55.9968
"693" 2021 141935 59.6127
"694" 2021 147582 66.4119
"695" 2021 152499 70.912035
"696" 2021 154589 78.067445
"697" 2021 154705 85.08775
"698" 2021 152623 88.52134
"699" 2021 152700 91.62
"700" 2021 150019 91.51159
"701" 2021 149758 98.09149
"702" 2021 146974 107.29102
"703" 2021 148204 119.30422
"704" 2021 148159 120.749585
"705" 2021 151369 134.71841
"706" 2021 152850 149.02875
"707" 2021 154830 155.60415
"708" 2021 152169 171.190125
"709" 2021 150213 187.76625
"710" 2021 148281 213.52464
"711" 2021 146122 236.71764
"712" 2021 143796 243.01524
"713" 2021 147626 273.1081
"714" 2021 150467 304.695675
"715" 2021 154825 348.35625
"716" 2021 157586 386.0857
"717" 2021 158835 421.706925
"718" 2021 156740 461.5993
"719" 2021 156004 506.23298
"720" 2021 155811 559.36149
"721" 2021 159230 623.38545
"722" 2021 162037 697.569285
"723" 2021 165861 806.08446
"724" 2021 161953 876.975495
"725" 2021 157810 927.13375
"726" 2021 156559 1016.850705
"727" 2021 153628 1113.03486
"728" 2021 152374 1240.32436
"729" 2021 147343 1298.09183
"730" 2021 142810 1347.41235
"731" 2021 138743 1433.21519
"732" 2021 135086 1500.13003
"733" 2021 130912 1568.32576
"734" 2021 126198 1631.74014
"735" 2021 123560 1732.3112
"736" 2021 117051 1788.53928
"737" 2021 116303 1917.254955
"738" 2021 113933 2055.35132
"739" 2021 113187 2274.492765
"740" 2021 110011 2438.94387
"741" 2021 108077 2605.196085
"742" 2021 89556 2372.78622
"743" 2021 87214 2564.0916
"744" 2021 80505 2611.984725
"745" 2021 69230 2507.85675
"746" 2021 60966 2473.69545
"747" 2021 65657 2981.48437
"748" 2021 68333 3499.674595
"749" 2021 66133 3850.26326
"750" 2021 60268 3969.55182
"751" 2021 55285 4124.261
"752" 2021 50534 4309.28685
"753" 2021 47333 4576.391105
"754" 2021 42241 4633.41529
"755" 2021 38710 4799.07225
"756" 2021 33678.54 4684.0113432
"757" 2021 28797.96 4490.1779232
"758" 2021 22668.5 3917.57017
"759" 2021 18179.28 3471.9697908
"760" 2021 14063.45 2999.5932505
"761" 2021 10920.45 2568.21682875
"762" 2021 8125.13 2082.8770755
"763" 2021 5904.21 1652.85406845
"764" 2021 4138.01 1258.80333205
"765" 2021 2714.97 892.8993336
"766" 2021 1800.34 636.7892597
"767" 2021 1113.3 421.27272
"768" 2021 510.46 205.5571374
"769" 2021 194.55 82.93958325
"770" 2021 116.22 52.1874288
"771" 2021 90.09 42.4026603
"772" 2021 44.38 21.792799
"773" 2021 32.51 16.5820506
"774" 2021 10.41 5.49268035
"775" 2021 4.74 2.5773513
"776" 2021 5.23 4.05698945
"777" 2021 2.29 2.29
