     2015        0             60774.00        64029.00       124803.00
     2015        1             61532.00        64555.00       126087.00
     2015        2             63394.00        65969.00       129363.00
     2015        3             63914.00        66985.00       130899.00
     2015        4             65119.00        68142.00       133261.00
     2015        5             64712.00        67693.00       132405.00
     2015        6             64656.00        68133.00       132789.00
     2015        7             63690.00        66545.00       130235.00
     2015        8             63391.00        66059.00       129450.00
     2015        9             61651.00        64850.00       126501.00
     2015       10             60863.00        63918.00       124781.00
     2015       11             59530.00        62145.00       121675.00
     2015       12             59012.00        61802.00       120814.00
     2015       13             60205.00        62591.00       122796.00
     2015       14             61017.00        63870.00       124887.00
     2015       15             60439.00        62877.00       123316.00
     2015       16             60653.00        63478.00       124131.00
     2015       17             61809.00        64515.00       126324.00
     2015       18             62396.00        64938.00       127334.00
     2015       19             62262.00        65021.00       127283.00
     2015       20             63066.00        66403.00       129469.00
     2015       21             66682.00        68520.00       135202.00
     2015       22             69855.00        71311.00       141166.00
     2015       23             71654.00        72735.00       144389.00
     2015       24             72403.00        72939.00       145342.00
     2015       25             71914.00        72028.00       143942.00
     2015       26             72383.00        72253.00       144636.00
     2015       27             71618.00        71346.00       142964.00
     2015       28             71683.00        71793.00       143476.00
     2015       29             70708.00        70356.00       141064.00
     2015       30             71635.00        71429.00       143064.00
     2015       31             71678.00        72013.00       143691.00
     2015       32             73304.00        73676.00       146980.00
     2015       33             74054.00        74879.00       148933.00
     2015       34             75558.00        75504.00       151062.00
     2015       35             73607.00        75321.00       148928.00
     2015       36             73240.00        73930.00       147170.00
     2015       37             72258.00        73187.00       145445.00
     2015       38             71267.00        72691.00       143958.00
     2015       39             70064.00        71687.00       141751.00
     2015       40             71881.00        73800.00       145681.00
     2015       41             73513.00        75776.00       149289.00
     2015       42             76219.00        77927.00       154146.00
     2015       43             77840.00        79438.00       157278.00
     2015       44             78204.00        80557.00       158761.00
     2015       45             77477.00        79663.00       157140.00
     2015       46             77412.00        79210.00       156622.00
     2015       47             77145.00        80056.00       157201.00
     2015       48             79419.00        81856.00       161275.00
     2015       49             81044.00        83520.00       164564.00
     2015       50             83719.00        85361.00       169080.00
     2015       51             82066.00        83586.00       165652.00
     2015       52             80117.00        81682.00       161799.00
     2015       53             80424.00        80660.00       161084.00
     2015       54             79046.00        79621.00       158667.00
     2015       55             79392.00        78944.00       158336.00
     2015       56             77000.00        76981.00       153981.00
     2015       57             75155.00        74918.00       150073.00
     2015       58             73922.00        72743.00       146665.00
     2015       59             72899.00        71050.00       143949.00
     2015       60             70914.00        69112.00       140026.00
     2015       61             68590.00        67068.00       135658.00
     2015       62             67546.00        65962.00       133508.00
     2015       63             64750.00        62439.00       127189.00
     2015       64             64858.00        62082.00       126940.00
     2015       65             63661.00        61197.00       124858.00
     2015       66             64293.00        60558.00       124851.00
     2015       67             63099.00        59066.00       122165.00
     2015       68             62770.00        58458.00       121228.00
     2015       69             53366.00        47992.00       101358.00
     2015       70             52612.00        47242.00        99854.00
     2015       71             49443.00        43927.00        93370.00
     2015       72             43412.00        37973.00        81385.00
     2015       73             39399.00        33610.00        73009.00
     2015       74             43829.00        36422.00        80251.00
     2015       75             47233.00        37960.00        85193.00
     2015       76             47089.00        37629.00        84718.00
     2015       77             44442.00        35144.00        79586.00
     2015       78             42952.00        32539.00        75491.00
     2015       79             41735.00        30531.00        72266.00
     2015       80             41327.00        29350.00        70677.00
     2015       81             39673.00        27380.00        67053.00
     2015       82             39993.00        25882.00        65875.00
     2015       83             37828.39        23522.15        61350.54
     2015       84             35756.74        21414.22        57170.96
     2015       85             31672.26        17737.24        49409.50
     2015       86             28645.78        15144.50        43790.28
     2015       87             25434.30        12708.15        38142.45
     2015       88             22747.50        10576.95        33324.45
     2015       89             19941.54         8945.59        28887.13
     2015       90             17118.81         7076.40        24195.21
     2015       91             14283.14         5515.87        19799.01
     2015       92             11480.61         4222.36        15702.97
     2015       93              9176.18         3182.16        12358.34
     2015       94              7103.17         2099.13         9202.30
     2015       95              4028.47         1122.99         5151.46
     2015       96              2003.13          539.42         2542.55
     2015       97              1478.01          316.21         1794.22
     2015       98              1144.12          249.97         1394.09
     2015       99               894.42          200.96         1095.38
     2015      100               713.36          109.15          822.51
     2015      101               415.81           80.60          496.41
     2015      102               273.74           33.00          306.74
     2015      103               171.23           19.00          190.23
     2015      104                63.38            7.00           70.38
     2015      105                49.00            5.00           54.00
     2015      106                21.53            0.00           21.53
     2015      107                11.40            0.00           11.40
     2015      108                 1.72            0.00            1.72
     2015      109                 2.94            0.00            2.94
     2015      110+                0.32            0.00            0.32
     2016        0             59793.00        62588.00       122381.00
     2016        1             61491.00        64797.00       126288.00
     2016        2             62103.00        65175.00       127278.00
     2016        3             63884.00        66437.00       130321.00
     2016        4             64381.00        67527.00       131908.00
     2016        5             65596.00        68647.00       134243.00
     2016        6             65118.00        68208.00       133326.00
     2016        7             65105.00        68635.00       133740.00
     2016        8             64117.00        66973.00       131090.00
     2016        9             63868.00        66441.00       130309.00
     2016       10             62020.00        65281.00       127301.00
     2016       11             61190.00        64371.00       125561.00
     2016       12             59839.00        62509.00       122348.00
     2016       13             59330.00        62221.00       121551.00
     2016       14             60549.00        63148.00       123697.00
     2016       15             61359.00        64748.00       126107.00
     2016       16             60805.00        64347.00       125152.00
     2016       17             61100.00        64577.00       125677.00
     2016       18             62632.00        65740.00       128372.00
     2016       19             63295.00        66234.00       129529.00
     2016       20             63301.00        66815.00       130116.00
     2016       21             64224.00        67781.00       132005.00
     2016       22             67962.00        70026.00       137988.00
     2016       23             71087.00        72806.00       143893.00
     2016       24             72965.00        74293.00       147258.00
     2016       25             73587.00        74487.00       148074.00
     2016       26             72908.00        73610.00       146518.00
     2016       27             73240.00        73577.00       146817.00
     2016       28             72516.00        72525.00       145041.00
     2016       29             72375.00        72796.00       145171.00
     2016       30             71429.00        71334.00       142763.00
     2016       31             72187.00        72185.00       144372.00
     2016       32             72147.00        72790.00       144937.00
     2016       33             73775.00        74327.00       148102.00
     2016       34             74497.00        75479.00       149976.00
     2016       35             75925.00        76113.00       152038.00
     2016       36             74021.00        75758.00       149779.00
     2016       37             73630.00        74253.00       147883.00
     2016       38             72616.00        73612.00       146228.00
     2016       39             71483.00        72966.00       144449.00
     2016       40             70374.00        72011.00       142385.00
     2016       41             72112.00        74175.00       146287.00
     2016       42             73622.00        75965.00       149587.00
     2016       43             76375.00        78107.00       154482.00
     2016       44             77940.00        79624.00       157564.00
     2016       45             78287.00        80671.00       158958.00
     2016       46             77494.00        79695.00       157189.00
     2016       47             77510.00        79254.00       156764.00
     2016       48             77111.00        80072.00       157183.00
     2016       49             79375.00        81805.00       161180.00
     2016       50             80991.00        83337.00       164328.00
     2016       51             83547.00        85123.00       168670.00
     2016       52             81863.00        83281.00       165144.00
     2016       53             79918.00        81332.00       161250.00
     2016       54             80209.00        80284.00       160493.00
     2016       55             78774.00        79261.00       158035.00
     2016       56             79100.00        78477.00       157577.00
     2016       57             76675.00        76367.00       153042.00
     2016       58             74786.00        74375.00       149161.00
     2016       59             73534.00        72126.00       145660.00
     2016       60             72406.00        70321.00       142727.00
     2016       61             70433.00        68365.00       138798.00
     2016       62             68072.00        66163.00       134235.00
     2016       63             66968.00        65153.00       132121.00
     2016       64             64173.00        61635.00       125808.00
     2016       65             64205.00        61023.00       125228.00
     2016       66             63038.00        60158.00       123196.00
     2016       67             63678.00        59519.00       123197.00
     2016       68             62447.00        57912.00       120359.00
     2016       69             62060.00        57280.00       119340.00
     2016       70             52760.00        46948.00        99708.00
     2016       71             51927.00        46145.00        98072.00
     2016       72             48748.00        42839.00        91587.00
     2016       73             42740.00        36911.00        79651.00
     2016       74             38696.00        32622.00        71318.00
     2016       75             42980.00        35234.00        78214.00
     2016       76             46254.00        36608.00        82862.00
     2016       77             46031.00        36039.00        82070.00
     2016       78             43271.00        33623.00        76894.00
     2016       79             41663.00        30961.00        72624.00
     2016       80             40284.00        28785.00        69069.00
     2016       81             39738.00        27547.00        67285.00
     2016       82             37871.00        25535.00        63406.00
     2016       83             37911.00        23850.00        61761.00
     2016       84             35606.39        21486.15        57092.54
     2016       85             33294.74        19415.22        52709.96
     2016       86             29260.26        15852.24        45112.50
     2016       87             26109.78        13270.50        39380.28
     2016       88             22769.30        10957.15        33726.45
     2016       89             20008.50         8961.95        28970.45
     2016       90             17179.54         7409.59        24589.13
     2016       91             14546.81         5791.40        20338.21
     2016       92             11841.14         4342.87        16184.01
     2016       93              9286.61         3277.36        12563.97
     2016       94              7195.18         2334.16         9529.34
     2016       95              5416.17         1516.13         6932.30
     2016       96              3038.47          808.99         3847.46
     2016       97              1423.13          377.42         1800.55
     2016       98              1023.01          201.21         1224.22
     2016       99               741.12          153.97          895.09
     2016      100               563.42          121.96          685.38
     2016      101               439.36           62.15          501.51
     2016      102               250.81           47.60          298.41
     2016      103               153.74           16.00          169.74
     2016      104                86.23           11.00           97.23
     2016      105                35.38            4.00           39.38
     2016      106                25.00            2.00           27.00
     2016      107                 9.53            0.00            9.53
     2016      108                 4.40            0.00            4.40
     2016      109                 1.72            0.00            1.72
     2016      110+                1.26            0.00            1.26
     2017        0             59434.00        62345.00       121779.00
     2017        1             60213.00        63150.00       123363.00
     2017        2             61898.00        65222.00       127120.00
     2017        3             62393.00        65528.00       127921.00
     2017        4             64207.00        66747.00       130954.00
     2017        5             64679.00        67767.00       132446.00
     2017        6             65885.00        68852.00       134737.00
     2017        7             65304.00        68477.00       133781.00
     2017        8             65369.00        68939.00       134308.00
     2017        9             64445.00        67269.00       131714.00
     2017       10             64108.00        66705.00       130813.00
     2017       11             62252.00        65535.00       127787.00
     2017       12             61433.00        64616.00       126049.00
     2017       13             60125.00        62829.00       122954.00
     2017       14             59557.00        62537.00       122094.00
     2017       15             60732.00        63551.00       124283.00
     2017       16             61633.00        65267.00       126900.00
     2017       17             61143.00        64562.00       125705.00
     2017       18             61684.00        64959.00       126643.00
     2017       19             63216.00        66241.00       129457.00
     2017       20             63978.00        67091.00       131069.00
     2017       21             64147.00        67417.00       131564.00
     2017       22             65146.00        68263.00       133409.00
     2017       23             69022.00        70562.00       139584.00
     2017       24             72094.00        73420.00       145514.00
     2017       25             73786.00        74735.00       148521.00
     2017       26             74320.00        74852.00       149172.00
     2017       27             73461.00        74036.00       147497.00
     2017       28             73817.00        73794.00       147611.00
     2017       29             72883.00        72806.00       145689.00
     2017       30             72701.00        72999.00       145700.00
     2017       31             71813.00        71581.00       143394.00
     2017       32             72445.00        72271.00       144716.00
     2017       33             72317.00        72967.00       145284.00
     2017       34             74106.00        74261.00       148367.00
     2017       35             74755.00        75499.00       150254.00
     2017       36             76125.00        76034.00       152159.00
     2017       37             74186.00        75765.00       149951.00
     2017       38             73809.00        74307.00       148116.00
     2017       39             72818.00        73490.00       146308.00
     2017       40             71595.00        72880.00       144475.00
     2017       41             70462.00        71931.00       142393.00
     2017       42             72181.00        74160.00       146341.00
     2017       43             73688.00        75889.00       149577.00
     2017       44             76438.00        77975.00       154413.00
     2017       45             77957.00        79365.00       157322.00
     2017       46             78270.00        80540.00       158810.00
     2017       47             77439.00        79609.00       157048.00
     2017       48             77432.00        79060.00       156492.00
     2017       49             77045.00        79792.00       156837.00
     2017       50             79162.00        81567.00       160729.00
     2017       51             80769.00        83056.00       163825.00
     2017       52             83327.00        84774.00       168101.00
     2017       53             81634.00        82867.00       164501.00
     2017       54             79651.00        80917.00       160568.00
     2017       55             79924.00        79819.00       159743.00
     2017       56             78453.00        78770.00       157223.00
     2017       57             78739.00        77899.00       156638.00
     2017       58             76322.00        75675.00       151997.00
     2017       59             74348.00        73741.00       148089.00
     2017       60             73052.00        71336.00       144388.00
     2017       61             71891.00        69472.00       141363.00
     2017       62             69890.00        67480.00       137370.00
     2017       63             67551.00        65317.00       132868.00
     2017       64             66426.00        64260.00       130686.00
     2017       65             63518.00        60584.00       124102.00
     2017       66             63552.00        59942.00       123494.00
     2017       67             62424.00        59139.00       121563.00
     2017       68             63052.00        58334.00       121386.00
     2017       69             61743.00        56784.00       118527.00
     2017       70             61297.00        56035.00       117332.00
     2017       71             52085.00        45876.00        97961.00
     2017       72             51194.00        44985.00        96179.00
     2017       73             47995.00        41632.00        89627.00
     2017       74             42057.00        35790.00        77847.00
     2017       75             37991.00        31580.00        69571.00
     2017       76             42077.00        33965.00        76042.00
     2017       77             45205.00        35125.00        80330.00
     2017       78             44907.00        34490.00        79397.00
     2017       79             41998.00        32040.00        74038.00
     2017       80             40376.00        29339.00        69715.00
     2017       81             38777.00        27098.00        65875.00
     2017       82             38055.00        25723.00        63778.00
     2017       83             36011.00        23632.00        59643.00
     2017       84             35766.00        21875.00        57641.00
     2017       85             33255.39        19495.15        52750.54
     2017       86             30804.74        17348.22        48152.96
     2017       87             26813.26        13964.24        40777.50
     2017       88             23536.78        11544.50        35081.28
     2017       89             20227.30         9382.15        29609.45
     2017       90             17462.50         7478.95        24941.45
     2017       91             14781.54         6075.59        20857.13
     2017       92             12193.81         4623.40        16817.21
     2017       93              9724.14         3358.87        13083.01
     2017       94              7413.61         2491.36         9904.97
     2017       95              5572.18         1719.16         7291.34
     2017       96              4079.17         1104.13         5183.30
     2017       97              2193.47          560.99         2754.46
     2017       98               979.13          261.42         1240.55
     2017       99               711.01          119.21          830.22
     2017      100               505.12           97.97          603.09
     2017      101               364.42           78.96          443.38
     2017      102               287.36           40.15          327.51
     2017      103               146.81           26.60          173.41
     2017      104                83.74            5.00           88.74
     2017      105                51.23            7.00           58.23
     2017      106                16.38            0.00           16.38
     2017      107                14.00            1.00           15.00
     2017      108                 4.53            0.00            4.53
     2017      109                 2.40            0.00            2.40
     2017      110+                0.98            0.00            0.98
     2018        0             58482.00        61089.00       119571.00
     2018        1             59832.00        62866.00       122698.00
     2018        2             60651.00        63561.00       124212.00
     2018        3             62278.00        65510.00       127788.00
     2018        4             62753.00        65840.00       128593.00
     2018        5             64510.00        67118.00       131628.00
     2018        6             64967.00        68056.00       133023.00
     2018        7             66153.00        69217.00       135370.00
     2018        8             65528.00        68766.00       134294.00
     2018        9             65644.00        69291.00       134935.00
     2018       10             64686.00        67576.00       132262.00
     2018       11             64346.00        66973.00       131319.00
     2018       12             62503.00        65745.00       128248.00
     2018       13             61663.00        64878.00       126541.00
     2018       14             60351.00        63109.00       123460.00
     2018       15             59781.00        62912.00       122693.00
     2018       16             61008.00        63940.00       124948.00
     2018       17             61977.00        65654.00       127631.00
     2018       18             61806.00        65141.00       126947.00
     2018       19             62384.00        65550.00       127934.00
     2018       20             63984.00        66904.00       130888.00
     2018       21             64838.00        67652.00       132490.00
     2018       22             65263.00        68027.00       133290.00
     2018       23             66304.00        69003.00       135307.00
     2018       24             70199.00        71288.00       141487.00
     2018       25             73148.00        74027.00       147175.00
     2018       26             74571.00        75384.00       149955.00
     2018       27             75005.00        75389.00       150394.00
     2018       28             74037.00        74678.00       148715.00
     2018       29             74429.00        74271.00       148700.00
     2018       30             73350.00        73290.00       146640.00
     2018       31             73147.00        73490.00       146637.00
     2018       32             72087.00        71918.00       144005.00
     2018       33             72784.00        72618.00       145402.00
     2018       34             72636.00        73229.00       145865.00
     2018       35             74414.00        74526.00       148940.00
     2018       36             75060.00        75816.00       150876.00
     2018       37             76384.00        76301.00       152685.00
     2018       38             74423.00        75888.00       150311.00
     2018       39             73991.00        74429.00       148420.00
     2018       40             73028.00        73677.00       146705.00
     2018       41             71787.00        73042.00       144829.00
     2018       42             70566.00        71988.00       142554.00
     2018       43             72373.00        74176.00       146549.00
     2018       44             73704.00        75968.00       149672.00
     2018       45             76475.00        77923.00       154398.00
     2018       46             77951.00        79347.00       157298.00
     2018       47             78239.00        80436.00       158675.00
     2018       48             77426.00        79497.00       156923.00
     2018       49             77377.00        79011.00       156388.00
     2018       50             76974.00        79704.00       156678.00
     2018       51             79087.00        81269.00       160356.00
     2018       52             80574.00        82802.00       163376.00
     2018       53             83118.00        84439.00       167557.00
     2018       54             81372.00        82569.00       163941.00
     2018       55             79431.00        80584.00       160015.00
     2018       56             79653.00        79406.00       159059.00
     2018       57             78160.00        78251.00       156411.00
     2018       58             78384.00        77393.00       155777.00
     2018       59             75955.00        75120.00       151075.00
     2018       60             73928.00        73029.00       146957.00
     2018       61             72577.00        70551.00       143128.00
     2018       62             71329.00        68582.00       139911.00
     2018       63             69258.00        66683.00       135941.00
     2018       64             67039.00        64445.00       131484.00
     2018       65             65772.00        63223.00       128995.00
     2018       66             62914.00        59527.00       122441.00
     2018       67             62908.00        58876.00       121784.00
     2018       68             61794.00        58008.00       119802.00
     2018       69             62374.00        57181.00       119555.00
     2018       70             60964.00        55583.00       116547.00
     2018       71             60500.00        54819.00       115319.00
     2018       72             51362.00        44763.00        96125.00
     2018       73             50352.00        43781.00        94133.00
     2018       74             47186.00        40409.00        87595.00
     2018       75             41301.00        34688.00        75989.00
     2018       76             37214.00        30421.00        67635.00
     2018       77             41067.00        32641.00        73708.00
     2018       78             44114.00        33621.00        77735.00
     2018       79             43626.00        32889.00        76515.00
     2018       80             40660.00        30418.00        71078.00
     2018       81             38901.00        27638.00        66539.00
     2018       82             37188.00        25302.00        62490.00
     2018       83             36173.00        23875.00        60048.00
     2018       84             34054.00        21768.00        55822.00
     2018       85             33425.00        19804.00        53229.00
     2018       86             30782.39        17433.15        48215.54
     2018       87             28158.74        15333.22        43491.96
     2018       88             24228.26        12106.24        36334.50
     2018       89             20956.78         9838.50        30795.28
     2018       90             17620.30         7846.15        25466.45
     2018       91             14951.50         6076.95        21028.45
     2018       92             12319.54         4786.59        17106.13
     2018       93             10038.81         3574.40        13613.21
     2018       94              7773.14         2556.87        10330.01
     2018       95              5759.61         1839.36         7598.97
     2018       96              4143.18         1216.16         5359.34
     2018       97              2969.17          758.13         3727.30
     2018       98              1569.47          351.99         1921.46
     2018       99               677.13          165.42          842.55
     2018      100               489.01           71.21          560.22
     2018      101               317.12           52.97          370.09
     2018      102               216.42           28.96          245.38
     2018      103               194.36           22.15          216.51
     2018      104                86.81           11.60           98.41
     2018      105                40.74            2.00           42.74
     2018      106                28.23            3.00           31.23
     2018      107                 7.38            0.00            7.38
     2018      108                 7.00            1.00            8.00
     2018      109                 2.53            0.00            2.53
     2018      110+                0.39            0.00            0.39
     2019        0             57925.00        60344.00       118269.00
     2019        1             58977.00        61619.00       120596.00
     2019        2             60251.00        63303.00       123554.00
     2019        3             61183.00        63970.00       125153.00
     2019        4             62663.00        65941.00       128604.00
     2019        5             63093.00        66288.00       129381.00
     2019        6             64822.00        67509.00       132331.00
     2019        7             65318.00        68336.00       133654.00
     2019        8             66510.00        69597.00       136107.00
     2019        9             65919.00        69193.00       135112.00
     2019       10             65982.00        69683.00       135665.00
     2019       11             65037.00        67890.00       132927.00
     2019       12             64721.00        67302.00       132023.00
     2019       13             62831.00        66106.00       128937.00
     2019       14             61950.00        65303.00       127253.00
     2019       15             60742.00        63507.00       124249.00
     2019       16             60184.00        63533.00       123717.00
     2019       17             61436.00        64534.00       125970.00
     2019       18             62760.00        66381.00       129141.00
     2019       19             62590.00        65835.00       128425.00
     2019       20             63284.00        66532.00       129816.00
     2019       21             65044.00        67766.00       132810.00
     2019       22             66055.00        68460.00       134515.00
     2019       23             66616.00        68918.00       135534.00
     2019       24             67723.00        69922.00       137645.00
     2019       25             71377.00        72348.00       143725.00
     2019       26             74232.00        75012.00       149244.00
     2019       27             75460.00        76129.00       151589.00
     2019       28             75827.00        76066.00       151893.00
     2019       29             74727.00        75369.00       150096.00
     2019       30             75156.00        74948.00       150104.00
     2019       31             73868.00        73753.00       147621.00
     2019       32             73695.00        73988.00       147683.00
     2019       33             72643.00        72481.00       145124.00
     2019       34             73252.00        72996.00       146248.00
     2019       35             73002.00        73509.00       146511.00
     2019       36             74845.00        74900.00       149745.00
     2019       37             75349.00        76082.00       151431.00
     2019       38             76731.00        76560.00       153291.00
     2019       39             74700.00        76106.00       150806.00
     2019       40             74283.00        74709.00       148992.00
     2019       41             73198.00        74039.00       147237.00
     2019       42             72035.00        73234.00       145269.00
     2019       43             70760.00        72223.00       142983.00
     2019       44             72531.00        74362.00       146893.00
     2019       45             73789.00        76129.00       149918.00
     2019       46             76583.00        78000.00       154583.00
     2019       47             77967.00        79330.00       157297.00
     2019       48             78282.00        80527.00       158809.00
     2019       49             77424.00        79497.00       156921.00
     2019       50             77333.00        79013.00       156346.00
     2019       51             76914.00        79590.00       156504.00
     2019       52             78984.00        81021.00       160005.00
     2019       53             80437.00        82568.00       163005.00
     2019       54             82952.00        84117.00       167069.00
     2019       55             81198.00        82161.00       163359.00
     2019       56             79172.00        80165.00       159337.00
     2019       57             79358.00        78941.00       158299.00
     2019       58             77776.00        77792.00       155568.00
     2019       59             77969.00        76795.00       154764.00
     2019       60             75498.00        74399.00       149897.00
     2019       61             73459.00        72281.00       145740.00
     2019       62             72023.00        69765.00       141788.00
     2019       63             70751.00        67716.00       138467.00
     2019       64             68678.00        65833.00       134511.00
     2019       65             66335.00        63342.00       129677.00
     2019       66             65081.00        62160.00       127241.00
     2019       67             62261.00        58454.00       120715.00
     2019       68             62258.00        57791.00       120049.00
     2019       69             61110.00        56840.00       117950.00
     2019       70             61630.00        55949.00       117579.00
     2019       71             60232.00        54345.00       114577.00
     2019       72             59708.00        53512.00       113220.00
     2019       73             50554.00        43571.00        94125.00
     2019       74             49472.00        42565.00        92037.00
     2019       75             46295.00        39164.00        85459.00
     2019       76             40482.00        33539.00        74021.00
     2019       77             36393.00        29253.00        65646.00
     2019       78             40061.00        31265.00        71326.00
     2019       79             42808.00        32060.00        74868.00
     2019       80             42212.00        31195.00        73407.00
     2019       81             39175.00        28647.00        67822.00
     2019       82             37312.00        25895.00        63207.00
     2019       83             35434.00        23469.00        58903.00
     2019       84             34098.00        21948.00        56046.00
     2019       85             31971.00        19747.00        51718.00
     2019       86             30935.00        17729.00        48664.00
     2019       87             28180.39        15416.15        43596.54
     2019       88             25516.74        13357.22        38873.96
     2019       89             21519.26        10345.24        31864.50
     2019       90             18347.78         8253.50        26601.28
     2019       91             15110.30         6482.15        21592.45
     2019       92             12571.50         4882.95        17454.45
     2019       93             10045.54         3734.59        13780.13
     2019       94              7966.81         2722.40        10689.21
     2019       95              5973.14         1867.87         7841.01
     2019       96              4328.61         1271.36         5599.97
     2019       97              3028.18          837.16         3865.34
     2019       98              2100.17          518.13         2618.30
     2019       99              1085.47          215.99         1301.46
     2019      100               426.13           97.42          523.55
     2019      101               312.01           32.21          344.22
     2019      102               212.12           27.97          240.09
     2019      103               116.42           17.96          134.38
     2019      104               105.36           11.15          116.51
     2019      105                40.81            4.60           45.41
     2019      106                21.74            2.00           23.74
     2019      107                12.23            2.00           14.23
     2019      108                 3.38            0.00            3.38
     2019      109                 4.00            0.00            4.00
     2019      110+                1.92            0.00            1.92
     2020        0             57773.00        59881.00       117654.00
     2020        1             58594.00        61025.00       119619.00
     2020        2             59475.00        62120.00       121595.00
     2020        3             60758.00        63769.00       124527.00
     2020        4             61628.00        64384.00       126012.00
     2020        5             63114.00        66422.00       129536.00
     2020        6             63522.00        66641.00       130163.00
     2020        7             65235.00        68010.00       133245.00
     2020        8             65739.00        68812.00       134551.00
     2020        9             66902.00        69941.00       136843.00
     2020       10             66304.00        69535.00       135839.00
     2020       11             66351.00        70073.00       136424.00
     2020       12             65399.00        68350.00       133749.00
     2020       13             65087.00        67687.00       132774.00
     2020       14             63096.00        66487.00       129583.00
     2020       15             62287.00        65863.00       128150.00
     2020       16             61160.00        64253.00       125413.00
     2020       17             60522.00        64045.00       124567.00
     2020       18             62125.00        65319.00       127444.00
     2020       19             63558.00        67310.00       130868.00
     2020       20             63591.00        66897.00       130488.00
     2020       21             64316.00        67614.00       131930.00
     2020       22             66229.00        68643.00       134872.00
     2020       23             67563.00        69413.00       136976.00
     2020       24             67977.00        70074.00       138051.00
     2020       25             69012.00        71098.00       140110.00
     2020       26             72506.00        73544.00       146050.00
     2020       27             75171.00        75952.00       151123.00
     2020       28             76333.00        77096.00       153429.00
     2020       29             76704.00        77020.00       153724.00
     2020       30             75565.00        76052.00       151617.00
     2020       31             75872.00        75872.00       151744.00
     2020       32             74569.00        74465.00       149034.00
     2020       33             74306.00        74573.00       148879.00
     2020       34             73174.00        73089.00       146263.00
     2020       35             73823.00        73550.00       147373.00
     2020       36             73562.00        73892.00       147454.00
     2020       37             75314.00        75315.00       150629.00
     2020       38             75743.00        76491.00       152234.00
     2020       39             77170.00        77019.00       154189.00
     2020       40             75084.00        76532.00       151616.00
     2020       41             74644.00        75160.00       149804.00
     2020       42             73522.00        74346.00       147868.00
     2020       43             72363.00        73516.00       145879.00
     2020       44             70996.00        72461.00       143457.00
     2020       45             72721.00        74651.00       147372.00
     2020       46             73918.00        76293.00       150211.00
     2020       47             76718.00        78055.00       154773.00
     2020       48             78067.00        79454.00       157521.00
     2020       49             78360.00        80568.00       158928.00
     2020       50             77363.00        79498.00       156861.00
     2020       51             77302.00        78929.00       156231.00
     2020       52             76806.00        79424.00       156230.00
     2020       53             78842.00        80833.00       159675.00
     2020       54             80300.00        82223.00       162523.00
     2020       55             82756.00        83774.00       166530.00
     2020       56             80949.00        81780.00       162729.00
     2020       57             78921.00        79759.00       158680.00
     2020       58             79029.00        78493.00       157522.00
     2020       59             77422.00        77257.00       154679.00
     2020       60             77577.00        76121.00       153698.00
     2020       61             75011.00        73698.00       148709.00
     2020       62             72894.00        71492.00       144386.00
     2020       63             71425.00        68855.00       140280.00
     2020       64             70130.00        66781.00       136911.00
     2020       65             67949.00        64737.00       132686.00
     2020       66             65673.00        62277.00       127950.00
     2020       67             64415.00        61073.00       125488.00
     2020       68             61628.00        57451.00       119079.00
     2020       69             61616.00        56710.00       118326.00
     2020       70             60401.00        55675.00       116076.00
     2020       71             60773.00        54761.00       115534.00
     2020       72             59436.00        53083.00       112519.00
     2020       73             58791.00        52074.00       110865.00
     2020       74             49732.00        42320.00        92052.00
     2020       75             48564.00        41244.00        89808.00
     2020       76             45394.00        37849.00        83243.00
     2020       77             39614.00        32320.00        71934.00
     2020       78             35445.00        28043.00        63488.00
     2020       79             38997.00        29835.00        68832.00
     2020       80             41510.00        30534.00        72044.00
     2020       81             40671.00        29501.00        70172.00
     2020       82             37664.00        26879.00        64543.00
     2020       83             35581.00        24157.00        59738.00
     2020       84             33533.00        21619.00        55152.00
     2020       85             32065.00        20158.00        52223.00
     2020       86             29757.00        17730.00        47487.00
     2020       87             28335.00        15774.00        44109.00
     2020       88             25535.39        13479.15        39014.54
     2020       89             22804.74        11417.22        34221.96
     2020       90             18857.26         8745.24        27602.50
     2020       91             15802.78         6826.50        22629.28
     2020       92             12725.30         5250.15        17975.45
     2020       93             10422.50         3879.95        14302.45
     2020       94              8147.54         2851.59        10999.13
     2020       95              6221.81         2026.40         8248.21
     2020       96              4560.14         1326.87         5887.01
     2020       97              3192.61          883.36         4075.97
     2020       98              2200.18          565.16         2765.34
     2020       99              1463.17          338.13         1801.30
     2020      100               740.47          133.99          874.46
     2020      101               277.13           57.42          334.55
     2020      102               187.01           18.21          205.22
     2020      103               136.12           17.97          154.09
     2020      104                64.42            8.96           73.38
     2020      105                66.36            8.15           74.51
     2020      106                18.81            2.60           21.41
     2020      107                12.74            1.00           13.74
     2020      108                 8.23            1.00            9.23
     2020      109                 2.38            0.00            2.38
     2020      110+                3.92            0.00            3.92
     2021        0             55785.00        58431.00       114216.00
     2021        1             58196.00        60291.00       118487.00
     2021        2             58936.00        61335.00       120271.00
     2021        3             59727.00        62386.00       122113.00
     2021        4             61084.00        64074.00       125158.00
     2021        5             61925.00        64683.00       126608.00
     2021        6             63378.00        66716.00       130094.00
     2021        7             63779.00        66884.00       130663.00
     2021        8             65520.00        68289.00       133809.00
     2021        9             66031.00        69151.00       135182.00
     2021       10             67241.00        70279.00       137520.00
     2021       11             66604.00        69912.00       136516.00
     2021       12             66626.00        70419.00       137045.00
     2021       13             65725.00        68590.00       134315.00
     2021       14             65390.00        68050.00       133440.00
     2021       15             63387.00        66993.00       130380.00
     2021       16             62544.00        66638.00       129182.00
     2021       17             61454.00        64759.00       126213.00
     2021       18             61187.00        64744.00       125931.00
     2021       19             62816.00        66009.00       128825.00
     2021       20             64310.00        68131.00       132441.00
     2021       21             64349.00        67685.00       132034.00
     2021       22             65299.00        68256.00       133555.00
     2021       23             67401.00        69508.00       136909.00
     2021       24             68572.00        70299.00       138871.00
     2021       25             69089.00        70903.00       139992.00
     2021       26             69947.00        71988.00       141935.00
     2021       27             73363.00        74219.00       147582.00
     2021       28             75815.00        76684.00       152499.00
     2021       29             76920.00        77669.00       154589.00
     2021       30             77236.00        77469.00       154705.00
     2021       31             76119.00        76504.00       152623.00
     2021       32             76357.00        76343.00       152700.00
     2021       33             75037.00        74982.00       150019.00
     2021       34             74744.00        75014.00       149758.00
     2021       35             73586.00        73388.00       146974.00
     2021       36             74267.00        73937.00       148204.00
     2021       37             73972.00        74187.00       148159.00
     2021       38             75668.00        75701.00       151369.00
     2021       39             76101.00        76749.00       152850.00
     2021       40             77508.00        77322.00       154830.00
     2021       41             75344.00        76825.00       152169.00
     2021       42             74881.00        75332.00       150213.00
     2021       43             73776.00        74505.00       148281.00
     2021       44             72466.00        73656.00       146122.00
     2021       45             71212.00        72584.00       143796.00
     2021       46             72822.00        74804.00       147626.00
     2021       47             74071.00        76396.00       150467.00
     2021       48             76674.00        78151.00       154825.00
     2021       49             78118.00        79468.00       157586.00
     2021       50             78308.00        80527.00       158835.00
     2021       51             77302.00        79438.00       156740.00
     2021       52             77224.00        78780.00       156004.00
     2021       53             76629.00        79182.00       155811.00
     2021       54             78658.00        80572.00       159230.00
     2021       55             80107.00        81930.00       162037.00
     2021       56             82444.00        83417.00       165861.00
     2021       57             80614.00        81339.00       161953.00
     2021       58             78589.00        79221.00       157810.00
     2021       59             78662.00        77897.00       156559.00
     2021       60             77013.00        76615.00       153628.00
     2021       61             77058.00        75316.00       152374.00
     2021       62             74479.00        72864.00       147343.00
     2021       63             72283.00        70527.00       142810.00
     2021       64             70825.00        67918.00       138743.00
     2021       65             69398.00        65688.00       135086.00
     2021       66             67316.00        63596.00       130912.00
     2021       67             65047.00        61151.00       126198.00
     2021       68             63703.00        59857.00       123560.00
     2021       69             60872.00        56179.00       117051.00
     2021       70             60843.00        55460.00       116303.00
     2021       71             59616.00        54317.00       113933.00
     2021       72             59833.00        53354.00       113187.00
     2021       73             58454.00        51557.00       110011.00
     2021       74             57691.00        50386.00       108077.00
     2021       75             48730.00        40826.00        89556.00
     2021       76             47495.00        39719.00        87214.00
     2021       77             44267.00        36238.00        80505.00
     2021       78             38430.00        30800.00        69230.00
     2021       79             34329.00        26637.00        60966.00
     2021       80             37592.00        28065.00        65657.00
     2021       81             39774.00        28559.00        68333.00
     2021       82             38739.00        27394.00        66133.00
     2021       83             35566.00        24702.00        60268.00
     2021       84             33345.00        21940.00        55285.00
     2021       85             31169.00        19365.00        50534.00
     2021       86             29427.00        17906.00        47333.00
     2021       87             26894.00        15347.00        42241.00
     2021       88             25179.00        13531.00        38710.00
     2021       89             22382.39        11296.15        33678.54
     2021       90             19520.74         9277.22        28797.96
     2021       91             15747.26         6921.24        22668.50
     2021       92             12907.78         5271.50        18179.28
     2021       93             10131.30         3932.15        14063.45
     2021       94              8076.50         2843.95        10920.45
     2021       95              6119.54         2005.59         8125.13
     2021       96              4545.81         1358.40         5904.21
     2021       97              3235.14          902.87         4138.01
     2021       98              2139.61          575.36         2714.97
     2021       99              1461.18          339.16         1800.34
     2021      100               912.17          201.13         1113.30
     2021      101               434.47           75.99          510.46
     2021      102               164.13           30.42          194.55
     2021      103               108.01            8.21          116.22
     2021      104                81.12            8.97           90.09
     2021      105                38.42            5.96           44.38
     2021      106                28.36            4.15           32.51
     2021      107                 9.81            0.60           10.41
     2021      108                 3.74            1.00            4.74
     2021      109                 5.23            0.00            5.23
     2021      110+                2.29            0.00            2.29