  2015           0      0.00325  0.00324  0.14  100000     324   99722  8089218  80.89
  2015           1      0.00031  0.00031  0.50   99676      31   99660  7989496  80.15
  2015           2      0.00018  0.00018  0.50   99645      18   99636  7889835  79.18
  2015           3      0.00008  0.00008  0.50   99627       8   99623  7790199  78.19
  2015           4      0.00010  0.00010  0.50   99619      10   99614  7690576  77.20
  2015           5      0.00013  0.00013  0.50   99609      13   99603  7590962  76.21
  2015           6      0.00009  0.00009  0.50   99596       9   99592  7491360  75.22
  2015           7      0.00009  0.00009  0.50   99587       9   99583  7391768  74.22
  2015           8      0.00006  0.00006  0.50   99578       6   99575  7292185  73.23
  2015           9      0.00007  0.00007  0.50   99572       7   99569  7192610  72.24
  2015          10      0.00006  0.00006  0.50   99565       6   99562  7093041  71.24
  2015          11      0.00010  0.00010  0.50   99559      10   99554  6993479  70.24
  2015          12      0.00011  0.00011  0.50   99549      11   99544  6893925  69.25
  2015          13      0.00008  0.00008  0.50   99538       8   99534  6794382  68.26
  2015          14      0.00012  0.00012  0.50   99530      12   99524  6694847  67.26
  2015          15      0.00014  0.00014  0.50   99518      14   99511  6595323  66.27
  2015          16      0.00023  0.00023  0.50   99504      23   99492  6495812  65.28
  2015          17      0.00018  0.00018  0.50   99481      18   99472  6396319  64.30
  2015          18      0.00028  0.00028  0.50   99463      28   99449  6296848  63.31
  2015          19      0.00029  0.00029  0.50   99435      29   99420  6197399  62.33
  2015          20      0.00038  0.00038  0.50   99406      38   99387  6097979  61.34
  2015          21      0.00036  0.00036  0.50   99368      36   99351  5998591  60.37
  2015          22      0.00044  0.00044  0.50   99333      44   99311  5899241  59.39
  2015          23      0.00041  0.00041  0.50   99289      41   99269  5799930  58.41
  2015          24      0.00056  0.00056  0.50   99248      56   99220  5700661  57.44
  2015          25      0.00040  0.00040  0.50   99192      40   99172  5601441  56.47
  2015          26      0.00038  0.00038  0.50   99152      37   99134  5502269  55.49
  2015          27      0.00044  0.00044  0.50   99115      44   99093  5403135  54.51
  2015          28      0.00044  0.00044  0.50   99071      43   99050  5304042  53.54
  2015          29      0.00050  0.00050  0.50   99028      49   99003  5204992  52.56
  2015          30      0.00060  0.00060  0.50   98979      60   98949  5105989  51.59
  2015          31      0.00054  0.00054  0.50   98919      54   98892  5007040  50.62
  2015          32      0.00066  0.00066  0.50   98866      65   98833  4908147  49.64
  2015          33      0.00056  0.00056  0.50   98801      56   98773  4809314  48.68
  2015          34      0.00065  0.00065  0.50   98745      64   98713  4710542  47.70
  2015          35      0.00063  0.00063  0.50   98681      62   98649  4611829  46.73
  2015          36      0.00095  0.00095  0.50   98618      94   98571  4513179  45.76
  2015          37      0.00078  0.00078  0.50   98524      77   98486  4414608  44.81
  2015          38      0.00083  0.00083  0.50   98447      82   98407  4316122  43.84
  2015          39      0.00096  0.00096  0.50   98366      94   98319  4217715  42.88
  2015          40      0.00099  0.00098  0.50   98271      97   98223  4119397  41.92
  2015          41      0.00109  0.00109  0.50   98175     107   98121  4021174  40.96
  2015          42      0.00120  0.00120  0.50   98068     117   98009  3923052  40.00
  2015          43      0.00144  0.00143  0.50   97950     141   97880  3825043  39.05
  2015          44      0.00162  0.00162  0.50   97810     158   97731  3727163  38.11
  2015          45      0.00186  0.00186  0.50   97651     181   97561  3629432  37.17
  2015          46      0.00174  0.00174  0.50   97470     169   97385  3531871  36.24
  2015          47      0.00210  0.00209  0.50   97301     204   97199  3434486  35.30
  2015          48      0.00216  0.00216  0.50   97097     210   96992  3337287  34.37
  2015          49      0.00258  0.00258  0.50   96887     250   96762  3240295  33.44
  2015          50      0.00250  0.00250  0.50   96638     241   96517  3143532  32.53
  2015          51      0.00310  0.00310  0.50   96396     298   96247  3047015  31.61
  2015          52      0.00323  0.00323  0.50   96098     310   95943  2950768  30.71
  2015          53      0.00390  0.00389  0.50   95788     373   95601  2854825  29.80
  2015          54      0.00378  0.00377  0.50   95415     360   95235  2759224  28.92
  2015          55      0.00455  0.00454  0.50   95055     431   94840  2663989  28.03
  2015          56      0.00513  0.00512  0.50   94624     484   94382  2569149  27.15
  2015          57      0.00564  0.00562  0.50   94139     529   93875  2474768  26.29
  2015          58      0.00642  0.00640  0.50   93610     599   93310  2380893  25.43
  2015          59      0.00704  0.00702  0.50   93011     653   92685  2287582  24.59
  2015          60      0.00752  0.00750  0.50   92358     692   92012  2194898  23.77
  2015          61      0.00815  0.00811  0.50   91666     744   91294  2102886  22.94
  2015          62      0.00934  0.00929  0.50   90922     845   90499  2011592  22.12
  2015          63      0.00960  0.00955  0.50   90077     861   89647  1921093  21.33
  2015          64      0.01047  0.01041  0.50   89216     929   88752  1831446  20.53
  2015          65      0.01111  0.01105  0.50   88287     976   87799  1742694  19.74
  2015          66      0.01175  0.01168  0.50   87311    1020   86801  1654895  18.95
  2015          67      0.01264  0.01256  0.50   86291    1084   85749  1568093  18.17
  2015          68      0.01423  0.01413  0.50   85207    1204   84605  1482344  17.40
  2015          69      0.01507  0.01496  0.50   84003    1256   83375  1397739  16.64
  2015          70      0.01642  0.01629  0.50   82747    1348   82073  1314364  15.88
  2015          71      0.01760  0.01745  0.50   81399    1420   80689  1232291  15.14
  2015          72      0.01959  0.01940  0.50   79979    1551   79203  1151601  14.40
  2015          73      0.02172  0.02149  0.50   78428    1685   77585  1072398  13.67
  2015          74      0.02489  0.02458  0.50   76743    1886   75800   994813  12.96
  2015          75      0.02571  0.02538  0.50   74856    1900   73906   919013  12.28
  2015          76      0.02931  0.02888  0.50   72956    2107   71903   845107  11.58
  2015          77      0.03252  0.03200  0.50   70849    2267   69715   773204  10.91
  2015          78      0.03517  0.03456  0.50   68582    2370   67397   703489  10.26
  2015          79      0.04260  0.04171  0.50   66212    2762   64831   636092   9.61
  2015          80      0.04677  0.04570  0.50   63450    2899   62000   571261   9.00
  2015          81      0.05210  0.05078  0.50   60550    3075   59013   509261   8.41
  2015          82      0.05836  0.05671  0.50   57476    3259   55846   450249   7.83
  2015          83      0.06891  0.06661  0.50   54216    3612   52410   394403   7.27
  2015          84      0.07644  0.07363  0.50   50605    3726   48742   341992   6.76
  2015          85      0.08551  0.08200  0.50   46879    3844   44957   293251   6.26
  2015          86      0.10034  0.09555  0.50   43035    4112   40979   248294   5.77
  2015          87      0.11294  0.10690  0.50   38923    4161   36842   207315   5.33
  2015          88      0.13244  0.12422  0.50   34762    4318   32603   170473   4.90
  2015          89      0.14853  0.13826  0.50   30444    4209   28339   137870   4.53
  2015          90      0.16636  0.15358  0.50   26235    4029   24220   109531   4.18
  2015          91      0.19026  0.17373  0.50   22205    3858   20277    85311   3.84
  2015          92      0.20574  0.18655  0.50   18348    3423   16636    65035   3.54
  2015          93      0.23883  0.21335  0.50   14925    3184   13333    48398   3.24
  2015          94      0.27879  0.24468  0.50   11741    2873   10304    35065   2.99
  2015          95      0.29394  0.25628  0.50    8868    2273    7732    24761   2.79
  2015          96      0.32586  0.28020  0.50    6595    1848    5671    17029   2.58
  2015          97      0.35963  0.30482  0.50    4747    1447    4024    11358   2.39
  2015          98      0.39502  0.32987  0.50    3300    1089    2756     7334   2.22
  2015          99      0.43170  0.35506  0.50    2212     785    1819     4579   2.07
  2015         100      0.46930  0.38011  0.50    1426     542    1155     2760   1.93
  2015         101      0.50739  0.40472  0.50     884     358     705     1604   1.81
  2015         102      0.54553  0.42862  0.50     526     226     414      899   1.71
  2015         103      0.58326  0.45157  0.50     301     136     233      486   1.61
  2015         104      0.62015  0.47337  0.50     165      78     126      253   1.53
  2015         105      0.65580  0.49386  0.50      87      43      65      127   1.46
  2015         106      0.68985  0.51293  0.50      44      23      33       61   1.40
  2015         107      0.72203  0.53051  0.50      21      11      16       29   1.35
  2015         108      0.75213  0.54658  0.50      10       5       7       13   1.30
  2015         109      0.78000  0.56115  0.50       5       3       3        6   1.26
  2015         110+     0.80559  1.00000  1.24       2       2       2        2   1.24