  2019           0      0.00363  0.00362  0.14  100000     362   99689  8183830  81.84
  2019           1      0.00025  0.00025  0.50   99638      25   99626  8084141  81.13
  2019           2      0.00011  0.00011  0.50   99613      11   99608  7984515  80.16
  2019           3      0.00012  0.00012  0.50   99603      12   99597  7884907  79.16
  2019           4      0.00005  0.00005  0.50   99591       5   99588  7785310  78.17
  2019           5      0.00008  0.00008  0.50   99586       8   99582  7685722  77.18
  2019           6      0.00005  0.00005  0.50   99578       5   99575  7586140  76.18
  2019           7      0.00005  0.00005  0.50   99572       5   99570  7486565  75.19
  2019           8      0.00007  0.00007  0.50   99567       7   99563  7386995  74.19
  2019           9      0.00007  0.00007  0.50   99560       7   99556  7287432  73.20
  2019          10      0.00004  0.00004  0.50   99553       4   99551  7187875  72.20
  2019          11      0.00010  0.00010  0.50   99549      10   99544  7088324  71.20
  2019          12      0.00005  0.00005  0.50   99539       5   99537  6988781  70.21
  2019          13      0.00015  0.00015  0.50   99534      14   99527  6889244  69.22
  2019          14      0.00008  0.00008  0.50   99519       8   99516  6789717  68.23
  2019          15      0.00019  0.00019  0.50   99512      19   99502  6690202  67.23
  2019          16      0.00015  0.00015  0.50   99493      15   99485  6590699  66.24
  2019          17      0.00020  0.00020  0.50   99478      20   99468  6491214  65.25
  2019          18      0.00035  0.00035  0.50   99458      35   99440  6391747  64.27
  2019          19      0.00024  0.00024  0.50   99423      24   99411  6292306  63.29
  2019          20      0.00026  0.00026  0.50   99399      26   99386  6192896  62.30
  2019          21      0.00043  0.00043  0.50   99373      43   99352  6093509  61.32
  2019          22      0.00031  0.00031  0.50   99330      31   99315  5994158  60.35
  2019          23      0.00034  0.00034  0.50   99299      34   99283  5894843  59.36
  2019          24      0.00035  0.00035  0.50   99266      35   99248  5795560  58.38
  2019          25      0.00030  0.00030  0.50   99231      30   99216  5696312  57.40
  2019          26      0.00044  0.00044  0.50   99201      44   99179  5597096  56.42
  2019          27      0.00039  0.00039  0.50   99157      38   99138  5497917  55.45
  2019          28      0.00043  0.00043  0.50   99119      43   99097  5398779  54.47
  2019          29      0.00047  0.00047  0.50   99076      46   99053  5299681  53.49
  2019          30      0.00056  0.00056  0.50   99030      55   99002  5200628  52.52
  2019          31      0.00051  0.00051  0.50   98974      50   98949  5101626  51.54
  2019          32      0.00052  0.00052  0.50   98924      51   98899  5002677  50.57
  2019          33      0.00059  0.00059  0.50   98873      58   98844  4903778  49.60
  2019          34      0.00056  0.00056  0.50   98815      55   98787  4804934  48.63
  2019          35      0.00063  0.00063  0.50   98760      63   98728  4706147  47.65
  2019          36      0.00065  0.00065  0.50   98697      65   98665  4607418  46.68
  2019          37      0.00076  0.00076  0.50   98633      75   98595  4508753  45.71
  2019          38      0.00079  0.00079  0.50   98558      78   98519  4410158  44.75
  2019          39      0.00097  0.00097  0.50   98480      96   98432  4311639  43.78
  2019          40      0.00101  0.00101  0.50   98384      99   98335  4213207  42.82
  2019          41      0.00099  0.00099  0.50   98285      97   98237  4114873  41.87
  2019          42      0.00125  0.00125  0.50   98188     123   98127  4016636  40.91
  2019          43      0.00120  0.00120  0.50   98066     118   98007  3918509  39.96
  2019          44      0.00138  0.00138  0.50   97948     135   97880  3820502  39.01
  2019          45      0.00166  0.00165  0.50   97813     162   97732  3722622  38.06
  2019          46      0.00163  0.00162  0.50   97651     159   97572  3624890  37.12
  2019          47      0.00187  0.00186  0.50   97493     182   97402  3527318  36.18
  2019          48      0.00190  0.00190  0.50   97311     185   97218  3429916  35.25
  2019          49      0.00229  0.00229  0.50   97126     222   97015  3332698  34.31
  2019          50      0.00236  0.00235  0.50   96903     228   96789  3235683  33.39
  2019          51      0.00275  0.00275  0.50   96675     266   96543  3138894  32.47
  2019          52      0.00294  0.00294  0.50   96410     283   96268  3042352  31.56
  2019          53      0.00328  0.00328  0.50   96126     315   95969  2946084  30.65
  2019          54      0.00363  0.00362  0.50   95811     347   95638  2850115  29.75
  2019          55      0.00385  0.00384  0.50   95464     367   95281  2754477  28.85
  2019          56      0.00419  0.00418  0.50   95098     398   94899  2659196  27.96
  2019          57      0.00459  0.00458  0.50   94700     433   94483  2564297  27.08
  2019          58      0.00512  0.00511  0.50   94266     481   94026  2469814  26.20
  2019          59      0.00537  0.00535  0.50   93785     502   93534  2375788  25.33
  2019          60      0.00622  0.00621  0.50   93283     579   92994  2282254  24.47
  2019          61      0.00703  0.00700  0.50   92704     649   92380  2189261  23.62
  2019          62      0.00804  0.00801  0.50   92055     737   91686  2096881  22.78
  2019          63      0.00872  0.00868  0.50   91318     793   90921  2005195  21.96
  2019          64      0.00959  0.00954  0.50   90525     864   90093  1914273  21.15
  2019          65      0.01053  0.01048  0.50   89661     939   89192  1824180  20.35
  2019          66      0.01091  0.01085  0.50   88722     962   88241  1734988  19.56
  2019          67      0.01244  0.01236  0.50   87760    1085   87217  1646747  18.76
  2019          68      0.01239  0.01231  0.50   86675    1067   86141  1559530  17.99
  2019          69      0.01433  0.01423  0.50   85608    1218   84999  1473389  17.21
  2019          70      0.01577  0.01565  0.50   84390    1320   83729  1388390  16.45
  2019          71      0.01707  0.01693  0.50   83069    1406   82366  1304661  15.71
  2019          72      0.01893  0.01875  0.50   81663    1531   80897  1222295  14.97
  2019          73      0.02059  0.02038  0.50   80132    1633   79315  1141397  14.24
  2019          74      0.02343  0.02316  0.50   78499    1818   77590  1062082  13.53
  2019          75      0.02470  0.02440  0.50   76681    1871   75746   984492  12.84
  2019          76      0.02644  0.02610  0.50   74810    1952   73834   908747  12.15
  2019          77      0.03125  0.03077  0.50   72858    2242   71737   834913  11.46
  2019          78      0.03334  0.03279  0.50   70616    2316   69458   763176  10.81
  2019          79      0.03706  0.03639  0.50   68300    2485   67057   693718  10.16
  2019          80      0.04173  0.04087  0.50   65815    2690   64470   626661   9.52
  2019          81      0.04623  0.04519  0.50   63124    2853   61698   562192   8.91
  2019          82      0.05254  0.05119  0.50   60272    3085   58729   500493   8.30
  2019          83      0.06123  0.05941  0.50   57186    3397   55488   441764   7.72
  2019          84      0.06716  0.06497  0.50   53789    3495   52042   386277   7.18
  2019          85      0.07871  0.07573  0.50   50294    3809   48390   334235   6.65
  2019          86      0.08978  0.08592  0.50   46485    3994   44488   285845   6.15
  2019          87      0.10423  0.09907  0.50   42491    4210   40386   241357   5.68
  2019          88      0.12045  0.11361  0.50   38281    4349   36107   200971   5.25
  2019          89      0.13281  0.12454  0.50   33932    4226   31820   164864   4.86
  2019          90      0.15414  0.14311  0.50   29707    4251   27581   133044   4.48
  2019          91      0.17325  0.15944  0.50   25455    4059   23426   105463   4.14
  2019          92      0.18694  0.17096  0.50   21397    3658   19568    82037   3.83
  2019          93      0.21378  0.19313  0.50   17739    3426   16026    62470   3.52
  2019          94      0.24233  0.21614  0.50   14313    3094   12766    46444   3.24
  2019          95      0.26766  0.23606  0.50   11219    2648    9895    33678   3.00
  2019          96      0.29730  0.25883  0.50    8571    2218    7462    23783   2.77
  2019          97      0.32889  0.28244  0.50    6352    1794    5455    16321   2.57
  2019          98      0.36223  0.30668  0.50    4558    1398    3859    10866   2.38
  2019          99      0.39709  0.33131  0.50    3160    1047    2637     7007   2.22
  2019         100      0.43317  0.35605  0.50    2113     752    1737     4370   2.07
  2019         101      0.47011  0.38064  0.50    1361     518    1102     2633   1.93
  2019         102      0.50752  0.40480  0.50     843     341     672     1531   1.82
  2019         103      0.54497  0.42827  0.50     502     215     394      859   1.71
  2019         104      0.58203  0.45083  0.50     287     129     222      464   1.62
  2019         105      0.61830  0.47229  0.50     158      74     120      242   1.54
  2019         106      0.65339  0.49250  0.50      83      41      63      122   1.47
  2019         107      0.68697  0.51133  0.50      42      22      31       59   1.41
  2019         108      0.71876  0.52874  0.50      21      11      15       28   1.35
  2019         109      0.74856  0.54469  0.50      10       5       7       13   1.31
  2019         110+     0.77624  1.00000  1.29       4       4       6        6   1.29