"year" "population" "expected"
"1" 2015 92855 320.34975
"2" 2015 89676 20.62548
"3" 2015 90971 15.919925
"4" 2015 88268 13.2402
"5" 2015 90395 12.203325
"6" 2015 97131 10.68441
"7" 2015 99801 9.148425
"8" 2015 97877 8.319545
"9" 2015 101533 10.4917433333333
"10" 2015 98209 10.9666716666667
"11" 2015 94683 8.363665
"12" 2015 94252 8.32559333333334
"13" 2015 96675 11.117625
"14" 2015 96979 14.2235866666667
"15" 2015 97881 15.00842
"16" 2015 94845 16.12365
"17" 2015 97758 22.32141
"18" 2015 101848 29.53592
"19" 2015 110440 40.1265333333333
"20" 2015 117206 46.29637
"21" 2015 120332 46.92948
"22" 2015 121947 48.37231
"23" 2015 125459 49.556305
"24" 2015 129707 51.4504433333333
"25" 2015 127566 54.00294
"26" 2015 123620 55.4229666666667
"27" 2015 122201 55.8051233333333
"28" 2015 121602 62.42236
"29" 2015 122503 65.9474483333333
"30" 2015 123416 67.0560266666667
"31" 2015 118456 74.62728
"32" 2015 120133 87.4968683333333
"33" 2015 126783 98.04552
"34" 2015 135612 108.26358
"35" 2015 142113 124.822585
"36" 2015 152234 149.95049
"37" 2015 159125 164.959583333333
"38" 2015 167141 181.347985
"39" 2015 174252 200.3898
"40" 2015 181934 223.172373333333
"41" 2015 173840 246.273333333333
"42" 2015 146895 238.704375
"43" 2015 144774 258.1803
"44" 2015 142427 283.42973
"45" 2015 144338 338.232046666667
"46" 2015 144893 397.972773333333
"47" 2015 144912 448.50264
"48" 2015 138280 497.347066666667
"49" 2015 125791 519.097526666667
"50" 2015 120846 573.41427
"51" 2015 118949 640.738613333333
"52" 2015 117182 695.279866666667
"53" 2015 113423 776.94755
"54" 2015 120016 932.924373333333
"55" 2015 124828 1088.08406666667
"56" 2015 124815 1212.3697
"57" 2015 129688 1375.12509333333
"58" 2015 133007 1551.08329833333
"59" 2015 149124 1901.08246
"60" 2015 159322 2212.71704333333
"61" 2015 164139 2470.565515
"62" 2015 148599 2416.21974
"63" 2015 131944 2307.26074666667
"64" 2015 131871 2524.670295
"65" 2015 132017 2722.19054
"66" 2015 124690 2658.59861666667
"67" 2015 120528 2724.33456
"68" 2015 114065 2761.51365
"69" 2015 98610 2525.23775
"70" 2015 94025 2550.89825
"71" 2015 104634 2985.73119
"72" 2015 94137 2858.156215
"73" 2015 93925 3083.40120833333
"74" 2015 84892 3014.93938
"75" 2015 83562 3233.01378
"76" 2015 75070 3164.2005
"77" 2015 71477 3301.99914333333
"78" 2015 66192 3395.53928
"79" 2015 61498 3476.89192666667
"80" 2015 58632 3689.12544
"81" 2015 54892 3866.86694
"82" 2015 52007 4059.75309833333
"83" 2015 47943 4177.673115
"84" 2015 42761 4119.73727666667
"85" 2015 42179.43 4539.7720509
"86" 2015 35448.56 4218.49680186667
"87" 2015 30204.54 3918.4853151
"88" 2015 24871.43 3501.81443923333
"89" 2015 21395.59 3249.70484646667
"90" 2015 17732.86 2970.40182383333
"91" 2015 13028.91 2388.30777725
"92" 2015 11026.31 2220.16589568333
"93" 2015 8875.57 1960.2583902
"94" 2015 6347.12 1496.54511066667
"95" 2015 4389.85 1116.602246
"96" 2015 2850.43 787.003723
"97" 2015 1079.14 319.499181233333
"98" 2015 687.51 217.51326795
"99" 2015 520.87 175.469817483333
"100" 2015 415.84 148.6274536
"101" 2015 354.8 134.054084
"102" 2015 210.24 83.6681616
"103" 2015 130.85 54.6523375833333
"104" 2015 58.96 25.7547106666667
"105" 2015 36 16.39002
"106" 2015 10 4.72953333333333
"107" 2015 10 4.89758333333333
"108" 2015 5 2.52815833333333
"109" 2015 2 1.04107
"110" 2015 1 0.76387
"111" 2015 0 0
"112" 2016 91741 316.50645
"113" 2016 93268 21.45164
"114" 2016 89987 15.747725
"115" 2016 91335 13.70025
"116" 2016 88537 11.952495
"117" 2016 90632 9.96952
"118" 2016 97323 8.921275
"119" 2016 100057 8.504845
"120" 2016 98131 10.1402033333333
"121" 2016 101758 11.3629766666667
"122" 2016 98356 8.68811333333333
"123" 2016 94893 8.382215
"124" 2016 94428 10.85922
"125" 2016 96823 14.2007066666667
"126" 2016 97179 14.90078
"127" 2016 98170 16.6889
"128" 2016 95116 21.7181533333333
"129" 2016 98171 28.46959
"130" 2016 102508 37.2445733333333
"131" 2016 111228 43.93506
"132" 2016 117807 45.94473
"133" 2016 120732 47.89036
"134" 2016 121913 48.155635
"135" 2016 125219 49.6702033333333
"136" 2016 129266 54.7226066666667
"137" 2016 127237 57.0445883333333
"138" 2016 123271 56.2937566666667
"139" 2016 121996 62.6246133333333
"140" 2016 121394 65.3504366666667
"141" 2016 122326 66.4637933333333
"142" 2016 123386 77.73318
"143" 2016 118493 86.3024016666667
"144" 2016 120301 93.0327733333333
"145" 2016 126918 101.32287
"146" 2016 135603 119.104635
"147" 2016 142236 140.10246
"148" 2016 152335 157.920616666667
"149" 2016 159221 172.754785
"150" 2016 167108 192.1742
"151" 2016 174263 213.762613333333
"152" 2016 181867 257.644916666667
"153" 2016 173761 282.361625
"154" 2016 146941 262.044783333333
"155" 2016 144759 288.07041
"156" 2016 142451 333.810176666667
"157" 2016 144225 396.138
"158" 2016 144680 447.7846
"159" 2016 144551 519.901763333333
"160" 2016 137955 569.2943
"161" 2016 125305 594.572225
"162" 2016 120286 647.940586666667
"163" 2016 118327 702.073533333333
"164" 2016 116475 797.85375
"165" 2016 112729 876.280093333333
"166" 2016 119134 1038.45136666667
"167" 2016 123856 1203.05461333333
"168" 2016 123689 1311.51569666667
"169" 2016 128327 1496.50669833333
"170" 2016 131563 1677.20897833333
"171" 2016 147254 2045.11263666667
"172" 2016 157262 2367.05520333333
"173" 2016 161717 2629.51842
"174" 2016 146463 2561.14966
"175" 2016 129994 2488.73513
"176" 2016 129669 2673.77478
"177" 2016 129583 2762.92553166667
"178" 2016 122266 2763.61915333333
"179" 2016 117976 2856.19896
"180" 2016 111551 2856.63519166667
"181" 2016 96268 2611.75084
"182" 2016 91613 2614.176955
"183" 2016 101633 3085.74726833333
"184" 2016 91266 2996.11067
"185" 2016 90850 3226.53775
"186" 2016 81838 3166.31222
"187" 2016 80283 3383.92845
"188" 2016 71776 3315.81194666667
"189" 2016 68086 3492.69832333333
"190" 2016 62686 3544.05748666667
"191" 2016 57973 3647.66116
"192" 2016 54740 3856.1593
"193" 2016 50790 3964.75205
"194" 2016 47870 4171.31201666667
"195" 2016 43634 4203.84500666667
"196" 2016 38397 4132.66911
"197" 2016 37682.95 4484.39665983333
"198" 2016 31201.1 4047.77070483333
"199" 2016 26104.13 3675.37449023333
"200" 2016 21225.07 3223.80513206667
"201" 2016 17922.28 3002.13125233333
"202" 2016 14495.57 2657.15877741667
"203" 2016 10342.67 2082.51384228333
"204" 2016 8653.11 1911.1258746
"205" 2016 6771.39 1596.5809055
"206" 2016 4643.99 1181.2452964
"207" 2016 3153.75 870.750375
"208" 2016 1982.36 586.914021266667
"209" 2016 728.11 230.358228283333
"210" 2016 445.49 150.075928716667
"211" 2016 317.86 113.6079319
"212" 2016 271.83 102.7055289
"213" 2016 222.8 88.666602
"214" 2016 124.23 51.88735115
"215" 2016 84.84 37.059526
"216" 2016 29.96 13.6401388666667
"217" 2016 21 9.93202
"218" 2016 5 2.44879166666667
"219" 2016 5 2.52815833333333
"220" 2016 3 1.561605
"221" 2016 1 0.76387
"222" 2016 1 1
"223" 2017 94858 327.2601
"224" 2017 91999 21.15977
"225" 2017 93369 16.339575
"226" 2017 90119 13.51785
"227" 2017 91394 12.33819
"228" 2017 88553 9.74083
"229" 2017 90705 8.314625
"230" 2017 97300 8.2705
"231" 2017 100067 10.3402566666667
"232" 2017 98077 10.9519316666667
"233" 2017 101757 8.988535
"234" 2017 98443 8.69579833333334
"235" 2017 94939 10.917985
"236" 2017 94447 13.8522266666667
"237" 2017 96838 14.8484933333333
"238" 2017 97354 16.55018
"239" 2017 98318 22.4492766666667
"240" 2017 95350 27.6515
"241" 2017 98785 35.8918833333333
"242" 2017 103262 40.78849
"243" 2017 111759 43.58601
"244" 2017 117880 46.7590666666667
"245" 2017 120596 47.63542
"246" 2017 121571 48.2231633333333
"247" 2017 124854 52.85486
"248" 2017 128617 57.6632883333333
"249" 2017 126630 57.8277
"250" 2017 122681 62.9762466666667
"251" 2017 121556 65.4376466666667
"252" 2017 121079 65.7862566666667
"253" 2017 122065 76.90095
"254" 2017 123089 89.6498216666667
"255" 2017 118253 91.4489866666667
"256" 2017 120175 95.9397083333333
"257" 2017 126727 111.308548333333
"258" 2017 135440 133.4084
"259" 2017 142023 147.23051
"260" 2017 152007 164.927595
"261" 2017 158899 182.73385
"262" 2017 166770 204.5712
"263" 2017 173851 246.288916666667
"264" 2017 181329 294.659625
"265" 2017 173293 309.039183333333
"266" 2017 146552 291.63848
"267" 2017 144283 338.103163333333
"268" 2017 142000 390.026666666667
"269" 2017 143673 444.667935
"270" 2017 144083 518.218523333333
"271" 2017 143849 593.616873333333
"272" 2017 137234 651.17533
"273" 2017 124636 671.372586666667
"274" 2017 119564 709.413066666667
"275" 2017 117488 804.7928
"276" 2017 115624 898.783893333333
"277" 2017 111831 974.79355
"278" 2017 118230 1148.4074
"279" 2017 122687 1300.89115666667
"280" 2017 122414 1427.55126333333
"281" 2017 126797 1616.45042166667
"282" 2017 129938 1804.62225666667
"283" 2017 145292 2186.88675333333
"284" 2017 155007 2520.41382
"285" 2017 159321 2785.99322
"286" 2017 144099 2758.775355
"287" 2017 127655 2632.2461
"288" 2017 127203 2712.179965
"289" 2017 126932 2869.08630666667
"290" 2017 119561 2894.57181
"291" 2017 115385 2954.81754166667
"292" 2017 108787 2951.39131
"293" 2017 93725 2674.442875
"294" 2017 89007 2702.400865
"295" 2017 98594 3236.67669666667
"296" 2017 88184 3131.85476
"297" 2017 87663 3391.68147
"298" 2017 78724 3318.2166
"299" 2017 76961 3555.34166333333
"300" 2017 68477 3512.75597166667
"301" 2017 64659 3655.60433
"302" 2017 59079 3717.25068
"303" 2017 54281 3823.825045
"304" 2017 50857 3969.98218166667
"305" 2017 46745 4073.28139166667
"306" 2017 43772 4217.14038666667
"307" 2017 39465 4247.61795
"308" 2017 34385 4091.92961666667
"309" 2017 33558.69 4353.62478485
"310" 2017 27322.87 3846.96901976667
"311" 2017 22601.93 3432.93180793333
"312" 2017 17957.89 3008.09622408333
"313" 2017 14959.14 2742.1350215
"314" 2017 11830.45 2382.08082491667
"315" 2017 8208.57 1812.9447702
"316" 2017 6709.02 1581.875099
"317" 2017 5059.32 1286.8886352
"318" 2017 3391.93 936.511873
"319" 2017 2246.72 665.182645866667
"320" 2017 1396.33 441.768558183333
"321" 2017 499.1 168.135976166667
"322" 2017 290.48 103.8219092
"323" 2017 212.85 80.4211155
"324" 2017 180.83 71.96401095
"325" 2017 146.79 61.31002395
"326" 2017 68.23 29.8040011666667
"327" 2017 47.84 21.7805154666667
"328" 2017 14.96 7.07538186666667
"329" 2017 12 5.8771
"330" 2017 2 1.01126333333333
"331" 2017 3 1.561605
"332" 2017 2 1.52774
"333" 2017 1 1
"334" 2018 94086 324.5967
"335" 2018 95162 21.88726
"336" 2018 92247 16.143225
"337" 2018 93566 14.0349
"338" 2018 90295 12.189825
"339" 2018 91568 10.07248
"340" 2018 88672 8.12826666666667
"341" 2018 90758 7.71443
"342" 2018 97343 10.0587766666667
"343" 2018 100131 11.181295
"344" 2018 98154 8.67027
"345" 2018 101837 8.99560166666667
"346" 2018 98526 11.33049
"347" 2018 95015 13.9355333333333
"348" 2018 94556 14.4985866666667
"349" 2018 97015 16.49255
"350" 2018 97536 22.27072
"351" 2018 98646 28.60734
"352" 2018 96216 34.95848
"353" 2018 99927 39.471165
"354" 2018 104393 40.71327
"355" 2018 112618 44.6718066666667
"356" 2018 118579 46.838705
"357" 2018 121164 48.06172
"358" 2018 121928 51.6161866666667
"359" 2018 125135 56.1021916666667
"360" 2018 128804 58.8204933333333
"361" 2018 126927 65.15586
"362" 2018 122846 66.1320966666667
"363" 2018 121825 66.1915833333333
"364" 2018 121457 76.51791
"365" 2018 122510 89.2281166666667
"366" 2018 123564 95.55616
"367" 2018 118617 94.695905
"368" 2018 120663 105.982335
"369" 2018 127274 125.36489
"370" 2018 135806 140.785553333333
"371" 2018 142353 154.453005
"372" 2018 152209 175.04035
"373" 2018 159053 195.105013333333
"374" 2018 166875 236.40625
"375" 2018 174015 282.774375
"376" 2018 181301 323.320116666667
"377" 2018 173202 344.67198
"378" 2018 146449 343.178823333333
"379" 2018 144162 395.96496
"380" 2018 141786 438.82767
"381" 2018 143432 515.877093333333
"382" 2018 143738 593.158813333333
"383" 2018 143301 679.963245
"384" 2018 136684 736.271146666667
"385" 2018 124099 736.320733333333
"386" 2018 118988 815.0678
"387" 2018 116779 907.762093333333
"388" 2018 114828 1000.9174
"389" 2018 110943 1077.62634
"390" 2018 117162 1242.30774
"391" 2018 121475 1416.60095833333
"392" 2018 121112 1543.97614666667
"393" 2018 125192 1738.70822666667
"394" 2018 128162 1929.05170333333
"395" 2018 143207 2328.54582
"396" 2018 152568 2667.90576
"397" 2018 156629 2998.662205
"398" 2018 141336 2914.34832
"399" 2018 125040 2666.0612
"400" 2018 124548 2815.19996
"401" 2018 124020 3002.5242
"402" 2018 116644 2987.05843333333
"403" 2018 112326 3047.40438
"404" 2018 105738 3017.23383
"405" 2018 91006 2763.09383666667
"406" 2018 86105 2826.68364166667
"407" 2018 95249 3382.768235
"408" 2018 84975 3287.68275
"409" 2018 84192 3548.6928
"410" 2018 75158 3472.04907333333
"411" 2018 73341 3762.271065
"412" 2018 64761 3661.37107
"413" 2018 60931 3833.77852
"414" 2018 55215 3889.620675
"415" 2018 50394 3933.83963
"416" 2018 46775 4075.89554166667
"417" 2018 42431 4087.94397666667
"418" 2018 39481 4249.34003
"419" 2018 35107 4177.85002333333
"420" 2018 30196 3917.37740666667
"421" 2018 29319.35 4128.06674883333
"422" 2018 23499.56 3569.26983653333
"423" 2018 19037.66 3188.96669716667
"424" 2018 14784.64 2710.14771733333
"425" 2018 12049.91 2426.26946168333
"426" 2018 9373.26 2070.1782036
"427" 2018 6311.42 1488.12764566667
"428" 2018 5107.9 1299.245444
"429" 2018 3743.23 1033.505803
"430" 2018 2421.86 717.036053766667
"431" 2018 1541.67 487.75098515
"432" 2018 955.3 321.819871833333
"433" 2018 316.09 112.97530735
"434" 2018 180.48 68.1907584
"435" 2018 134.85 53.66558025
"436" 2018 106.82 44.6156874333333
"437" 2018 82.79 36.1640518333333
"438" 2018 40.23 18.31584735
"439" 2018 28.84 13.6399741333333
"440" 2018 5.96 2.91895966666667
"441" 2018 3 1.516895
"442" 2018 1 0.520535
"443" 2018 2 1.52774
"444" 2018 2 2
"445" 2019 92771 320.05995
"446" 2019 94188 21.66324
"447" 2019 95429 16.700075
"448" 2019 92482 13.8723
"449" 2019 93735 12.654225
"450" 2019 90474 9.95214
"451" 2019 91701 8.405925
"452" 2019 88833 7.550805
"453" 2019 90794 9.38204666666667
"454" 2019 97377 10.873765
"455" 2019 100165 8.84790833333333
"456" 2019 98223 8.676365
"457" 2019 101905 11.719075
"458" 2019 98596 14.4607466666667
"459" 2019 95066 14.5767866666667
"460" 2019 94780 16.1126
"461" 2019 97178 22.1889766666667
"462" 2019 97755 28.34895
"463" 2019 99628 36.1981733333333
"464" 2019 97713 38.596635
"465" 2019 101415 39.55185
"466" 2019 105368 41.7959733333333
"467" 2019 113489 44.828155
"468" 2019 119554 47.4230866666667
"469" 2019 121977 51.63693
"470" 2019 122863 55.0835783333333
"471" 2019 125924 57.5052933333333
"472" 2019 129464 66.4581866666667
"473" 2019 127654 68.7204033333333
"474" 2019 123449 67.0739566666667
"475" 2019 122379 77.09877
"476" 2019 122289 89.067155
"477" 2019 123272 95.3303466666667
"478" 2019 124441 99.3453983333333
"479" 2019 119336 104.816786666667
"480" 2019 121400 119.579
"481" 2019 128044 132.738946666667
"482" 2019 136532 148.13722
"483" 2019 143036 164.4914
"484" 2019 152805 187.4408
"485" 2019 159616 226.122666666667
"486" 2019 167350 271.94375
"487" 2019 174427 311.061483333333
"488" 2019 181603 361.38997
"489" 2019 173454 406.46054
"490" 2019 146606 402.677813333333
"491" 2019 144301 446.611595
"492" 2019 141746 509.813113333333
"493" 2019 143429 591.883673333333
"494" 2019 143639 681.567055
"495" 2019 143002 770.304106666667
"496" 2019 136349 809.004066666667
"497" 2019 123648 846.9888
"498" 2019 118602 921.93288
"499" 2019 116129 1012.25778333333
"500" 2019 114178 1109.04897333333
"501" 2019 110121 1167.64967
"502" 2019 116170 1354.73581666667
"503" 2019 120342 1534.15993
"504" 2019 119730 1662.85015
"505" 2019 123688 1861.71054666667
"506" 2019 126312 2053.83312
"507" 2019 141040 2466.31946666667
"508" 2019 150003 2871.807435
"509" 2019 153828 3171.93336
"510" 2019 138476 2952.53911333333
"511" 2019 122452 2767.82337333333
"512" 2019 121801 2948.80221
"513" 2019 121008 3098.8132
"514" 2019 113600 3081.968
"515" 2019 109364 3120.70174
"516" 2019 102737 3119.26654833333
"517" 2019 88201 2895.49182833333
"518" 2019 83161 2953.462915
"519" 2019 91720 3548.6468
"520" 2019 81713 3444.20295
"521" 2019 80578 3722.43500666667
"522" 2019 71566 3671.21652333333
"523" 2019 69537 3931.39019
"524" 2019 61012 3838.87504
"525" 2019 57039 4018.112355
"526" 2019 51344 4007.99821333333
"527" 2019 46482 4050.36401
"528" 2019 42626 4106.73092666667
"529" 2019 38344 4126.96472
"530" 2019 35192 4187.96530666667
"531" 2019 30947 4014.80588833333
"532" 2019 26284 3700.69958666667
"533" 2019 25356.15 3851.261103
"534" 2019 19890.39 3331.80607825
"535" 2019 15843.5 2904.24557916667
"536" 2019 12111.52 2438.67473786667
"537" 2019 9618.8 2124.408168
"538" 2019 7242.17 1707.58298316667
"539" 2019 4821.36 1226.3611296
"540" 2019 3790.86 1046.656446
"541" 2019 2629.18 778.416940633333
"542" 2019 1683.83 532.727329016667
"543" 2019 1102.65 371.45889425
"544" 2019 621.28 222.0547912
"545" 2019 205.09 77.4891547
"546" 2019 117.48 46.7529282
"547" 2019 78.85 32.9334109166667
"548" 2019 57.82 25.2567396666667
"549" 2019 47.79 21.75775155
"550" 2019 22.23 10.5137526
"551" 2019 11.84 5.79873866666667
"552" 2019 1.96 0.991038066666667
"553" 2019 2 1.04107
"554" 2019 1 0.76387
"555" 2019 0 0
"556" 2020 92521 319.19745
"557" 2020 92924 21.37252
"558" 2020 94481 16.534175
"559" 2020 95655 14.34825
"560" 2020 92656 12.50856
"561" 2020 93909 10.32999
"562" 2020 90576 8.3028
"563" 2020 91821 7.804785
"564" 2020 88971 9.19367
"565" 2020 90885 10.148825
"566" 2020 97519 8.61417833333333
"567" 2020 100337 8.86310166666667
"568" 2020 98327 11.307605
"569" 2020 102013 14.9619066666667
"570" 2020 98741 15.1402866666667
"571" 2020 95319 16.20423
"572" 2020 94951 21.6804783333333
"573" 2020 97442 28.25818
"574" 2020 98807 35.8998766666667
"575" 2020 101145 39.952275
"576" 2020 98892 38.56788
"577" 2020 102023 40.4691233333333
"578" 2020 105939 41.845905
"579" 2020 114161 45.2838633333333
"580" 2020 120127 50.8537633333333
"581" 2020 122605 54.9679083333333
"582" 2020 123447 56.37413
"583" 2020 126494 64.9335866666667
"584" 2020 130090 70.0317833333333
"585" 2020 128255 69.6852166666667
"586" 2020 124137 78.20631
"587" 2020 123207 89.735765
"588" 2020 123095 95.1934666666667
"589" 2020 124112 99.0827466666667
"590" 2020 125383 110.128068333333
"591" 2020 120231 118.427535
"592" 2020 122205 126.68585
"593" 2020 128729 139.670965
"594" 2020 137144 157.7156
"595" 2020 143683 176.251146666667
"596" 2020 153423 217.34925
"597" 2020 160094 260.15275
"598" 2020 167704 299.072133333333
"599" 2020 174769 347.79031
"600" 2020 181903 426.259363333333
"601" 2020 173672 477.019093333333
"602" 2020 146793 454.324335
"603" 2020 144383 519.297523333333
"604" 2020 141776 585.062293333333
"605" 2020 143231 679.631095
"606" 2020 143323 772.033226666667
"607" 2020 142728 846.8528
"608" 2020 135945 931.22325
"609" 2020 123100 956.897333333333
"610" 2020 118006 1028.61896666667
"611" 2020 115406 1120.97694666667
"612" 2020 113321 1201.58033666667
"613" 2020 109184 1273.26741333333
"614" 2020 115171 1468.23829833333
"615" 2020 119022 1653.01721
"616" 2020 118363 1781.56042166667
"617" 2020 122171 1986.50046
"618" 2020 124520 2177.43973333333
"619" 2020 138879 2658.838455
"620" 2020 147446 3040.33652
"621" 2020 150899 3217.41817833333
"622" 2020 135813 3069.82651
"623" 2020 119862 2901.85902
"624" 2020 119022 3047.95505
"625" 2020 118083 3203.59179
"626" 2020 110629 3156.798515
"627" 2020 106315 3227.90059166667
"628" 2020 99729 3273.936855
"629" 2020 85455 3034.934325
"630" 2020 80359 3109.08971
"631" 2020 88245 3719.52675
"632" 2020 78333 3618.72349
"633" 2020 77071 3953.61384833333
"634" 2020 67946 3841.44035333333
"635" 2020 65683 4132.77436
"636" 2020 57339 4039.245855
"637" 2020 53097 4144.840315
"638" 2020 47419 4132.01262833333
"639" 2020 42678 4111.74078
"640" 2020 38661 4161.08343
"641" 2020 34211 4071.22303666667
"642" 2020 30956 4015.97347333333
"643" 2020 26908 3788.55670666667
"644" 2020 22540 3423.52546666667
"645" 2020 21697.75 3634.55393958333
"646" 2020 16703.03 3061.80459091667
"647" 2020 13118.22 2641.3754607
"648" 2020 9840.29 2173.3264494
"649" 2020 7633.6 1799.87565333333
"650" 2020 5569.01 1416.5333836
"651" 2020 3555.23 981.599003
"652" 2020 2710.75 802.567234583333
"653" 2020 1883.11 595.775203283333
"654" 2020 1140.78 384.3040651
"655" 2020 719.61 257.19940815
"656" 2020 398.26 150.4745758
"657" 2020 135.09 53.76109185
"658" 2020 74.47 31.1040090166667
"659" 2020 46.85 20.4648608333333
"660" 2020 30.81 14.02712545
"661" 2020 25.78 12.1927369333333
"662" 2020 14.22 6.9643635
"663" 2020 5.83 2.94783261666667
"664" 2020 1.96 1.0202486
"665" 2020 1 0.76387
"666" 2020 1 1
"667" 2021 93324 321.9678
"668" 2021 92882 21.36286
"669" 2021 93195 16.309125
"670" 2021 94699 14.20485
"671" 2021 95803 12.933405
"672" 2021 92694 10.19634
"673" 2021 93914 8.60878333333333
"674" 2021 90594 7.70049
"675" 2021 91853 9.49147666666667
"676" 2021 88954 9.93319666666667
"677" 2021 90906 8.03003
"678" 2021 97572 8.61886
"679" 2021 100389 11.544735
"680" 2021 98377 14.4286266666667
"681" 2021 102077 15.6518066666667
"682" 2021 98892 16.81164
"683" 2021 95407 21.7845983333333
"684" 2021 95153 27.59437
"685" 2021 98299 35.7153033333333
"686" 2021 99999 39.499605
"687" 2021 101809 39.70551
"688" 2021 98944 39.2477866666667
"689" 2021 101907 40.253265
"690" 2021 105953 42.0280233333333
"691" 2021 113936 48.2329066666667
"692" 2021 120037 53.8165883333333
"693" 2021 122274 55.83846
"694" 2021 123206 63.2457466666667
"695" 2021 126287 67.9845016666667
"696" 2021 129936 70.59856
"697" 2021 127966 80.61858
"698" 2021 124010 90.3206166666667
"699" 2021 123132 95.22208
"700" 2021 122939 98.1463016666667
"701" 2021 124058 108.964276666667
"702" 2021 125454 123.57219
"703" 2021 120205 124.612516666667
"704" 2021 122063 132.438355
"705" 2021 128647 147.94405
"706" 2021 137031 168.09136
"707" 2021 143601 203.43475
"708" 2021 153296 249.106
"709" 2021 159822 285.0159
"710" 2021 167472 333.26928
"711" 2021 174579 409.09679
"712" 2021 181551 498.66008
"713" 2021 173243 536.187085
"714" 2021 146285 526.138383333333
"715" 2021 143947 594.021286666666
"716" 2021 141306 670.49697
"717" 2021 142723 768.801226666667
"718" 2021 142763 847.060466666667
"719" 2021 141970 972.4945
"720" 2021 135179 1050.79142666667
"721" 2021 122306 1066.10063333333
"722" 2021 117174 1138.15012
"723" 2021 114471 1213.77417
"724" 2021 112314 1309.76843
"725" 2021 108062 1377.61039666667
"726" 2021 113880 1581.6034
"727" 2021 117495 1768.495575
"728" 2021 116800 1899.168
"729" 2021 120271 2103.13888666667
"730" 2021 122511 2345.473095
"731" 2021 136308 2810.67096
"732" 2021 144495 3080.874225
"733" 2021 147598 3336.20679333333
"734" 2021 132583 3209.83443
"735" 2021 116843 2992.15449166667
"736" 2021 115865 3143.41745
"737" 2021 114757 3274.590995
"738" 2021 107231 3255.71187833333
"739" 2021 102649 3369.79558833333
"740" 2021 96088 3412.56532
"741" 2021 82185 3179.73765
"742" 2021 76976 3244.5384
"743" 2021 84033 3882.04449
"744" 2021 74410 3817.10898333333
"745" 2021 72910 4122.08836666667
"746" 2021 63786 4013.41512
"747" 2021 61229 4313.276905
"748" 2021 53028 4139.45406
"749" 2021 48835 4255.40050833333
"750" 2021 42977 4140.54743666667
"751" 2021 38320 4124.3816
"752" 2021 34132 4061.82177333333
"753" 2021 29671 3849.26828166667
"754" 2021 26581 3742.51619666667
"755" 2021 22830 3467.5726
"756" 2021 18734 3138.10111666667
"757" 2021 18196.4 3335.55175666667
"758" 2021 13803.75 2779.40806875
"759" 2021 10543.98 2328.7434228
"760" 2021 7760.1 1829.702245
"761" 2021 5836.43 1484.5543348
"762" 2021 4181.89 1154.619829
"763" 2021 2618.15 775.151306916667
"764" 2021 1925.68 609.243428933333
"765" 2021 1331.07 448.40864315
"766" 2021 781.76 279.4127504
"767" 2021 473.59 178.9365097
"768" 2021 265.26 105.5641959
"769" 2021 86.08 35.9531770666667
"770" 2021 45.46 19.8576856666667
"771" 2021 26.84 12.2196704666667
"772" 2021 20.81 9.84215886666667
"773" 2021 11.78 5.76935316666667
"774" 2021 4.22 2.13376563333333
"775" 2021 3.83 1.99364905
"776" 2021 1.96 1.4971852
"777" 2021 1 1
