"year" "population" "expected"
"1" 2015 67216 436.23184
"2" 2015 64915 27.2643
"3" 2015 67320 18.1764
"4" 2015 68885 13.08815
"5" 2015 69320 9.7048
"6" 2015 72927 16.04394
"7" 2015 70279 16.16417
"8" 2015 67800 12.204
"9" 2015 66949 12.05082
"10" 2015 65375 11.440625
"11" 2015 64941 12.9882
"12" 2015 62662 13.78564
"13" 2015 61956 12.3912
"14" 2015 61890 10.83075
"15" 2015 65761 17.09786
"16" 2015 66539 22.62326
"17" 2015 59554 20.54613
"18" 2015 57911 30.11372
"19" 2015 64822 43.10663
"20" 2015 64487 41.594115
"21" 2015 70969 42.5814
"22" 2015 75739 45.822095
"23" 2015 79546 50.11398
"24" 2015 85994 55.03616
"25" 2015 92712 64.43484
"26" 2015 96886 74.11779
"27" 2015 98691 68.09679
"28" 2015 96545 68.064225
"29" 2015 98546 76.37315
"30" 2015 95953 78.68146
"31" 2015 97189 90.38577
"32" 2015 96953 88.711995
"33" 2015 96700 103.469
"34" 2015 98143 122.67875
"35" 2015 99283 115.16828
"36" 2015 105098 132.94897
"37" 2015 105106 157.13347
"38" 2015 108860 168.733
"39" 2015 111095 173.863675
"40" 2015 111505 195.691275
"41" 2015 114864 226.8564
"42" 2015 107732 244.55164
"43" 2015 101025 264.6855
"44" 2015 103476 305.77158
"45" 2015 106281 363.48102
"46" 2015 108669 405.33537
"47" 2015 105934 430.62171
"48" 2015 93037 430.76131
"49" 2015 91679 476.272405
"50" 2015 93092 517.12606
"51" 2015 96589 580.49989
"52" 2015 97353 659.566575
"53" 2015 98009 723.796465
"54" 2015 100701 826.75521
"55" 2015 100325 895.90225
"56" 2015 98158 936.42732
"57" 2015 99305 1033.76505
"58" 2015 99799 1181.62016
"59" 2015 103307 1319.746925
"60" 2015 103145 1398.6462
"61" 2015 100451 1506.262745
"62" 2015 101268 1624.33872
"63" 2015 99528 1679.03736
"64" 2015 96266 1706.31485
"65" 2015 108854 2066.59319
"66" 2015 104509 2124.145425
"67" 2015 99685 2238.9251
"68" 2015 94135 2262.06405
"69" 2015 96239 2459.86884
"70" 2015 84539 2364.133135
"71" 2015 75973 2270.07324
"72" 2015 74217 2463.633315
"73" 2015 71135 2635.907425
"74" 2015 66454 2644.8692
"75" 2015 64512 2758.53312
"76" 2015 58834 2713.71825
"77" 2015 57262 2944.98466
"78" 2015 55594 3166.91221
"79" 2015 55293 3582.709935
"80" 2015 50755 3763.229475
"81" 2015 52057 4339.47152
"82" 2015 45803 4245.48007
"83" 2015 42714 4387.58208
"84" 2015 33834.21 3988.88418795
"85" 2015 31865.14 4121.1185562
"86" 2015 25785.31 3604.91526455
"87" 2015 22483.57 3502.940206
"88" 2015 18162.4 3183.051412
"89" 2015 15961.51 3073.7079807
"90" 2015 12146 2499.10023
"91" 2015 9645.51 2216.538198
"92" 2015 6740.67 1716.47791215
"93" 2015 5066.64 1418.8871988
"94" 2015 3507.04 1093.0742272
"95" 2015 2311.32 755.5358382
"96" 2015 1511.8 512.885709
"97" 2015 593.36 214.5827104
"98" 2015 299.31 114.875178
"99" 2015 208.92 84.7264614
"100" 2015 254.19 108.46160205
"101" 2015 151.56 67.7602026
"102" 2015 38.89 18.1452962
"103" 2015 35.44 17.1908808
"104" 2015 17.62 8.8535214
"105" 2015 7.61 3.94749725
"106" 2015 2.83 1.51069645
"107" 2015 1.04 0.5696444
"108" 2015 0.25 0.14012375
"109" 2015 0 0
"110" 2015 0 0
"111" 2015 0 0
"112" 2016 65537 425.33513
"113" 2016 67241 28.24122
"114" 2016 65022 17.55594
"115" 2016 67425 12.81075
"116" 2016 68946 9.65244
"117" 2016 69332 15.25304
"118" 2016 72946 16.77758
"119" 2016 70291 12.65238
"120" 2016 67828 12.20904
"121" 2016 66945 11.715375
"122" 2016 65352 13.0704
"123" 2016 64917 14.28174
"124" 2016 62662 12.5324
"125" 2016 61908 10.8339
"126" 2016 61854 16.08204
"127" 2016 65724 22.34616
"128" 2016 66493 22.940085
"129" 2016 59477 30.92804
"130" 2016 57347 38.135755
"131" 2016 64010 41.28645
"132" 2016 64165 38.499
"133" 2016 70674 42.75777
"134" 2016 75347 47.46861
"135" 2016 79176 50.67264
"136" 2016 85577 59.476015
"137" 2016 92233 70.558245
"138" 2016 96417 66.52773
"139" 2016 98310 69.30855
"140" 2016 96220 74.5705
"141" 2016 98228 80.54696
"142" 2016 95801 89.09493
"143" 2016 96969 88.726635
"144" 2016 96777 103.55139
"145" 2016 96467 120.58375
"146" 2016 97932 113.60112
"147" 2016 99105 125.367825
"148" 2016 104876 156.78962
"149" 2016 104917 162.62135
"150" 2016 108672 170.07168
"151" 2016 110885 194.603175
"152" 2016 111250 219.71875
"153" 2016 114615 260.17605
"154" 2016 107420 281.4404
"155" 2016 100670 297.47985
"156" 2016 103061 352.46862
"157" 2016 105880 394.9324
"158" 2016 108261 440.080965
"159" 2016 105524 488.57612
"160" 2016 92610 481.10895
"161" 2016 91157 506.377135
"162" 2016 92582 556.41782
"163" 2016 95997 650.379675
"164" 2016 96664 713.86364
"165" 2016 97391 799.58011
"166" 2016 99909 892.18737
"167" 2016 99442 948.67668
"168" 2016 97295 1012.84095
"169" 2016 98402 1165.07968
"170" 2016 98636 1260.0749
"171" 2016 102095 1384.4082
"172" 2016 101789 1526.326055
"173" 2016 99046 1588.69784
"174" 2016 99745 1682.69815
"175" 2016 97927 1735.756075
"176" 2016 94625 1796.455625
"177" 2016 106904 2172.8238
"178" 2016 102626 2304.97996
"179" 2016 97438 2341.43514
"180" 2016 91885 2348.5806
"181" 2016 93767 2622.194155
"182" 2016 82245 2457.4806
"183" 2016 73684 2445.94038
"184" 2016 71677 2655.991235
"185" 2016 68508 2726.6184
"186" 2016 63778 2727.14728
"187" 2016 61801 2850.571125
"188" 2016 56058 2883.06294
"189" 2016 54220 3088.6423
"190" 2016 52468 3399.66406
"191" 2016 51690 3832.55505
"192" 2016 47043 3921.50448
"193" 2016 47671 4418.62499
"194" 2016 41592 4272.33024
"195" 2016 38290 4514.19955
"196" 2016 29913.21 3868.6754493
"197" 2016 27700.14 3872.6180727
"198" 2016 22167.31 3453.666898
"199" 2016 18988.57 3327.84183535
"200" 2016 15027.4 2893.826418
"201" 2016 12921.51 2658.66529005
"202" 2016 9639 2215.0422
"203" 2016 7443.51 1895.45260395
"204" 2016 5002.67 1400.97272015
"205" 2016 3656.64 1139.7015552
"206" 2016 2434.04 795.6511654
"207" 2016 1568.32 532.0604016
"208" 2016 1025.8 370.970312
"209" 2016 388.36 149.052568
"210" 2016 178.31 72.31272895
"211" 2016 131.92 56.2896044
"212" 2016 149.18 66.6961403
"213" 2016 76.14 35.5254012
"214" 2016 18.09 8.7749163
"215" 2016 14.67 7.3712349
"216" 2016 6.49 3.36652525
"217" 2016 2.27 1.21176005
"218" 2016 0.54 0.2957769
"219" 2016 0 0
"220" 2016 0 0
"221" 2016 0 0
"222" 2016 0 0
"223" 2017 64665 419.67585
"224" 2017 65611 27.55662
"225" 2017 67376 18.19152
"226" 2017 65132 12.37508
"227" 2017 67491 9.44874
"228" 2017 68933 15.16526
"229" 2017 69386 15.95878
"230" 2017 72955 13.1319
"231" 2017 70257 12.64626
"232" 2017 67819 11.868325
"233" 2017 66888 13.3776
"234" 2017 65319 14.37018
"235" 2017 64855 12.971
"236" 2017 62552 10.9466
"237" 2017 61780 16.0628
"238" 2017 61686 20.97324
"239" 2017 65529 22.607505
"240" 2017 66220 34.4344
"241" 2017 59221 39.381965
"242" 2017 56940 36.7263
"243" 2017 63484 38.0904
"244" 2017 63507 38.421735
"245" 2017 69955 44.07165
"246" 2017 74633 47.76512
"247" 2017 78427 54.506765
"248" 2017 84805 64.875825
"249" 2017 91540 63.1626
"250" 2017 95714 67.47837
"251" 2017 97779 75.778725
"252" 2017 95685 78.4617
"253" 2017 97743 90.90099
"254" 2017 95315 87.213225
"255" 2017 96502 103.25714
"256" 2017 96302 120.3775
"257" 2017 96013 111.37508
"258" 2017 97536 123.38304
"259" 2017 98712 147.57444
"260" 2017 104445 161.88975
"261" 2017 104570 163.65205
"262" 2017 108288 190.04544
"263" 2017 110490 218.21775
"264" 2017 110824 251.57048
"265" 2017 114176 299.14112
"266" 2017 107024 316.25592
"267" 2017 100279 342.95418
"268" 2017 102569 382.58237
"269" 2017 105401 428.455065
"270" 2017 107755 498.90565
"271" 2017 104977 545.355515
"272" 2017 92090 511.55995
"273" 2017 90660 544.8666
"274" 2017 92010 623.36775
"275" 2017 95338 704.07113
"276" 2017 95954 787.78234
"277" 2017 96586 862.51298
"278" 2017 99038 944.82252
"279" 2017 98549 1025.89509
"280" 2017 96312 1140.33408
"281" 2017 97321 1243.275775
"282" 2017 97514 1322.28984
"283" 2017 100853 1512.290735
"284" 2017 100379 1610.07916
"285" 2017 97666 1647.62542
"286" 2017 98178 1740.20505
"287" 2017 96230 1826.92655
"288" 2017 92877 1887.725025
"289" 2017 105052 2359.46792
"290" 2017 100502 2415.06306
"291" 2017 95189 2433.03084
"292" 2017 89601 2505.691965
"293" 2017 91243 2726.34084
"294" 2017 79853 2650.720335
"295" 2017 71288 2641.57684
"296" 2017 69163 2752.6874
"297" 2017 65886 2817.28536
"298" 2017 61212 2823.4035
"299" 2017 58897 3029.07271
"300" 2017 53255 3033.671075
"301" 2017 51169 3315.495355
"302" 2017 49176 3646.15452
"303" 2017 48098 4009.44928
"304" 2017 43267 4010.41823
"305" 2017 43464 4464.62208
"306" 2017 37599 4432.734105
"307" 2017 34264 4431.36312
"308" 2017 26256.21 3670.74943905
"309" 2017 23930.14 3728.315812
"310" 2017 18956.31 3322.18810905
"311" 2017 15826.57 3047.7225849
"312" 2017 12282.4 2527.165212
"313" 2017 10297.51 2366.367798
"314" 2017 7537 1919.259365
"315" 2017 5623.51 1574.83585795
"316" 2017 3692.67 1150.9313856
"317" 2017 2633.64 860.8974114
"318" 2017 1707.04 579.1218552
"319" 2017 1065.32 385.2623248
"320" 2017 686.8 263.59384
"321" 2017 248.36 100.7211562
"322" 2017 115.31 49.20220045
"323" 2017 82.9 37.0633465
"324" 2017 73.65 34.363617
"325" 2017 34.97 16.9628979
"326" 2017 7.55 3.7936485
"327" 2017 4.83 2.50544175
"328" 2017 1.43 0.76335545
"329" 2017 0 0
"330" 2017 0 0
"331" 2017 0 0
"332" 2017 0 0
"333" 2017 0 0
"334" 2018 63792 414.01008
"335" 2018 65051 27.32142
"336" 2018 65935 17.80245
"337" 2018 67618 12.84742
"338" 2018 65355 9.1497
"339" 2018 67628 14.87816
"340" 2018 69016 15.87368
"341" 2018 69510 12.5118
"342" 2018 73022 13.14396
"343" 2018 70247 12.293225
"344" 2018 67828 13.5656
"345" 2018 66857 14.70854
"346" 2018 65293 13.0586
"347" 2018 64762 11.33335
"348" 2018 62462 16.24012
"349" 2018 61617 20.94978
"350" 2018 61475 21.208875
"351" 2018 65278 33.94456
"352" 2018 65968 43.86872
"353" 2018 58694 37.85763
"354" 2018 56428 33.8568
"355" 2018 62857 38.028485
"356" 2018 62790 39.5577
"357" 2018 69259 44.32576
"358" 2018 73864 51.33548
"359" 2018 77700 59.4405
"360" 2018 84081 58.01589
"361" 2018 90932 64.10706
"362" 2018 95180 73.7645
"363" 2018 97344 79.82208
"364" 2018 95317 88.64481
"365" 2018 97394 89.11551
"366" 2018 94953 101.59971
"367" 2018 96117 120.14625
"368" 2018 95986 111.34376
"369" 2018 95717 121.082005
"370" 2018 97212 145.33194
"371" 2018 98379 152.48745
"372" 2018 104150 162.99475
"373" 2018 104196 182.86398
"374" 2018 107927 213.155825
"375" 2018 110111 249.95197
"376" 2018 110412 289.27944
"377" 2018 113774 336.20217
"378" 2018 106673 364.82166
"379" 2018 99874 372.53002
"380" 2018 102031 414.756015
"381" 2018 104992 486.11296
"382" 2018 107237 557.096215
"383" 2018 104409 579.991995
"384" 2018 91587 550.43787
"385" 2018 90075 610.258125
"386" 2018 91394 674.94469
"387" 2018 94600 776.666
"388" 2018 95129 849.50197
"389" 2018 95756 913.51224
"390" 2018 98140 1021.6374
"391" 2018 97692 1156.67328
"392" 2018 95298 1217.43195
"393" 2018 96203 1304.51268
"394" 2018 96315 1444.243425
"395" 2018 99556 1596.87824
"396" 2018 98913 1668.66231
"397" 2018 96228 1705.6413
"398" 2018 96536 1832.73596
"399" 2018 94561 1921.952325
"400" 2018 91350 2051.721
"401" 2018 102813 2470.59639
"402" 2018 98124 2508.04944
"403" 2018 92790 2594.87235
"404" 2018 87150 2604.042
"405" 2018 88653 2942.836335
"406" 2018 77177 2859.793735
"407" 2018 68786 2737.6828
"408" 2018 66497 2843.41172
"409" 2018 63153 2912.932125
"410" 2018 58463 3006.75209
"411" 2018 55935 3186.337275
"412" 2018 50248 3255.81916
"413" 2018 47918 3552.88011
"414" 2018 45762 3814.72032
"415" 2018 44187 4095.69303
"416" 2018 39444 4051.68768
"417" 2018 39156 4616.29662
"418" 2018 33537 4337.34021
"419" 2018 30081 4205.474205
"420" 2018 22645.21 3528.123718
"421" 2018 20216.14 3542.9796157
"422" 2018 15767.31 3036.3108867
"423" 2018 12870.57 2648.18413035
"424" 2018 9716.4 2232.82872
"425" 2018 7989.51 2034.48877395
"426" 2018 5616 1572.73272
"427" 2018 4194.51 1307.3448768
"428" 2018 2648.67 865.81049295
"429" 2018 1848.64 627.1603632
"430" 2018 1134.04 410.1142256
"431" 2018 693.32 266.096216
"432" 2018 428.8 173.897696
"433" 2018 164.36 70.1315902
"434" 2018 73.46 32.8428641
"435" 2018 44.97 20.9821026
"436" 2018 38.36 18.6072852
"437" 2018 17.66 8.8736202
"438" 2018 3.48 1.805163
"439" 2018 1.36 0.7259884
"440" 2018 0.35 0.19170725
"441" 2018 0 0
"442" 2018 0 0
"443" 2018 0 0
"444" 2018 0 0
"445" 2019 62039 402.63311
"446" 2019 64353 27.02826
"447" 2019 65440 17.6688
"448" 2019 66156 12.56964
"449" 2019 67737 9.48318
"450" 2019 65399 14.38778
"451" 2019 67759 15.58457
"452" 2019 69049 12.42882
"453" 2019 69503 12.51054
"454" 2019 72957 12.767475
"455" 2019 70184 14.0368
"456" 2019 67774 14.91028
"457" 2019 66799 13.3598
"458" 2019 65132 11.3981
"459" 2019 64564 16.78664
"460" 2019 62267 21.17078
"461" 2019 61447 21.199215
"462" 2019 61186 31.81672
"463" 2019 65118 43.30347
"464" 2019 65529 42.266205
"465" 2019 58376 35.0256
"466" 2019 56078 33.92719
"467" 2019 62325 39.26475
"468" 2019 62275 39.856
"469" 2019 68690 47.73955
"470" 2019 73393 56.145645
"471" 2019 77189 53.26041
"472" 2019 83633 58.961265
"473" 2019 90555 70.180125
"474" 2019 94854 77.78028
"475" 2019 97032 90.23976
"476" 2019 94991 86.916765
"477" 2019 97036 103.82852
"478" 2019 94615 118.26875
"479" 2019 95832 111.16512
"480" 2019 95708 121.07062
"481" 2019 95433 142.672335
"482" 2019 96838 150.0989
"483" 2019 98056 153.45764
"484" 2019 103873 182.297115
"485" 2019 103818 205.04055
"486" 2019 107542 244.12034
"487" 2019 109678 287.35636
"488" 2019 110011 325.082505
"489" 2019 113349 387.65358
"490" 2019 106224 396.21552
"491" 2019 99401 404.065065
"492" 2019 101583 470.32929
"493" 2019 104464 542.69048
"494" 2019 106650 592.44075
"495" 2019 103848 624.12648
"496" 2019 91066 616.97215
"497" 2019 89450 660.58825
"498" 2019 90874 746.07554
"499" 2019 93893 838.46449
"500" 2019 94370 900.2898
"501" 2019 94894 987.84654
"502" 2019 97235 1151.2624
"503" 2019 96700 1235.3425
"504" 2019 94199 1277.33844
"505" 2019 95063 1425.469685
"506" 2019 95235 1527.5694
"507" 2019 98170 1656.1279
"508" 2019 97476 1727.7621
"509" 2019 94553 1795.088705
"510" 2019 94853 1927.887225
"511" 2019 92996 2088.69016
"512" 2019 89500 2150.685
"513" 2019 100486 2568.42216
"514" 2019 95752 2677.70468
"515" 2019 90370 2700.2556
"516" 2019 84637 2809.525215
"517" 2019 85865 3181.727575
"518" 2019 74474 2964.0652
"519" 2019 66178 2829.77128
"520" 2019 63717 2938.946625
"521" 2019 60184 3095.26312
"522" 2019 55558 3164.86147
"523" 2019 52837 3423.573415
"524" 2019 47102 3492.37779
"525" 2019 44699 3726.10864
"526" 2019 42155 3907.34695
"527" 2019 40451 4155.12672
"528" 2019 35667 4204.960965
"529" 2019 35024 4529.65392
"530" 2019 29541 4129.979505
"531" 2019 26100 4066.38
"532" 2019 19293.21 3381.23151855
"533" 2019 16910.14 3256.3856598
"534" 2019 12935.31 2661.50470905
"535" 2019 10242.57 2353.742586
"536" 2019 7589.4 1932.602763
"537" 2019 6032.51 1689.37426295
"538" 2019 4163 1297.52384
"539" 2019 3007.51 983.10990635
"540" 2019 1869.67 634.29489585
"541" 2019 1265.64 457.7060496
"542" 2019 736.04 282.492152
"543" 2019 450.32 182.6250244
"544" 2019 290.8 124.082906
"545" 2019 94.48 42.2405908
"546" 2019 38.05 17.753369
"547" 2019 22.46 10.8946722
"548" 2019 17.93 9.0092871
"549" 2019 7.86 4.0771785
"550" 2019 1.22 0.6512543
"551" 2019 0 0
"552" 2019 0 0
"553" 2019 0 0
"554" 2019 0 0
"555" 2019 0 0
"556" 2020 61361 398.23289
"557" 2020 62555 26.2731
"558" 2020 64683 17.46441
"559" 2020 65670 12.4773
"560" 2020 66238 9.27332
"561" 2020 67782 14.91204
"562" 2020 65497 15.06431
"563" 2020 67790 12.2022
"564" 2020 69012 12.42216
"565" 2020 69452 12.1541
"566" 2020 72884 14.5768
"567" 2020 70073 15.41606
"568" 2020 67708 13.5416
"569" 2020 66608 11.6564
"570" 2020 64945 16.8857
"571" 2020 64296 21.86064
"572" 2020 62040 21.4038
"573" 2020 61086 31.76472
"574" 2020 60924 40.51446
"575" 2020 64631 41.686995
"576" 2020 65179 39.1074
"577" 2020 57780 34.9569
"578" 2020 55445 34.93035
"579" 2020 61643 39.45152
"580" 2020 61589 42.804355
"581" 2020 68066 52.07049
"582" 2020 72754 50.20026
"583" 2020 76623 54.019215
"584" 2020 83082 64.38855
"585" 2020 90089 73.87298
"586" 2020 94417 87.80781
"587" 2020 96610 88.39815
"588" 2020 94591 101.21237
"589" 2020 96617 120.77125
"590" 2020 94217 109.29172
"591" 2020 95494 120.79991
"592" 2020 95270 142.42865
"593" 2020 95002 147.2531
"594" 2020 96451 150.945815
"595" 2020 97719 171.496845
"596" 2020 103484 204.3809
"597" 2020 103410 234.7407
"598" 2020 107094 280.58628
"599" 2020 109286 322.94013
"600" 2020 109563 374.70546
"601" 2020 112901 421.12073
"602" 2020 105665 429.528225
"603" 2020 98955 458.16165
"604" 2020 101065 525.032675
"605" 2020 103927 577.314485
"606" 2020 106184 638.16584
"607" 2020 103353 700.216575
"608" 2020 90621 669.236085
"609" 2020 89013 730.79673
"610" 2020 90409 807.35237
"611" 2020 93365 890.7021
"612" 2020 93771 976.15611
"613" 2020 94278 1116.25152
"614" 2020 96511 1232.928025
"615" 2020 95850 1299.726
"616" 2020 93268 1398.55366
"617" 2020 94206 1511.06424
"618" 2020 94218 1589.45766
"619" 2020 96910 1717.72975
"620" 2020 96214 1826.62279
"621" 2020 93205 1894.391625
"622" 2020 93556 2101.26776
"623" 2020 91298 2193.89094
"624" 2020 87590 2238.8004
"625" 2020 98170 2745.32405
"626" 2020 93364 2789.71632
"627" 2020 87974 2920.29693
"628" 2020 81985 3037.954175
"629" 2020 83004 3303.5592
"630" 2020 71761 3068.50036
"631" 2020 63514 2929.58325
"632" 2020 60873 3130.69839
"633" 2020 57300 3264.0945
"634" 2020 52493 3401.283935
"635" 2020 49696 3684.70992
"636" 2020 43914 3660.67104
"637" 2020 41406 3837.92214
"638" 2020 38688 3974.03136
"639" 2020 36621 4317.432795
"640" 2020 31926 4128.98958
"641" 2020 30923 4323.190015
"642" 2020 25590 3986.922
"643" 2020 22241 3897.846455
"644" 2020 16199.21 3119.4818697
"645" 2020 13895.14 2858.9945307
"646" 2020 10308.31 2368.849638
"647" 2020 8032.57 2045.45378765
"648" 2020 5816.4 1628.853738
"649" 2020 4448.51 1386.5115968
"650" 2020 2997 979.674345
"651" 2020 2122.51 720.07213005
"652" 2020 1296.67 468.9277388
"653" 2020 842.64 323.405232
"654" 2020 467.04 189.4057368
"655" 2020 278.32 118.7577524
"656" 2020 169.66 75.8524411
"657" 2020 58.91 27.4862278
"658" 2020 23.6 11.447652
"659" 2020 13.59 6.8285673
"660" 2020 10.15 5.26505875
"661" 2020 4.27 2.27939005
"662" 2020 0.61 0.33411835
"663" 2020 0 0
"664" 2020 0 0
"665" 2020 0 0
"666" 2020 0 0
"667" 2021 59029 383.09821
"668" 2021 61688 25.90896
"669" 2021 62841 16.96707
"670" 2021 64940 12.3386
"671" 2021 65872 9.22208
"672" 2021 66435 14.6157
"673" 2021 68044 15.65012
"674" 2021 65759 11.83662
"675" 2021 67938 12.22884
"676" 2021 69114 12.09495
"677" 2021 69576 13.9152
"678" 2021 73018 16.06396
"679" 2021 70185 14.037
"680" 2021 67806 11.86605
"681" 2021 66769 17.35994
"682" 2021 65021 22.10714
"683" 2021 64369 22.207305
"684" 2021 62142 32.31384
"685" 2021 61332 40.78578
"686" 2021 61374 39.58623
"687" 2021 65083 39.0498
"688" 2021 65543 39.653515
"689" 2021 58031 36.55953
"690" 2021 55748 35.67872
"691" 2021 62016 43.10112
"692" 2021 61996 47.42694
"693" 2021 68505 47.26845
"694" 2021 73202 51.60741
"695" 2021 77127 59.773425
"696" 2021 83555 68.5151
"697" 2021 90676 84.32868
"698" 2021 94897 86.830755
"699" 2021 97119 103.91733
"700" 2021 95085 118.85625
"701" 2021 97084 112.61744
"702" 2021 94684 119.77526
"703" 2021 95958 143.45721
"704" 2021 95708 148.3474
"705" 2021 95318 149.17267
"706" 2021 96864 169.99632
"707" 2021 98044 193.6369
"708" 2021 103754 235.52158
"709" 2021 103623 271.49226
"710" 2021 107331 317.163105
"711" 2021 109468 374.38056
"712" 2021 109636 408.94228
"713" 2021 112893 458.910045
"714" 2021 105675 489.27525
"715" 2021 98920 513.8894
"716" 2021 101003 561.071665
"717" 2021 103741 623.48341
"718" 2021 105871 717.276025
"719" 2021 103098 761.37873
"720" 2021 90373 741.96233
"721" 2021 88642 791.57306
"722" 2021 89973 858.34242
"723" 2021 92803 966.07923
"724" 2021 93015 1101.2976
"725" 2021 93453 1193.862075
"726" 2021 95637 1296.83772
"727" 2021 94842 1422.15579
"728" 2021 92154 1478.15016
"729" 2021 92985 1568.65695
"730" 2021 92851 1645.783975
"731" 2021 95264 1808.58704
"732" 2021 94418 1919.04585
"733" 2021 91531 2055.78626
"734" 2021 91612 2201.43636
"735" 2021 88942 2273.35752
"736" 2021 85076 2379.15034
"737" 2021 95119 2842.15572
"738" 2021 90225 2995.018875
"739" 2021 84784 3141.67112
"740" 2021 78768 3134.9664
"741" 2021 79267 3389.45692
"742" 2021 68313 3150.937125
"743" 2021 59996 3085.59428
"744" 2021 57441 3272.126565
"745" 2021 53753 3482.925635
"746" 2021 48900 3625.6905
"747" 2021 45879 3824.47344
"748" 2021 40186 3724.84034
"749" 2021 37590 3861.2448
"750" 2021 34671 4087.537545
"751" 2021 32339 4182.40287
"752" 2021 27873 3896.784765
"753" 2021 26507 4129.7906
"754" 2021 21541 3775.167955
"755" 2021 18430 3549.0651
"756" 2021 13066.21 2688.43803855
"757" 2021 11004.14 2528.751372
"758" 2021 7932.31 2019.92307995
"759" 2021 6019.57 1685.75048065
"760" 2021 4226.4 1317.284352
"761" 2021 3185.51 1041.29543635
"762" 2021 2055 697.169025
"763" 2021 1381.51 499.6092764
"764" 2021 835.67 320.730146
"765" 2021 537.64 218.0372138
"766" 2021 310.04 132.2925178
"767" 2021 170.11 76.05362935
"768" 2021 92.2 43.018676
"769" 2021 29.58 14.3483706
"770" 2021 11.68 5.8688496
"771" 2021 6.34 3.2887165
"772" 2021 3.77 2.01248255
"773" 2021 1.26 0.6901461
"774" 2021 0.17 0.09528415
"775" 2021 0 0
"776" 2021 0 0
"777" 2021 0 0
