"year" "population" "expected"
"1" 2015 67216 410.0176
"2" 2015 64915 25.966
"3" 2015 67320 19.8594
"4" 2015 68885 15.1547
"5" 2015 69320 12.131
"6" 2015 72927 12.032955
"7" 2015 70279 11.94743
"8" 2015 67800 10.848
"9" 2015 66949 10.04235
"10" 2015 65375 10.133125
"11" 2015 64941 10.715265
"12" 2015 62662 10.96585
"13" 2015 61956 11.15208
"14" 2015 61890 14.2347
"15" 2015 65761 19.399495
"16" 2015 66539 22.290565
"17" 2015 59554 23.52383
"18" 2015 57911 28.9555
"19" 2015 64822 39.54142
"20" 2015 64487 40.304375
"21" 2015 70969 41.16202
"22" 2015 75739 43.17123
"23" 2015 79546 45.73895
"24" 2015 85994 52.88631
"25" 2015 92712 61.18992
"26" 2015 96886 67.33577
"27" 2015 98691 67.603335
"28" 2015 96545 68.064225
"29" 2015 98546 73.41677
"30" 2015 95953 73.88381
"31" 2015 97189 80.180925
"32" 2015 96953 86.772935
"33" 2015 96700 101.0515
"34" 2015 98143 113.355165
"35" 2015 99283 117.650355
"36" 2015 105098 134.52544
"37" 2015 105106 151.87817
"38" 2015 108860 172.5431
"39" 2015 111095 191.0834
"40" 2015 111505 215.20465
"41" 2015 114864 241.2144
"42" 2015 107732 249.93824
"43" 2015 101025 259.63425
"44" 2015 103476 291.80232
"45" 2015 106281 350.195895
"46" 2015 108669 395.011815
"47" 2015 105934 420.02831
"48" 2015 93037 420.062055
"49" 2015 91679 468.47969
"50" 2015 93092 519.91882
"51" 2015 96589 583.39756
"52" 2015 97353 655.18569
"53" 2015 98009 729.18696
"54" 2015 100701 812.65707
"55" 2015 100325 891.88925
"56" 2015 98158 956.05892
"57" 2015 99305 1047.171225
"58" 2015 99799 1157.169405
"59" 2015 103307 1297.019385
"60" 2015 103145 1384.721625
"61" 2015 100451 1481.65225
"62" 2015 101268 1619.27532
"63" 2015 99528 1684.5114
"64" 2015 96266 1749.15322
"65" 2015 108854 2122.10873
"66" 2015 104509 2177.445015
"67" 2015 99685 2238.426675
"68" 2015 94135 2267.241475
"69" 2015 96239 2461.79362
"70" 2015 84539 2319.75016
"71" 2015 75973 2254.11891
"72" 2015 74217 2412.0525
"73" 2015 71135 2527.782225
"74" 2015 66454 2542.53004
"75" 2015 64512 2693.05344
"76" 2015 58834 2694.89137
"77" 2015 57262 2891.44469
"78" 2015 55594 3105.75881
"79" 2015 55293 3447.242085
"80" 2015 50755 3572.1369
"81" 2015 52057 4130.20238
"82" 2015 45803 4049.214215
"83" 2015 42714 4158.63504
"84" 2015 33834.21 3681.66956115
"85" 2015 31865.14 3884.360566
"86" 2015 25785.31 3491.71775365
"87" 2015 22483.57 3384.56420995
"88" 2015 18162.4 3040.567384
"89" 2015 15961.51 2948.01108945
"90" 2015 12146 2477.96619
"91" 2015 9645.51 2165.36876745
"92" 2015 6740.67 1641.38684835
"93" 2015 5066.64 1344.6355896
"94" 2015 3507.04 1005.3456216
"95" 2015 2311.32 708.881844
"96" 2015 1511.8 497.442672
"97" 2015 593.36 208.5690068
"98" 2015 299.31 111.89554695
"99" 2015 208.92 82.7041158
"100" 2015 254.19 106.09000935
"101" 2015 151.56 66.409803
"102" 2015 38.89 17.81725905
"103" 2015 35.44 16.9100188
"104" 2015 17.62 8.7233977
"105" 2015 7.61 3.895559
"106" 2015 2.83 1.4929665
"107" 2015 1.04 0.5637008
"108" 2015 0.25 0.13882875
"109" 2015 0 0
"110" 2015 0 0
"111" 2015 0 0
"112" 2016 65537 399.7757
"113" 2016 67241 26.8964
"114" 2016 65022 19.18149
"115" 2016 67425 14.8335
"116" 2016 68946 12.06555
"117" 2016 69332 11.43978
"118" 2016 72946 12.40082
"119" 2016 70291 11.24656
"120" 2016 67828 10.1742
"121" 2016 66945 10.376475
"122" 2016 65352 10.78308
"123" 2016 64917 11.360475
"124" 2016 62662 11.27916
"125" 2016 61908 14.23884
"126" 2016 61854 18.24693
"127" 2016 65724 22.01754
"128" 2016 66493 26.264735
"129" 2016 59477 29.7385
"130" 2016 57347 34.98167
"131" 2016 64010 40.00625
"132" 2016 64165 37.2157
"133" 2016 70674 40.28418
"134" 2016 75347 43.324525
"135" 2016 79176 48.69324
"136" 2016 85577 56.48082
"137" 2016 92233 64.101935
"138" 2016 96417 66.045645
"139" 2016 98310 69.30855
"140" 2016 96220 71.6839
"141" 2016 98228 75.63556
"142" 2016 95801 79.035825
"143" 2016 96969 86.787255
"144" 2016 96777 101.131965
"145" 2016 96467 111.419385
"146" 2016 97932 116.04942
"147" 2016 99105 126.8544
"148" 2016 104876 151.54582
"149" 2016 104917 166.293445
"150" 2016 108672 186.91584
"151" 2016 110885 214.00805
"152" 2016 111250 233.625
"153" 2016 114615 265.9068
"154" 2016 107420 276.0694
"155" 2016 100670 283.8894
"156" 2016 103061 339.585995
"157" 2016 105880 384.8738
"158" 2016 108261 429.254865
"159" 2016 105524 476.44086
"160" 2016 92610 473.2371
"161" 2016 91157 509.111845
"162" 2016 92582 559.19528
"163" 2016 95997 646.05981
"164" 2016 96664 719.18016
"165" 2016 97391 785.94537
"166" 2016 99909 888.19101
"167" 2016 99442 968.56508
"168" 2016 97295 1025.975775
"169" 2016 98402 1140.97119
"170" 2016 98636 1238.37498
"171" 2016 102095 1370.625375
"172" 2016 101789 1501.38775
"173" 2016 99046 1583.74554
"174" 2016 99745 1688.184125
"175" 2016 97927 1779.33359
"176" 2016 94625 1844.714375
"177" 2016 106904 2227.34484
"178" 2016 102626 2304.46683
"179" 2016 97438 2346.79423
"180" 2016 91885 2350.4183
"181" 2016 93767 2572.96648
"182" 2016 82245 2440.20915
"183" 2016 73684 2394.73
"184" 2016 71677 2547.042195
"185" 2016 68508 2621.11608
"186" 2016 63778 2662.41261
"187" 2016 61801 2830.794805
"188" 2016 56058 2830.64871
"189" 2016 54220 3029.0003
"190" 2016 52468 3271.11746
"191" 2016 51690 3637.9422
"192" 2016 47043 3732.39162
"193" 2016 47671 4214.354755
"194" 2016 41592 4049.39712
"195" 2016 38290 4166.52635
"196" 2016 29913.21 3646.420299
"197" 2016 27700.14 3751.0144581
"198" 2016 22167.31 3336.95601085
"199" 2016 18988.57 3178.8765037
"200" 2016 15027.4 2775.485643
"201" 2016 12921.51 2636.18186265
"202" 2016 9639 2163.907305
"203" 2016 7443.51 1812.53190255
"204" 2016 5002.67 1327.6585913
"205" 2016 3656.64 1048.2307056
"206" 2016 2434.04 746.520068
"207" 2016 1568.32 516.0400128
"208" 2016 1025.8 360.573829
"209" 2016 388.36 145.1864442
"210" 2016 178.31 70.58668815
"211" 2016 131.92 55.0587908
"212" 2016 149.18 65.3669465
"213" 2016 76.14 34.8831603
"214" 2016 18.09 8.63155305
"215" 2016 14.67 7.26289695
"216" 2016 6.49 3.322231
"217" 2016 2.27 1.1975385
"218" 2016 0.54 0.2926908
"219" 2016 0 0
"220" 2016 0 0
"221" 2016 0 0
"222" 2016 0 0
"223" 2017 64665 394.4565
"224" 2017 65611 26.2444
"225" 2017 67376 19.87592
"226" 2017 65132 14.32904
"227" 2017 67491 11.810925
"228" 2017 68933 11.373945
"229" 2017 69386 11.79562
"230" 2017 72955 11.6728
"231" 2017 70257 10.53855
"232" 2017 67819 10.511945
"233" 2017 66888 11.03652
"234" 2017 65319 11.430825
"235" 2017 64855 11.6739
"236" 2017 62552 14.38696
"237" 2017 61780 18.2251
"238" 2017 61686 20.66481
"239" 2017 65529 25.883955
"240" 2017 66220 33.11
"241" 2017 59221 36.12481
"242" 2017 56940 35.5875
"243" 2017 63484 36.82072
"244" 2017 63507 36.19899
"245" 2017 69955 40.224125
"246" 2017 74633 45.899295
"247" 2017 78427 51.76182
"248" 2017 84805 58.939475
"249" 2017 91540 62.7049
"250" 2017 95714 67.47837
"251" 2017 97779 72.845355
"252" 2017 95685 73.67745
"253" 2017 97743 80.637975
"254" 2017 95315 85.306925
"255" 2017 96502 100.84459
"256" 2017 96302 111.22881
"257" 2017 96013 113.775405
"258" 2017 97536 124.84608
"259" 2017 98712 142.63884
"260" 2017 104445 165.545325
"261" 2017 104570 179.8604
"262" 2017 108288 208.99584
"263" 2017 110490 232.029
"264" 2017 110824 257.11168
"265" 2017 114176 293.43232
"266" 2017 107024 301.80768
"267" 2017 100279 330.419305
"268" 2017 102569 372.838315
"269" 2017 105401 417.914965
"270" 2017 107755 486.513825
"271" 2017 104977 536.43247
"272" 2017 92090 514.32265
"273" 2017 90660 547.5864
"274" 2017 92010 619.2273
"275" 2017 95338 709.31472
"276" 2017 95954 774.34878
"277" 2017 96586 858.64954
"278" 2017 99038 964.63012
"279" 2017 98549 1039.199205
"280" 2017 96312 1116.73764
"281" 2017 97321 1221.865155
"282" 2017 97514 1309.12545
"283" 2017 100853 1487.58175
"284" 2017 100379 1605.06021
"285" 2017 97666 1652.99705
"286" 2017 98178 1783.89426
"287" 2017 96230 1876.00385
"288" 2017 92877 1935.092295
"289" 2017 105052 2358.94266
"290" 2017 100502 2420.59067
"291" 2017 95189 2434.93462
"292" 2017 89601 2458.65144
"293" 2017 91243 2707.17981
"294" 2017 79853 2595.2225
"295" 2017 71288 2533.21908
"296" 2017 69163 2646.17638
"297" 2017 65886 2750.41107
"298" 2017 61212 2803.81566
"299" 2017 58897 2974.004015
"300" 2017 53255 2975.090575
"301" 2017 51169 3190.131305
"302" 2017 49176 3461.00688
"303" 2017 48098 3816.09532
"304" 2017 43267 3825.019135
"305" 2017 43464 4231.65504
"306" 2017 37599 4091.335185
"307" 2017 34264 4176.7816
"308" 2017 26256.21 3555.48467715
"309" 2017 23930.14 3602.3236249
"310" 2017 18956.31 3173.4758571
"311" 2017 15826.57 2923.08834615
"312" 2017 12282.4 2505.793836
"313" 2017 10297.51 2311.73950745
"314" 2017 7537 1835.297185
"315" 2017 5623.51 1492.4233189
"316" 2017 3692.67 1058.55924555
"317" 2017 2633.64 807.737388
"318" 2017 1707.04 561.6844416
"319" 2017 1065.32 374.4653066
"320" 2017 686.8 256.756746
"321" 2017 248.36 98.3170314
"322" 2017 115.31 48.12635815
"323" 2017 82.9 36.3247075
"324" 2017 73.65 33.74237925
"325" 2017 34.97 16.68576065
"326" 2017 7.55 3.73789175
"327" 2017 4.83 2.472477
"328" 2017 1.43 0.7543965
"329" 2017 0 0
"330" 2017 0 0
"331" 2017 0 0
"332" 2017 0 0
"333" 2017 0 0
"334" 2018 63792 389.1312
"335" 2018 65051 26.0204
"336" 2018 65935 19.450825
"337" 2018 67618 14.87596
"338" 2018 65355 11.437125
"339" 2018 67628 11.15862
"340" 2018 69016 11.73272
"341" 2018 69510 11.1216
"342" 2018 73022 10.9533
"343" 2018 70247 10.888285
"344" 2018 67828 11.19162
"345" 2018 66857 11.699975
"346" 2018 65293 11.75274
"347" 2018 64762 14.89526
"348" 2018 62462 18.42629
"349" 2018 61617 20.641695
"350" 2018 61475 24.282625
"351" 2018 65278 32.639
"352" 2018 65968 40.24048
"353" 2018 58694 36.68375
"354" 2018 56428 32.72824
"355" 2018 62857 35.82849
"356" 2018 62790 36.10425
"357" 2018 69259 42.594285
"358" 2018 73864 48.75024
"359" 2018 77700 54.0015
"360" 2018 84081 57.595485
"361" 2018 90932 64.10706
"362" 2018 95180 70.9091
"363" 2018 97344 74.95488
"364" 2018 95317 78.636525
"365" 2018 97394 87.16763
"366" 2018 94953 99.225885
"367" 2018 96117 111.015135
"368" 2018 95986 113.74341
"369" 2018 95717 122.51776
"370" 2018 97212 140.47134
"371" 2018 98379 155.930715
"372" 2018 104150 179.138
"373" 2018 104196 201.09828
"374" 2018 107927 226.6467
"375" 2018 110111 255.45752
"376" 2018 110412 283.75884
"377" 2018 113774 320.84268
"378" 2018 106673 351.487535
"379" 2018 99874 363.04199
"380" 2018 102031 404.552915
"381" 2018 104992 474.03888
"382" 2018 107237 547.98107
"383" 2018 104409 583.124265
"384" 2018 91587 553.18548
"385" 2018 90075 606.20475
"386" 2018 91394 679.97136
"387" 2018 94600 763.422
"388" 2018 95129 845.69681
"389" 2018 95756 932.66344
"390" 2018 98140 1034.8863
"391" 2018 97692 1132.73874
"392" 2018 95298 1196.46639
"393" 2018 96203 1291.525275
"394" 2018 96315 1420.64625
"395" 2018 99556 1591.90044
"396" 2018 98913 1674.102525
"397" 2018 96228 1748.46276
"398" 2018 96536 1881.96932
"399" 2018 94561 1970.178435
"400" 2018 91350 2051.26425
"401" 2018 102813 2476.251105
"402" 2018 98124 2510.01192
"403" 2018 92790 2546.1576
"404" 2018 87150 2585.7405
"405" 2018 88653 2881.2225
"406" 2018 77177 2742.484695
"407" 2018 68786 2631.75236
"408" 2018 66497 2775.917265
"409" 2018 63153 2892.723165
"410" 2018 58463 2952.089185
"411" 2018 55935 3124.808775
"412" 2018 50248 3132.71156
"413" 2018 47918 3372.46884
"414" 2018 45762 3630.75708
"415" 2018 44187 3906.351735
"416" 2018 39444 3840.26784
"417" 2018 39156 4260.76014
"418" 2018 33537 4088.1603
"419" 2018 30081 4073.418615
"420" 2018 22645.21 3408.89668735
"421" 2018 20216.14 3384.3839974
"422" 2018 15767.31 2912.14332045
"423" 2018 12870.57 2625.78933855
"424" 2018 9716.4 2181.283218
"425" 2018 7989.51 1945.48563255
"426" 2018 5616 1490.43024
"427" 2018 4194.51 1202.41920915
"428" 2018 2648.67 812.347089
"429" 2018 1848.64 608.2765056
"430" 2018 1134.04 398.6207302
"431" 2018 693.32 259.1942154
"432" 2018 428.8 169.746912
"433" 2018 164.36 68.5981114
"434" 2018 73.46 32.1883355
"435" 2018 44.97 20.60278065
"436" 2018 38.36 18.3032822
"437" 2018 17.66 8.7432011
"438" 2018 3.48 1.781412
"439" 2018 1.36 0.717468
"440" 2018 0.35 0.189707
"441" 2018 0 0
"442" 2018 0 0
"443" 2018 0 0
"444" 2018 0 0
"445" 2019 62039 378.4379
"446" 2019 64353 25.7412
"447" 2019 65440 19.3048
"448" 2019 66156 14.55432
"449" 2019 67737 11.853975
"450" 2019 65399 10.790835
"451" 2019 67759 11.51903
"452" 2019 69049 11.04784
"453" 2019 69503 10.42545
"454" 2019 72957 11.308335
"455" 2019 70184 11.58036
"456" 2019 67774 11.86045
"457" 2019 66799 12.02382
"458" 2019 65132 14.98036
"459" 2019 64564 19.04638
"460" 2019 62267 20.859445
"461" 2019 61447 24.271565
"462" 2019 61186 30.593
"463" 2019 65118 39.72198
"464" 2019 65529 40.955625
"465" 2019 58376 33.85808
"466" 2019 56078 31.96446
"467" 2019 62325 35.836875
"468" 2019 62275 38.299125
"469" 2019 68690 45.3354
"470" 2019 73393 51.008135
"471" 2019 77189 52.874465
"472" 2019 83633 58.961265
"473" 2019 90555 67.463475
"474" 2019 94854 73.03758
"475" 2019 97032 80.0514
"476" 2019 94991 85.016945
"477" 2019 97036 101.40262
"478" 2019 94615 109.280325
"479" 2019 95832 113.56092
"480" 2019 95708 122.50624
"481" 2019 95433 137.900685
"482" 2019 96838 153.48823
"483" 2019 98056 168.65632
"484" 2019 103873 200.47489
"485" 2019 103818 218.0178
"486" 2019 107542 249.49744
"487" 2019 109678 281.87246
"488" 2019 110011 310.23102
"489" 2019 113349 373.484955
"490" 2019 106224 386.12424
"491" 2019 99401 394.124965
"492" 2019 101583 458.647245
"493" 2019 104464 533.81104
"494" 2019 106650 595.64025
"495" 2019 103848 627.24192
"496" 2019 91066 612.87418
"497" 2019 89450 665.508
"498" 2019 90874 733.35318
"499" 2019 93893 834.70877
"500" 2019 94370 919.1638
"501" 2019 94894 1000.65723
"502" 2019 97235 1127.439825
"503" 2019 96700 1214.0685
"504" 2019 94199 1264.621575
"505" 2019 95063 1402.17925
"506" 2019 95235 1522.80765
"507" 2019 98170 1661.52725
"508" 2019 97476 1771.13892
"509" 2019 94553 1843.310735
"510" 2019 94853 1976.262255
"511" 2019 92996 2088.22518
"512" 2019 89500 2155.6075
"513" 2019 100486 2570.43188
"514" 2019 95752 2627.43488
"515" 2019 90370 2681.2779
"516" 2019 84637 2750.7025
"517" 2019 85865 3051.212775
"518" 2019 74474 2849.37524
"519" 2019 66178 2762.60061
"520" 2019 63717 2918.557185
"521" 2019 60184 3038.99108
"522" 2019 55558 3103.74767
"523" 2019 52837 3294.122765
"524" 2019 47102 3315.03876
"525" 2019 44699 3546.41866
"526" 2019 42155 3726.712775
"527" 2019 40451 3938.30936
"528" 2019 35667 3881.104605
"529" 2019 35024 4269.4256
"530" 2019 29541 4000.294515
"531" 2019 26100 3928.9635
"532" 2019 19293.21 3229.8762861
"533" 2019 16910.14 3123.2183073
"534" 2019 12935.31 2638.99726965
"535" 2019 10242.57 2299.40575215
"536" 2019 7589.4 1848.056847
"537" 2019 6032.51 1600.9678289
"538" 2019 4163 1193.386395
"539" 2019 3007.51 922.403317
"540" 2019 1869.67 615.1962168
"541" 2019 1265.64 444.8787882
"542" 2019 736.04 275.1648738
"543" 2019 450.32 178.2659268
"544" 2019 290.8 121.369742
"545" 2019 94.48 41.398774
"546" 2019 38.05 17.43241725
"547" 2019 22.46 10.7166767
"548" 2019 17.93 8.87687405
"549" 2019 7.86 4.023534
"550" 2019 1.22 0.643611
"551" 2019 0 0
"552" 2019 0 0
"553" 2019 0 0
"554" 2019 0 0
"555" 2019 0 0
"556" 2020 61361 374.3021
"557" 2020 62555 25.022
"558" 2020 64683 19.081485
"559" 2020 65670 14.4474
"560" 2020 66238 11.59165
"561" 2020 67782 11.18403
"562" 2020 65497 11.13449
"563" 2020 67790 10.8464
"564" 2020 69012 10.3518
"565" 2020 69452 10.76506
"566" 2020 72884 12.02586
"567" 2020 70073 12.262775
"568" 2020 67708 12.18744
"569" 2020 66608 15.31984
"570" 2020 64945 19.158775
"571" 2020 64296 21.53916
"572" 2020 62040 24.5058
"573" 2020 61086 30.543
"574" 2020 60924 37.16364
"575" 2020 64631 40.394375
"576" 2020 65179 37.80382
"577" 2020 57780 32.9346
"578" 2020 55445 31.880875
"579" 2020 61643 37.910445
"580" 2020 61589 40.64874
"581" 2020 68066 47.30587
"582" 2020 72754 49.83649
"583" 2020 76623 54.019215
"584" 2020 83082 61.89609
"585" 2020 90089 69.36853
"586" 2020 94417 77.894025
"587" 2020 96610 86.46595
"588" 2020 94591 98.847595
"589" 2020 96617 111.592635
"590" 2020 94217 111.647145
"591" 2020 95494 122.23232
"592" 2020 95270 137.66515
"593" 2020 95002 150.57817
"594" 2020 96451 165.89572
"595" 2020 97719 188.59767
"596" 2020 103484 217.3164
"597" 2020 103410 239.9112
"598" 2020 107094 275.23158
"599" 2020 109286 308.18652
"600" 2020 109563 361.010085
"601" 2020 112901 410.395135
"602" 2020 105665 418.961725
"603" 2020 98955 446.781825
"604" 2020 101065 516.44215
"605" 2020 103927 580.432295
"606" 2020 106184 641.35136
"607" 2020 103353 695.56569
"608" 2020 90621 674.22024
"609" 2020 89013 718.33491
"610" 2020 90409 803.73601
"611" 2020 93365 909.3751
"612" 2020 93771 988.815195
"613" 2020 94278 1093.15341
"614" 2020 96511 1211.695605
"615" 2020 95850 1286.78625
"616" 2020 93268 1375.703
"617" 2020 94206 1506.35394
"618" 2020 94218 1594.63965
"619" 2020 96910 1760.8547
"620" 2020 96214 1875.69193
"621" 2020 93205 1941.926175
"622" 2020 93556 2100.79998
"623" 2020 91298 2198.91233
"624" 2020 87590 2240.5522
"625" 2020 98170 2693.7848
"626" 2020 93364 2770.10988
"627" 2020 87974 2859.155
"628" 2020 81985 2913.336975
"629" 2020 83004 3175.73304
"630" 2020 71761 2995.662945
"631" 2020 63514 2909.25877
"632" 2020 60873 3073.782135
"633" 2020 57300 3201.0645
"634" 2020 52493 3272.676085
"635" 2020 49696 3497.60448
"636" 2020 43914 3484.13676
"637" 2020 41406 3660.49743
"638" 2020 38688 3766.66368
"639" 2020 36621 3984.914115
"640" 2020 31926 3891.7794
"641" 2020 30923 4187.438045
"642" 2020 25590 3852.19065
"643" 2020 22241 3723.36581
"644" 2020 16199.21 2991.91309095
"645" 2020 13895.14 2834.8169871
"646" 2020 10308.31 2314.16405345
"647" 2020 8032.57 1955.97095785
"648" 2020 5816.4 1543.614396
"649" 2020 4448.51 1275.23211915
"650" 2020 2997 919.1799
"651" 2020 2122.51 698.3906904
"652" 2020 1296.67 455.78598835
"653" 2020 842.64 315.0167508
"654" 2020 467.04 184.8847896
"655" 2020 278.32 116.1610268
"656" 2020 169.66 74.3407705
"657" 2020 58.91 26.98932195
"658" 2020 23.6 11.260622
"659" 2020 13.59 6.72820515
"660" 2020 10.15 5.195785
"661" 2020 4.27 2.2526385
"662" 2020 0.61 0.3306322
"663" 2020 0 0
"664" 2020 0 0
"665" 2020 0 0
"666" 2020 0 0
"667" 2021 59029 360.0769
"668" 2021 61688 24.6752
"669" 2021 62841 18.538095
"670" 2021 64940 14.2868
"671" 2021 65872 11.5276
"672" 2021 66435 10.961775
"673" 2021 68044 11.56748
"674" 2021 65759 10.52144
"675" 2021 67938 10.1907
"676" 2021 69114 10.71267
"677" 2021 69576 11.48004
"678" 2021 73018 12.77815
"679" 2021 70185 12.6333
"680" 2021 67806 15.59538
"681" 2021 66769 19.696855
"682" 2021 65021 21.782035
"683" 2021 64369 25.425755
"684" 2021 62142 31.071
"685" 2021 61332 37.41252
"686" 2021 61374 38.35875
"687" 2021 65083 37.74814
"688" 2021 65543 37.35951
"689" 2021 58031 33.367825
"690" 2021 55748 34.28502
"691" 2021 62016 40.93056
"692" 2021 61996 43.08722
"693" 2021 68505 46.925925
"694" 2021 73202 51.60741
"695" 2021 77127 57.459615
"696" 2021 83555 64.33735
"697" 2021 90676 74.8077
"698" 2021 94897 84.932815
"699" 2021 97119 101.489355
"700" 2021 95085 109.823175
"701" 2021 97084 115.04454
"702" 2021 94684 121.19552
"703" 2021 95958 138.65931
"704" 2021 95708 151.69718
"705" 2021 95318 163.94696
"706" 2021 96864 186.94752
"707" 2021 98044 205.8924
"708" 2021 103754 240.70928
"709" 2021 103623 266.31111
"710" 2021 107331 302.67342
"711" 2021 109468 360.69706
"712" 2021 109636 398.52686
"713" 2021 112893 447.620745
"714" 2021 105675 477.122625
"715" 2021 98920 505.4812
"716" 2021 101003 564.101755
"717" 2021 103741 626.59564
"718" 2021 105871 712.51183
"719" 2021 103098 767.04912
"720" 2021 90373 729.31011
"721" 2021 88642 788.02738
"722" 2021 89973 876.33702
"723" 2021 92803 978.607635
"724" 2021 93015 1078.508925
"725" 2021 93453 1173.302415
"726" 2021 95637 1283.926725
"727" 2021 94842 1398.9195
"728" 2021 92154 1473.54246
"729" 2021 92985 1573.771125
"730" 2021 92851 1687.10267
"731" 2021 95264 1857.17168
"732" 2021 94418 1967.19903
"733" 2021 91531 2055.328605
"734" 2021 91612 2206.47502
"735" 2021 88942 2275.13636
"736" 2021 85076 2334.48544
"737" 2021 95119 2822.18073
"738" 2021 90225 2932.3125
"739" 2021 84784 3012.79944
"740" 2021 78768 3013.66368
"741" 2021 79267 3309.000915
"742" 2021 68313 3129.076965
"743" 2021 59996 3029.49802
"744" 2021 57441 3208.941465
"745" 2021 53753 3351.230785
"746" 2021 48900 3441.582
"747" 2021 45879 3640.03986
"748" 2021 40186 3552.64333
"749" 2021 37590 3659.7624
"750" 2021 34671 3772.724865
"751" 2021 32339 3942.1241
"752" 2021 27873 3774.422295
"753" 2021 26507 3990.231245
"754" 2021 21541 3606.17881
"755" 2021 18430 3403.92885
"756" 2021 13066.21 2665.70283315
"757" 2021 11004.14 2470.3744093
"758" 2021 7932.31 1931.55714655
"759" 2021 6019.57 1597.5336823
"760" 2021 4226.4 1211.560956
"761" 2021 3185.51 976.995917
"762" 2021 2055 676.1772
"763" 2021 1381.51 485.60767255
"764" 2021 835.67 312.41105115
"765" 2021 537.64 212.8328586
"766" 2021 310.04 129.3998446
"767" 2021 170.11 74.53794925
"768" 2021 92.2 42.240969
"769" 2021 29.58 14.1139491
"770" 2021 11.68 5.7825928
"771" 2021 6.34 3.245446
"772" 2021 3.77 1.9888635
"773" 2021 1.26 0.6829452
"774" 2021 0.17 0.09440355
"775" 2021 0 0
"776" 2021 0 0
"777" 2021 0 0
