"year" "population" "expected"
"1" 2015 67216 371.03232
"2" 2015 64915 19.4745
"3" 2015 67320 23.2254
"4" 2015 68885 19.2878
"5" 2015 69320 11.7844
"6" 2015 72927 9.845145
"7" 2015 70279 11.94743
"8" 2015 67800 10.848
"9" 2015 66949 8.03388
"10" 2015 65375 8.825625
"11" 2015 64941 9.74115
"12" 2015 62662 9.08599
"13" 2015 61956 11.15208
"14" 2015 61890 17.3292
"15" 2015 65761 22.35874
"16" 2015 66539 20.62709
"17" 2015 59554 21.14167
"18" 2015 57911 30.403275
"19" 2015 64822 45.3754
"20" 2015 64487 47.07551
"21" 2015 70969 47.194385
"22" 2015 75739 42.035145
"23" 2015 79546 38.18208
"24" 2015 85994 57.61598
"25" 2015 92712 73.24248
"26" 2015 96886 64.42919
"27" 2015 98691 61.18842
"28" 2015 96545 67.098775
"29" 2015 98546 71.93858
"30" 2015 95953 71.96475
"31" 2015 97189 71.91986
"32" 2015 96953 78.047165
"33" 2015 96700 98.634
"34" 2015 98143 109.429445
"35" 2015 99283 131.549975
"36" 2015 105098 153.96857
"37" 2015 105106 159.76112
"38" 2015 108860 184.5177
"39" 2015 111095 193.860775
"40" 2015 111505 211.301975
"41" 2015 114864 241.2144
"42" 2015 107732 255.32484
"43" 2015 101025 254.583
"44" 2015 103476 275.24616
"45" 2015 106281 333.190935
"46" 2015 108669 393.925125
"47" 2015 105934 424.26567
"48" 2015 93037 417.270945
"49" 2015 91679 468.021295
"50" 2015 93092 514.79876
"51" 2015 96589 557.31853
"52" 2015 97353 608.943015
"53" 2015 98009 685.572955
"54" 2015 100701 777.915225
"55" 2015 100325 857.277125
"56" 2015 98158 898.63649
"57" 2015 99305 999.504825
"58" 2015 99799 1128.227695
"59" 2015 103307 1279.97373
"60" 2015 103145 1387.815975
"61" 2015 100451 1509.77853
"62" 2015 101268 1644.59232
"63" 2015 99528 1676.05152
"64" 2015 96266 1718.82943
"65" 2015 108854 2087.27545
"66" 2015 104509 2183.715555
"67" 2015 99685 2261.85265
"68" 2015 94135 2283.244425
"69" 2015 96239 2492.108905
"70" 2015 84539 2305.37853
"71" 2015 75973 2217.65187
"72" 2015 74217 2372.71749
"73" 2015 71135 2490.080675
"74" 2015 66454 2503.65445
"75" 2015 64512 2656.2816
"76" 2015 58834 2655.76676
"77" 2015 57262 2846.20771
"78" 2015 55594 3037.10022
"79" 2015 55293 3308.18019
"80" 2015 50755 3402.361425
"81" 2015 52057 3888.397615
"82" 2015 45803 3834.16913
"83" 2015 42714 4098.19473
"84" 2015 33834.21 3582.87366795
"85" 2015 31865.14 3774.425833
"86" 2015 25785.31 3419.3899591
"87" 2015 22483.57 3261.4666642
"88" 2015 18162.4 2969.189152
"89" 2015 15961.51 2881.77082295
"90" 2015 12146 2411.40611
"91" 2015 9645.51 2069.68530825
"92" 2015 6740.67 1592.04514395
"93" 2015 5066.64 1349.2208988
"94" 2015 3507.04 980.7086656
"95" 2015 2311.32 684.3125124
"96" 2015 1511.8 489.384778
"97" 2015 593.36 205.480568
"98" 2015 299.31 110.38702455
"99" 2015 208.92 81.6908538
"100" 2015 254.19 104.9143806
"101" 2015 151.56 65.746728
"102" 2015 38.89 17.65742115
"103" 2015 35.44 16.7742836
"104" 2015 17.62 8.6609348
"105" 2015 7.61 3.87071235
"106" 2015 2.83 1.48449065
"107" 2015 1.04 0.5608616
"108" 2015 0.25 0.13821
"109" 2015 0 0
"110" 2015 0 0
"111" 2015 0 0
"112" 2016 65537 361.76424
"113" 2016 67241 20.1723
"114" 2016 65022 22.43259
"115" 2016 67425 18.879
"116" 2016 68946 11.72082
"117" 2016 69332 9.35982
"118" 2016 72946 12.40082
"119" 2016 70291 11.24656
"120" 2016 67828 8.13936
"121" 2016 66945 9.037575
"122" 2016 65352 9.8028
"123" 2016 64917 9.412965
"124" 2016 62662 11.27916
"125" 2016 61908 17.33424
"126" 2016 61854 21.03036
"127" 2016 65724 20.37444
"128" 2016 66493 23.605015
"129" 2016 59477 31.225425
"130" 2016 57347 40.1429
"131" 2016 64010 46.7273
"132" 2016 64165 42.669725
"133" 2016 70674 39.22407
"134" 2016 75347 36.16656
"135" 2016 79176 53.04792
"136" 2016 85577 67.60583
"137" 2016 92233 61.334945
"138" 2016 96417 59.77854
"139" 2016 98310 68.32545
"140" 2016 96220 70.2406
"141" 2016 98228 73.671
"142" 2016 95801 70.89274
"143" 2016 96969 78.060045
"144" 2016 96777 98.71254
"145" 2016 96467 107.560705
"146" 2016 97932 129.7599
"147" 2016 99105 145.188825
"148" 2016 104876 159.41152
"149" 2016 104917 177.834315
"150" 2016 108672 189.63264
"151" 2016 110885 210.127075
"152" 2016 111250 233.625
"153" 2016 114615 271.63755
"154" 2016 107420 270.6984
"155" 2016 100670 267.7822
"156" 2016 103061 323.096235
"157" 2016 105880 383.815
"158" 2016 108261 433.585305
"159" 2016 105524 473.27514
"160" 2016 92610 472.77405
"161" 2016 91157 504.09821
"162" 2016 92582 534.19814
"163" 2016 95997 600.461235
"164" 2016 96664 676.16468
"165" 2016 97391 752.345475
"166" 2016 99909 853.722405
"167" 2016 99442 910.39151
"168" 2016 97295 979.274175
"169" 2016 98402 1112.43461
"170" 2016 98636 1222.10004
"171" 2016 102095 1373.688225
"172" 2016 101789 1529.88867
"173" 2016 99046 1608.50704
"174" 2016 99745 1679.7058
"175" 2016 97927 1748.486585
"176" 2016 94625 1814.434375
"177" 2016 106904 2233.75908
"178" 2016 102626 2328.58394
"179" 2016 97438 2363.35869
"180" 2016 91885 2379.362075
"181" 2016 93767 2557.02609
"182" 2016 82245 2400.73155
"183" 2016 73684 2355.67748
"184" 2016 71677 2509.053385
"185" 2016 68508 2581.0389
"186" 2016 63778 2626.05915
"187" 2016 61801 2789.69714
"188" 2016 56058 2786.36289
"189" 2016 54220 2962.0386
"190" 2016 52468 3139.16044
"191" 2016 51690 3465.03915
"192" 2016 47043 3513.876885
"193" 2016 47671 3990.53941
"194" 2016 41592 3990.54444
"195" 2016 38290 4054.71955
"196" 2016 29913.21 3543.2197245
"197" 2016 27700.14 3673.3155654
"198" 2016 22167.31 3215.5899886
"199" 2016 18988.57 3104.2514236
"200" 2016 15027.4 2713.121933
"201" 2016 12921.51 2565.37198785
"202" 2016 9639 2068.288425
"203" 2016 7443.51 1758.04540935
"204" 2016 5002.67 1332.18600765
"205" 2016 3656.64 1022.5428096
"206" 2016 2434.04 720.6462228
"207" 2016 1568.32 507.6808672
"208" 2016 1025.8 355.23454
"209" 2016 388.36 143.2291098
"210" 2016 178.31 69.72188465
"211" 2016 131.92 54.4486608
"212" 2016 149.18 64.714284
"213" 2016 76.14 34.5702249
"214" 2016 18.09 8.56226835
"215" 2016 14.67 7.2108918
"216" 2016 6.49 3.30104115
"217" 2016 2.27 1.19073985
"218" 2016 0.54 0.2912166
"219" 2016 0 0
"220" 2016 0 0
"221" 2016 0 0
"222" 2016 0 0
"223" 2017 64665 356.9508
"224" 2017 65611 19.6833
"225" 2017 67376 23.24472
"226" 2017 65132 18.23696
"227" 2017 67491 11.47347
"228" 2017 68933 9.305955
"229" 2017 69386 11.79562
"230" 2017 72955 11.6728
"231" 2017 70257 8.43084
"232" 2017 67819 9.155565
"233" 2017 66888 10.0332
"234" 2017 65319 9.471255
"235" 2017 64855 11.6739
"236" 2017 62552 17.51456
"237" 2017 61780 21.0052
"238" 2017 61686 19.12266
"239" 2017 65529 23.262795
"240" 2017 66220 34.7655
"241" 2017 59221 41.4547
"242" 2017 56940 41.5662
"243" 2017 63484 42.21686
"244" 2017 63507 35.246385
"245" 2017 69955 33.5784
"246" 2017 74633 50.00411
"247" 2017 78427 61.95733
"248" 2017 84805 56.395325
"249" 2017 91540 56.7548
"250" 2017 95714 66.52123
"251" 2017 97779 71.37867
"252" 2017 95685 71.76375
"253" 2017 97743 72.32982
"254" 2017 95315 76.728575
"255" 2017 96502 98.43204
"256" 2017 96302 107.37673
"257" 2017 96013 127.217225
"258" 2017 97536 142.89024
"259" 2017 98712 150.04224
"260" 2017 104445 177.034275
"261" 2017 104570 182.47465
"262" 2017 108288 205.20576
"263" 2017 110490 232.029
"264" 2017 110824 262.65288
"265" 2017 114176 287.72352
"266" 2017 107024 284.68384
"267" 2017 100279 314.374665
"268" 2017 102569 371.812625
"269" 2017 105401 422.131005
"270" 2017 107755 483.281175
"271" 2017 104977 535.907585
"272" 2017 92090 509.2577
"273" 2017 90660 523.1082
"274" 2017 92010 575.52255
"275" 2017 95338 666.88931
"276" 2017 95954 741.24465
"277" 2017 96586 825.32737
"278" 2017 99038 906.69289
"279" 2017 98549 991.895685
"280" 2017 96312 1088.80716
"281" 2017 97321 1205.80719
"282" 2017 97514 1312.05087
"283" 2017 100853 1515.82059
"284" 2017 100379 1630.15496
"285" 2017 97666 1644.69544
"286" 2017 98178 1752.96819
"287" 2017 96230 1845.21025
"288" 2017 92877 1940.664915
"289" 2017 105052 2383.62988
"290" 2017 100502 2437.67601
"291" 2017 95189 2464.919155
"292" 2017 89601 2443.41927
"293" 2017 91243 2663.38317
"294" 2017 79853 2552.90041
"295" 2017 71288 2495.43644
"296" 2017 69163 2605.716025
"297" 2017 65886 2712.85605
"298" 2017 61212 2763.10968
"299" 2017 58897 2927.475385
"300" 2017 53255 2909.32065
"301" 2017 51169 3061.44127
"302" 2017 49176 3296.51316
"303" 2017 48098 3592.68011
"304" 2017 43267 3621.88057
"305" 2017 43464 4170.15348
"306" 2017 37599 3981.546105
"307" 2017 34264 4058.5708
"308" 2017 26256.21 3481.8360081
"309" 2017 23930.14 3471.3061084
"310" 2017 18956.31 3098.9775588
"311" 2017 15826.57 2857.40808065
"312" 2017 12282.4 2438.486284
"313" 2017 10297.51 2209.58820825
"314" 2017 7537 1780.126345
"315" 2017 5623.51 1497.51259545
"316" 2017 3692.67 1032.6182388
"317" 2017 2633.64 779.7417948
"318" 2017 1707.04 552.5859184
"319" 2017 1065.32 368.920316
"320" 2017 686.8 253.295274
"321" 2017 248.36 97.1124854
"322" 2017 115.31 47.5930494
"323" 2017 82.9 35.96202
"324" 2017 73.65 33.43967775
"325" 2017 34.97 16.55182555
"326" 2017 7.55 3.711127
"327" 2017 4.83 2.45670705
"328" 2017 1.43 0.75011365
"329" 2017 0 0
"330" 2017 0 0
"331" 2017 0 0
"332" 2017 0 0
"333" 2017 0 0
"334" 2018 63792 352.13184
"335" 2018 65051 19.5153
"336" 2018 65935 22.747575
"337" 2018 67618 18.93304
"338" 2018 65355 11.11035
"339" 2018 67628 9.12978
"340" 2018 69016 11.73272
"341" 2018 69510 11.1216
"342" 2018 73022 8.76264
"343" 2018 70247 9.483345
"344" 2018 67828 10.1742
"345" 2018 66857 9.694265
"346" 2018 65293 11.75274
"347" 2018 64762 18.13336
"348" 2018 62462 21.23708
"349" 2018 61617 19.10127
"350" 2018 61475 21.823625
"351" 2018 65278 34.27095
"352" 2018 65968 46.1776
"353" 2018 58694 42.84662
"354" 2018 56428 37.52462
"355" 2018 62857 34.885635
"356" 2018 62790 30.1392
"357" 2018 69259 46.40353
"358" 2018 73864 58.35256
"359" 2018 77700 51.6705
"360" 2018 84081 52.13022
"361" 2018 90932 63.19774
"362" 2018 95180 69.4814
"363" 2018 97344 73.008
"364" 2018 95317 70.53458
"365" 2018 97394 78.40217
"366" 2018 94953 96.85206
"367" 2018 96117 107.170455
"368" 2018 95986 127.18145
"369" 2018 95717 140.225405
"370" 2018 97212 147.76224
"371" 2018 98379 166.752405
"372" 2018 104150 181.74175
"373" 2018 104196 197.45142
"374" 2018 107927 226.6467
"375" 2018 110111 260.96307
"376" 2018 110412 278.23824
"377" 2018 113774 302.63884
"378" 2018 106673 334.419855
"379" 2018 99874 362.04325
"380" 2018 102031 408.634155
"381" 2018 104992 470.88912
"382" 2018 107237 547.444885
"383" 2018 104409 577.38177
"384" 2018 91587 528.45699
"385" 2018 90075 563.419125
"386" 2018 91394 639.30103
"387" 2018 94600 730.785
"388" 2018 95129 812.877305
"389" 2018 95756 876.64618
"390" 2018 98140 987.7791
"391" 2018 97692 1104.40806
"392" 2018 95298 1180.74222
"393" 2018 96203 1294.411365
"394" 2018 96315 1447.61445
"395" 2018 99556 1616.78944
"396" 2018 98913 1665.69492
"397" 2018 96228 1718.15094
"398" 2018 96536 1851.0778
"399" 2018 94561 1975.852095
"400" 2018 91350 2072.7315
"401" 2018 102813 2493.729315
"402" 2018 98124 2540.92098
"403" 2018 92790 2530.3833
"404" 2018 87150 2543.9085
"405" 2018 88653 2834.23641
"406" 2018 77177 2701.580885
"407" 2018 68786 2591.51255
"408" 2018 66497 2738.013975
"409" 2018 63153 2850.72642
"410" 2018 58463 2905.903415
"411" 2018 55935 3055.72905
"412" 2018 50248 3006.33784
"413" 2018 47918 3212.18313
"414" 2018 45762 3418.19259
"415" 2018 44187 3698.89377
"416" 2018 39444 3784.45458
"417" 2018 39156 4146.42462
"418" 2018 33537 3972.45765
"419" 2018 30081 3989.04141
"420" 2018 22645.21 3284.9141626
"421" 2018 20216.14 3304.9345672
"422" 2018 15767.31 2846.70898395
"423" 2018 12870.57 2555.25861495
"424" 2018 9716.4 2084.89653
"425" 2018 7989.51 1887.00241935
"426" 2018 5616 1495.51272
"427" 2018 4194.51 1172.9527764
"428" 2018 2648.67 784.1917269
"429" 2018 1848.64 598.4232544
"430" 2018 1134.04 392.718052
"431" 2018 693.32 255.6998826
"432" 2018 428.8 167.667232
"433" 2018 164.36 67.8379464
"434" 2018 73.46 31.866948
"435" 2018 44.97 20.41795395
"436" 2018 38.36 18.1563634
"437" 2018 17.66 8.6805964
"438" 2018 3.48 1.7700498
"439" 2018 1.36 0.7133948
"440" 2018 0.35 0.1887515
"441" 2018 0 0
"442" 2018 0 0
"443" 2018 0 0
"444" 2018 0 0
"445" 2019 62039 342.45528
"446" 2019 64353 19.3059
"447" 2019 65440 22.5768
"448" 2019 66156 18.52368
"449" 2019 67737 11.51529
"450" 2019 65399 8.828865
"451" 2019 67759 11.51903
"452" 2019 69049 11.04784
"453" 2019 69503 8.34036
"454" 2019 72957 9.849195
"455" 2019 70184 10.5276
"456" 2019 67774 9.82723
"457" 2019 66799 12.02382
"458" 2019 65132 18.23696
"459" 2019 64564 21.95176
"460" 2019 62267 19.30277
"461" 2019 61447 21.813685
"462" 2019 61186 32.12265
"463" 2019 65118 45.5826
"464" 2019 65529 47.83617
"465" 2019 58376 38.82004
"466" 2019 56078 31.12329
"467" 2019 62325 29.916
"468" 2019 62275 41.72425
"469" 2019 68690 54.2651
"470" 2019 73393 48.806345
"471" 2019 77189 47.85718
"472" 2019 83633 58.124935
"473" 2019 90555 66.10515
"474" 2019 94854 71.1405
"475" 2019 97032 71.80368
"476" 2019 94991 76.467755
"477" 2019 97036 98.97672
"478" 2019 94615 105.495725
"479" 2019 95832 126.9774
"480" 2019 95708 140.21222
"481" 2019 95433 145.05816
"482" 2019 96838 164.14041
"483" 2019 98056 171.10772
"484" 2019 103873 196.839335
"485" 2019 103818 218.0178
"486" 2019 107542 254.87454
"487" 2019 109678 276.38856
"488" 2019 110011 292.62926
"489" 2019 113349 355.349115
"490" 2019 106224 385.062
"491" 2019 99401 398.101005
"492" 2019 101583 455.599755
"493" 2019 104464 533.28872
"494" 2019 106650 589.7745
"495" 2019 103848 599.20296
"496" 2019 91066 569.61783
"497" 2019 89450 625.70275
"498" 2019 90874 702.00165
"499" 2019 93893 802.315685
"500" 2019 94370 863.95735
"501" 2019 94894 955.10811
"502" 2019 97235 1099.241675
"503" 2019 96700 1198.113
"504" 2019 94199 1267.447545
"505" 2019 95063 1428.79689
"506" 2019 95235 1546.6164
"507" 2019 98170 1653.1828
"508" 2019 97476 1740.43398
"509" 2019 94553 1813.053775
"510" 2019 94853 1981.953435
"511" 2019 92996 2110.07924
"512" 2019 89500 2170.8225
"513" 2019 100486 2602.08497
"514" 2019 95752 2611.15704
"515" 2019 90370 2637.9003
"516" 2019 84637 2705.84489
"517" 2019 85865 3005.704325
"518" 2019 74474 2805.80795
"519" 2019 66178 2724.87915
"520" 2019 63717 2876.18538
"521" 2019 60184 2991.44572
"522" 2019 55558 3035.13354
"523" 2019 52837 3161.23771
"524" 2019 47102 3157.48257
"525" 2019 44699 3338.791805
"526" 2019 42155 3528.79505
"527" 2019 40451 3881.071195
"528" 2019 35667 3776.956965
"529" 2019 35024 4148.5928
"530" 2019 29541 3917.43201
"531" 2019 26100 3786.066
"532" 2019 19293.21 3154.0539708
"533" 2019 16910.14 3053.0412263
"534" 2019 12935.31 2568.11177085
"535" 2019 10242.57 2197.79945775
"536" 2019 7589.4 1792.502439
"537" 2019 6032.51 1606.42725045
"538" 2019 4163 1164.14132
"539" 2019 3007.51 890.4334857
"540" 2019 1869.67 605.2308757
"541" 2019 1265.64 438.291132
"542" 2019 736.04 271.4552322
"543" 2019 450.32 176.0818748
"544" 2019 290.8 120.024792
"545" 2019 94.48 40.985424
"546" 2019 38.05 17.27603175
"547" 2019 22.46 10.6306549
"548" 2019 17.93 8.8133122
"549" 2019 7.86 3.9978711
"550" 2019 1.22 0.6399571
"551" 2019 0 0
"552" 2019 0 0
"553" 2019 0 0
"554" 2019 0 0
"555" 2019 0 0
"556" 2020 61361 338.71272
"557" 2020 62555 18.7665
"558" 2020 64683 22.315635
"559" 2020 65670 18.3876
"560" 2020 66238 11.26046
"561" 2020 67782 9.15057
"562" 2020 65497 11.13449
"563" 2020 67790 10.8464
"564" 2020 69012 8.28144
"565" 2020 69452 9.37602
"566" 2020 72884 10.9326
"567" 2020 70073 10.160585
"568" 2020 67708 12.18744
"569" 2020 66608 18.65024
"570" 2020 64945 22.0813
"571" 2020 64296 19.93176
"572" 2020 62040 22.0242
"573" 2020 61086 32.07015
"574" 2020 60924 42.6468
"575" 2020 64631 47.18063
"576" 2020 65179 43.344035
"577" 2020 57780 32.0679
"578" 2020 55445 26.6136
"579" 2020 61643 41.30081
"580" 2020 61589 48.65531
"581" 2020 68066 45.26389
"582" 2020 72754 45.10748
"583" 2020 76623 53.252985
"584" 2020 83082 60.64986
"585" 2020 90089 67.56675
"586" 2020 94417 69.86858
"587" 2020 96610 77.77105
"588" 2020 94591 96.48282
"589" 2020 96617 107.727955
"590" 2020 94217 124.837525
"591" 2020 95494 139.89871
"592" 2020 95270 144.8104
"593" 2020 95002 161.02839
"594" 2020 96451 168.306995
"595" 2020 97719 185.177505
"596" 2020 103484 217.3164
"597" 2020 103410 245.0817
"598" 2020 107094 269.87688
"599" 2020 109286 290.70076
"600" 2020 109563 343.480005
"601" 2020 112901 409.266125
"602" 2020 105665 423.188325
"603" 2020 98955 443.813175
"604" 2020 101065 515.936825
"605" 2020 103927 574.71631
"606" 2020 106184 612.68168
"607" 2020 103353 646.473015
"608" 2020 90621 633.893895
"609" 2020 89013 687.625425
"610" 2020 90409 772.544905
"611" 2020 93365 854.756575
"612" 2020 93771 943.805115
"613" 2020 94278 1065.81279
"614" 2020 96511 1195.77129
"615" 2020 95850 1289.66175
"616" 2020 93268 1401.81804
"617" 2020 94206 1529.90544
"618" 2020 94218 1586.63112
"619" 2020 96910 1730.32805
"620" 2020 96214 1844.90345
"621" 2020 93205 1947.518475
"622" 2020 93556 2122.78564
"623" 2020 91298 2214.43299
"624" 2020 87590 2268.14305
"625" 2020 98170 2677.0959
"626" 2020 93364 2725.29516
"627" 2020 87974 2812.52878
"628" 2020 81985 2869.884925
"629" 2020 83004 3127.1757
"630" 2020 71761 2954.759175
"631" 2020 63514 2867.02196
"632" 2020 60873 3025.692465
"633" 2020 57300 3130.299
"634" 2020 52493 3140.65619
"635" 2020 49696 3331.37136
"636" 2020 43914 3280.15623
"637" 2020 41406 3466.09626
"638" 2020 38688 3711.92016
"639" 2020 36621 3877.980795
"640" 2020 31926 3781.6347
"641" 2020 30923 4100.69903
"642" 2020 25590 3712.0854
"643" 2020 22241 3635.95868
"644" 2020 16199.21 2924.68636945
"645" 2020 13895.14 2758.6716199
"646" 2020 10308.31 2211.90561825
"647" 2020 8032.57 1897.17254545
"648" 2020 5816.4 1548.878238
"649" 2020 4448.51 1243.9813364
"650" 2020 2997 887.32179
"651" 2020 2122.51 687.0777121
"652" 2020 1296.67 449.036821
"653" 2020 842.64 310.7698452
"654" 2020 467.04 182.6196456
"655" 2020 278.32 114.8737968
"656" 2020 169.66 73.598508
"657" 2020 58.91 26.74720185
"658" 2020 23.6 11.170234
"659" 2020 13.59 6.6800286
"660" 2020 10.15 5.16264525
"661" 2020 4.27 2.23984985
"662" 2020 0.61 0.3289669
"663" 2020 0 0
"664" 2020 0 0
"665" 2020 0 0
"666" 2020 0 0
"667" 2021 59029 325.84008
"668" 2021 61688 18.5064
"669" 2021 62841 21.680145
"670" 2021 64940 18.1832
"671" 2021 65872 11.19824
"672" 2021 66435 8.968725
"673" 2021 68044 11.56748
"674" 2021 65759 10.52144
"675" 2021 67938 8.15256
"676" 2021 69114 9.33039
"677" 2021 69576 10.4364
"678" 2021 73018 10.58761
"679" 2021 70185 12.6333
"680" 2021 67806 18.98568
"681" 2021 66769 22.70146
"682" 2021 65021 20.15651
"683" 2021 64369 22.850995
"684" 2021 62142 32.62455
"685" 2021 61332 42.9324
"686" 2021 61374 44.80302
"687" 2021 65083 43.280195
"688" 2021 65543 36.376365
"689" 2021 58031 27.85488
"690" 2021 55748 37.35116
"691" 2021 62016 48.99264
"692" 2021 61996 41.22734
"693" 2021 68505 42.4731
"694" 2021 73202 50.87539
"695" 2021 77127 56.30271
"696" 2021 83555 62.66625
"697" 2021 90676 67.10024
"698" 2021 94897 76.392085
"699" 2021 97119 99.06138
"700" 2021 95085 106.019775
"701" 2021 97084 128.6363
"702" 2021 94684 138.71206
"703" 2021 95958 145.85616
"704" 2021 95708 162.22506
"705" 2021 95318 166.32991
"706" 2021 96864 183.55728
"707" 2021 98044 205.8924
"708" 2021 103754 245.89698
"709" 2021 103623 261.12996
"710" 2021 107331 285.50046
"711" 2021 109468 343.18218
"712" 2021 109636 397.4305
"713" 2021 112893 452.136465
"714" 2021 105675 473.952375
"715" 2021 98920 504.9866
"716" 2021 101003 558.54659
"717" 2021 103741 598.58557
"718" 2021 105871 662.223105
"719" 2021 103098 721.17051
"720" 2021 90373 698.131425
"721" 2021 88642 757.44589
"722" 2021 89973 823.702815
"723" 2021 92803 934.062195
"724" 2021 93015 1051.534575
"725" 2021 93453 1157.88267
"726" 2021 95637 1286.795835
"727" 2021 94842 1425.47526
"728" 2021 92154 1496.58096
"729" 2021 92985 1565.8674
"730" 2021 92851 1657.854605
"731" 2021 95264 1826.6872
"732" 2021 94418 1972.86411
"733" 2021 91531 2076.83839
"734" 2021 91612 2222.04906
"735" 2021 88942 2303.15309
"736" 2021 85076 2320.02252
"737" 2021 95119 2776.52361
"738" 2021 90225 2884.49325
"739" 2021 84784 2967.86392
"740" 2021 78768 2967.5844
"741" 2021 79267 3263.818725
"742" 2021 68313 3083.64882
"743" 2021 59996 2982.10118
"744" 2021 57441 3138.00183
"745" 2021 53753 3216.04199
"746" 2021 48900 3278.0115
"747" 2021 45879 3426.931905
"748" 2021 40186 3363.97006
"749" 2021 37590 3606.57255
"750" 2021 34671 3671.485545
"751" 2021 32339 3830.55455
"752" 2021 27873 3696.23853
"753" 2021 26507 3845.10542
"754" 2021 21541 3521.52268
"755" 2021 18430 3327.44435
"756" 2021 13066.21 2594.10000235
"757" 2021 11004.14 2361.2133405
"758" 2021 7932.31 1873.49263735
"759" 2021 6019.57 1602.98139315
"760" 2021 4226.4 1181.870496
"761" 2021 3185.51 943.1339457
"762" 2021 2055 665.22405
"763" 2021 1381.51 478.416913
"764" 2021 835.67 308.19927435
"765" 2021 537.64 210.2253046
"766" 2021 310.04 127.9659096
"767" 2021 170.11 73.793718
"768" 2021 92.2 41.862027
"769" 2021 29.58 14.0006577
"770" 2021 11.68 5.7411872
"771" 2021 6.34 3.2247459
"772" 2021 3.77 1.97757235
"773" 2021 1.26 0.6795054
"774" 2021 0.17 0.0939828
"775" 2021 0 0
"776" 2021 0 0
"777" 2021 0 0
