"year" "population" "expected"
"1" 2015 3969598.46 21951.8794838
"2" 2015 3961726.74 1208.3266557
"3" 2015 3963853.99 812.59006795
"4" 2015 3992021.24 638.7233984
"5" 2015 4014618.44 541.9734894
"6" 2015 4013824.31 501.72803875
"7" 2015 4077925.04 468.9613796
"8" 2015 4151820.46 456.7002506
"9" 2015 4144185.27 455.8603797
"10" 2015 4120740.85 473.88519775
"11" 2015 4118688.44 514.836055
"12" 2015 4107580.06 554.5233081
"13" 2015 4083766.82 612.565023
"14" 2015 4125717.02 742.6290636
"15" 2015 4208353.14 988.9629879
"16" 2015 4206969.86 1325.1955059
"17" 2015 4175249.21 1690.97593005
"18" 2015 4186912.02 2281.8670509
"19" 2015 4217625.58 2825.8091386
"20" 2015 4288601.3 3152.1219555
"21" 2015 4383081.79 3637.9578857
"22" 2015 4464023.86 3995.3013547
"23" 2015 4562837.98 4243.4393214
"24" 2015 4669828.24 4529.7333928
"25" 2015 4710695.74 4781.3561761
"26" 2015 4614959.51 4961.08147325
"27" 2015 4469897.99 5006.2857488
"28" 2015 4381019.19 5125.7924523
"29" 2015 4353730.01 5355.0879123
"30" 2015 4380966.81 5695.256853
"31" 2015 4330544.93 5889.5411048
"32" 2015 4294765.69 5991.19813755
"33" 2015 4326715.59 6295.37118345
"34" 2015 4302160.79 6539.2844008
"35" 2015 4320582.88 6804.918036
"36" 2015 4227364.53 6932.8778292
"37" 2015 4050747.2 6926.777712
"38" 2015 3989887.19 7221.6958139
"39" 2015 3911203.33 7470.3983603
"40" 2015 3912464.87 7883.61671305
"41" 2015 3910160.45 8152.68453825
"42" 2015 3877467.94 8297.7813916
"43" 2015 3995409.83 8929.74097005
"44" 2015 4201070.78 9872.516333
"45" 2015 4346237.01 10974.24845025
"46" 2015 4259446.66 11649.5866151
"47" 2015 4101838.89 12161.95230885
"48" 2015 4061639.33 13037.8622493
"49" 2015 4102387.66 14194.2613036
"50" 2015 4265401.02 15973.9268199
"51" 2015 4430768.16 18099.6879336
"52" 2015 4469325.08 19888.496606
"53" 2015 4462859.81 21444.04138705
"54" 2015 4485329.77 23615.26123905
"55" 2015 4531855.26 26443.3754421
"56" 2015 4474664.66 28436.4939143
"57" 2015 4384248.56 30251.315064
"58" 2015 4346069.76 32421.6804096
"59" 2015 4243466.25 34096.25131875
"60" 2015 4147845.74 35982.5617945
"61" 2015 4045007.85 37962.39867225
"62" 2015 3884152.46 39424.147469
"63" 2015 3734180.78 40534.5323669
"64" 2015 3602914.97 41559.62417895
"65" 2015 3504394 43033.95832
"66" 2015 3409733.9 44803.903446
"67" 2015 3338103.59 46933.7364754
"68" 2015 3388012.44 50633.8459158
"69" 2015 3000256.1 47779.0783925
"70" 2015 2528943.58 43725.4344982
"71" 2015 2474201.44 46824.262252
"72" 2015 2465388.22 50700.7087443
"73" 2015 2328384.6 52097.605425
"74" 2015 2071136.3 50473.591631
"75" 2015 1919219.59 51761.3523423
"76" 2015 1804470.83 53971.7225253
"77" 2015 1705927.82 55826.4879095
"78" 2015 1596388.86 56975.1184134
"79" 2015 1489766.04 58361.584617
"80" 2015 1417312.85 61560.98363975
"81" 2015 1307123.9 63009.9075995
"82" 2015 1207985.85 64512.48431925
"83" 2015 1150589.96 68304.7729754
"84" 2015 1085189.7 71595.3904575
"85" 2015 999129.98 73266.2014334
"86" 2015 889177.2 72307.889904
"87" 2015 818591.81 74487.76175095
"88" 2015 742157.28 76052.567268
"89" 2015 646451.41 74151.20898405
"90" 2015 562873.86 71755.1596728
"91" 2015 490884.48 69315.3429984
"92" 2015 401406.57 62912.4517161
"93" 2015 328736.22 56981.4926937
"94" 2015 271201.62 51863.2418007
"95" 2015 204527.16 42577.441533
"96" 2015 143708.7 32364.636327
"97" 2015 109712.16 26839.4342616
"98" 2015 76837.22 20344.5749255
"99" 2015 52175.96 14896.23658
"100" 2015 35763.55 10967.250243
"101" 2015 23992.55 7871.83569225
"102" 2015 15300.45 5349.57283575
"103" 2015 9359.93 3473.42322335
"104" 2015 5309.06 2082.7176927
"105" 2015 3118.51 1288.17851825
"106" 2015 1719.15 744.8561205
"107" 2015 931.31 421.63663285
"108" 2015 491.52 231.6804096
"109" 2015 253.21 123.8272863
"110" 2015 110.24 82.5488144
"111" 2015 136.47 136.47
"112" 2016 3973677.4 21974.436022
"113" 2016 3988747.77 1216.56806985
"114" 2016 3980198.73 815.94073965
"115" 2016 3980642.93 636.9028688
"116" 2016 4007471.16 541.0086066
"117" 2016 4029279.52 503.65994
"118" 2016 4027718.42 463.1876183
"119" 2016 4091376.35 450.0513985
"120" 2016 4164945.79 458.1440369
"121" 2016 4157312.76 478.0909674
"122" 2016 4134124.27 516.76553375
"123" 2016 4131662.06 557.7743781
"124" 2016 4120554.92 618.083238
"125" 2016 4097505.24 737.5509432
"126" 2016 4140486.57 973.01434395
"127" 2016 4225257.75 1330.95619125
"128" 2016 4226352.54 1711.6727787
"129" 2016 4199254.76 2288.5938442
"130" 2016 4216311.74 2824.9288658
"131" 2016 4248099.02 3122.3527797
"132" 2016 4316937.53 3583.0581499
"133" 2016 4412374.23 3949.07493585
"134" 2016 4497131.82 4182.3325926
"135" 2016 4597766.47 4459.8334759
"136" 2016 4703924.56 4774.4834284
"137" 2016 4744461.96 5100.296607
"138" 2016 4647580.01 5205.2896112
"139" 2016 4501712.85 5267.0040345
"140" 2016 4410996.52 5425.5257196
"141" 2016 4381458.97 5695.896661
"142" 2016 4406542.42 5992.8976912
"143" 2016 4353461.86 6073.0792947
"144" 2016 4315268.3 6278.7153765
"145" 2016 4345145.13 6604.6205976
"146" 2016 4318516.46 6801.6634245
"147" 2016 4334109.76 7107.9400064
"148" 2016 4238092.35 7247.1379185
"149" 2016 4059752.07 7348.1512467
"150" 2016 3997740.05 7635.6834955
"151" 2016 3917779.79 7894.32627685
"152" 2016 3917149.11 8167.25589435
"153" 2016 3913542.7 8374.981378
"154" 2016 3879477.1 8670.6313185
"155" 2016 3995303.74 9388.963789
"156" 2016 4199348.22 10603.3542555
"157" 2016 4341788.49 11874.79152015
"158" 2016 4253367.72 12611.2352898
"159" 2016 4094815.22 13144.3568562
"160" 2016 4052824.28 14022.7720088
"161" 2016 4091735.03 15323.54768735
"162" 2016 4251843.25 17368.77967625
"163" 2016 4414591.77 19644.9333765
"164" 2016 4451322.09 21388.60264245
"165" 2016 4442695.18 23390.7901227
"166" 2016 4462789.06 26040.3741651
"167" 2016 4506861.76 28641.1064848
"168" 2016 4447890.82 30690.446658
"169" 2016 4355704.71 32493.5571366
"170" 2016 4315569.18 34675.5983613
"171" 2016 4211393.91 36533.84216925
"172" 2016 4114364.17 38613.30773545
"173" 2016 4009817.25 40699.6450875
"174" 2016 3847871.18 41768.6416589
"175" 2016 3696606.59 42640.35701565
"176" 2016 3563863.32 43764.2415696
"177" 2016 3464087.1 45518.104494
"178" 2016 3367765.91 47350.7886946
"179" 2016 3293468.37 49220.88478965
"180" 2016 3339190.41 53176.60727925
"181" 2016 2953086.76 51058.8700804
"182" 2016 2485251.45 47033.38369125
"183" 2016 2427870.01 49929.14675565
"184" 2016 2414978.53 54035.14460875
"185" 2016 2276237.15 55471.8993455
"186" 2016 2020250.41 54486.1535577
"187" 2016 1867428.17 55854.7765647
"188" 2016 1750868.67 57297.17722575
"189" 2016 1650127.08 58893.0354852
"190" 2016 1538849.71 60284.43738925
"191" 2016 1430349.82 62127.2444317
"192" 2016 1354667.65 65301.75406825
"193" 2016 1242953.08 66379.9092374
"194" 2016 1141921.32 67790.1591618
"195" 2016 1080433.75 71281.61665625
"196" 2016 1011299.8 74158.614334
"197" 2016 921661.74 74949.5326968
"198" 2016 812514.86 73934.7896857
"199" 2016 739232.97 75752.89860075
"200" 2016 661935.96 75927.3642918
"201" 2016 569214.61 72563.4784828
"202" 2016 487627.97 68855.50750385
"203" 2016 417587.9 65448.551567
"204" 2016 335456.18 58146.2969603
"205" 2016 268714.04 51387.5294394
"206" 2016 216728.2 45117.393035
"207" 2016 159719.23 35970.3677883
"208" 2016 109343.21 26749.17617835
"209" 2016 81282.35 21521.53422125
"210" 2016 55067.92 15721.89116
"211" 2016 36567 11213.63622
"212" 2016 24143.39 7921.32554205
"213" 2016 15720.22 5496.3391197
"214" 2016 9671.23 3588.94509685
"215" 2016 5800.79 2275.62091305
"216" 2016 3216.99 1328.85814425
"217" 2016 1742.71 755.0639617
"218" 2016 954.98 432.3528703
"219" 2016 502.12 236.6767726
"220" 2016 265.41 129.7934523
"221" 2016 139.93 104.7809833
"222" 2016 121.15 121.15
"223" 2017 3922741.77 21692.7619881
"224" 2017 3992695.24 1217.7720482
"225" 2017 4006998.19 821.43462895
"226" 2017 3997055.48 639.5288768
"227" 2017 3996328.67 539.50437045
"228" 2017 4022585.32 502.823165
"229" 2017 4043722.42 465.0280783
"230" 2017 4041411.78 444.5552958
"231" 2017 4104478.45 451.4926295
"232" 2017 4178068.8 480.477912
"233" 2017 4170743.48 521.342935
"234" 2017 4147154.82 559.8659007
"235" 2017 4144711.91 621.7067865
"236" 2017 4134242.86 744.1637148
"237" 2017 4112079.67 966.33872245
"238" 2017 4156954.77 1309.44075255
"239" 2017 4243967.24 1718.8067322
"240" 2017 4249781.91 2316.13114095
"241" 2017 4227599.15 2832.4914305
"242" 2017 4244514.09 3119.71785615
"243" 2017 4273114.2 3546.684786
"244" 2017 4342634.75 3886.65810125
"245" 2017 4441863.86 4130.9333898
"246" 2017 4528320.59 4392.4709723
"247" 2017 4628279.35 4697.70354025
"248" 2017 4734266.99 5089.33701425
"249" 2017 4774168.5 5347.06872
"250" 2017 4676900.82 5471.9739594
"251" 2017 4529158.6 5570.865078
"252" 2017 4436315.48 5767.210124
"253" 2017 4404785.71 5990.5085656
"254" 2017 4427457.53 6176.30325435
"255" 2017 4372343.32 6361.7595306
"256" 2017 4332520.53 6585.4312056
"257" 2017 4360321.25 6867.50596875
"258" 2017 4330673.84 7102.3050976
"259" 2017 4343409.02 7427.2294242
"260" 2017 4245644.51 7684.6165631
"261" 2017 4066231.97 7766.5030627
"262" 2017 4002842.54 8065.7277181
"263" 2017 3921078.28 8175.4482138
"264" 2017 3919410.79 8387.5390906
"265" 2017 3914759.88 8749.4883318
"266" 2017 3878906.41 9115.4300635
"267" 2017 3993361.72 10083.238343
"268" 2017 4194657.08 11472.3871138
"269" 2017 4335022.55 12853.34186075
"270" 2017 4245381.27 13627.6738767
"271" 2017 4085270.27 14135.0351342
"272" 2017 4041831.98 15136.6607651
"273" 2017 4078352.28 16660.0690638
"274" 2017 4236163.01 18850.9253945
"275" 2017 4396847.46 21126.8520453
"276" 2017 4430922.08 23328.8047512
"277" 2017 4420068.15 25791.09765525
"278" 2017 4437449.61 28199.99227155
"279" 2017 4479733.13 30910.158597
"280" 2017 4419014.76 32965.8501096
"281" 2017 4324821.74 34749.9426809
"282" 2017 4282195.46 37148.0456155
"283" 2017 4176393.33 39195.45140205
"284" 2017 4077834.59 41390.0210885
"285" 2017 3971836.88 43114.2893324
"286" 2017 3808514.5 43931.2147575
"287" 2017 3655652.53 44891.4130684
"288" 2017 3522004.97 46279.1453058
"289" 2017 3420981.47 48098.9994682
"290" 2017 3322727.03 49658.15546335
"291" 2017 3245621.58 51686.5236615
"292" 2017 3286447.93 56822.6847097
"293" 2017 2902414.82 54928.2004685
"294" 2017 2439181.6 50161.769604
"295" 2017 2378932.75 53228.62028125
"296" 2017 2361595.08 57552.0720996
"297" 2017 2221161.08 59904.7143276
"298" 2017 1966463.38 58816.9196958
"299" 2017 1812741.86 59321.9773685
"300" 2017 1694452.74 60475.0182906
"301" 2017 1591549.38 62348.9469615
"302" 2017 1478493.87 64218.38124345
"303" 2017 1368065.52 65947.5983916
"304" 2017 1289124.71 68845.70513755
"305" 2017 1175860.32 69804.9478968
"306" 2017 1073223.54 70805.9230515
"307" 2017 1008052.8 73920.511824
"308" 2017 935674 76089.00968
"309" 2017 843944.23 76794.70520885
"310" 2017 735982.43 75419.79951425
"311" 2017 661532.24 75881.0555892
"312" 2017 584283.47 74484.4567556
"313" 2017 494890.62 69881.0299971
"314" 2017 416418.36 65265.2495628
"315" 2017 350518.87 60757.18833145
"316" 2017 276121.65 52804.12373775
"317" 2017 216339.51 45036.47749425
"318" 2017 170673.51 38437.3811871
"319" 2017 122774.7 30034.9887345
"320" 2017 81484.07 21574.94463425
"321" 2017 59088.47 16869.758185
"322" 2017 38707.26 11869.9683516
"323" 2017 25292.57 8298.36575415
"324" 2017 16056.08 5613.7675308
"325" 2017 10065.01 3735.07488595
"326" 2017 6011.09 2358.12055155
"327" 2017 3446.71 1423.74973325
"328" 2017 1873.69 811.8136663
"329" 2017 990.68 448.5155098
"330" 2017 525.96 247.9138758
"331" 2017 262.59 128.4143877
"332" 2017 135.27 101.2915287
"333" 2017 122.01 122.01
"334" 2018 3854596.43 21315.9182579
"335" 2018 3939775.51 1201.63153055
"336" 2018 4008967.91 821.83842155
"337" 2018 4022092.1 643.534736
"338" 2018 4011179.97 541.50929595
"339" 2018 4010018.61 501.25232625
"340" 2018 4035721.35 464.10795525
"341" 2018 4056059.34 446.1665274
"342" 2018 4053186.05 445.8504655
"343" 2018 4116485.89 473.39587735
"344" 2018 4190299.3 523.7874125
"345" 2018 4182528.52 564.6413502
"346" 2018 4158856.77 623.8285155
"347" 2018 4156875.8 748.237644
"348" 2018 4147231.6 974.599426
"349" 2018 4126702.41 1299.91125915
"350" 2018 4173389.05 1690.22256525
"351" 2018 4264613.74 2324.2144883
"352" 2018 4274805.44 2864.1196448
"353" 2018 4251776.29 3125.05557315
"354" 2018 4264404.37 3539.4556271
"355" 2018 4293505.45 3842.68737775
"356" 2018 4365951.21 4060.3346253
"357" 2018 4466551.78 4332.5552266
"358" 2018 4552623.71 4620.91306565
"359" 2018 4651683.92 5000.560214
"360" 2018 4757806.56 5328.7433472
"361" 2018 4797561.95 5613.1474815
"362" 2018 4698400.3 5779.032369
"363" 2018 4548809.13 5913.451869
"364" 2018 4454127.14 6057.6129104
"365" 2018 4420901.98 6167.1582621
"366" 2018 4441832.22 6462.8658801
"367" 2018 4385159.44 6665.4423488
"368" 2018 4343668.4 6841.27773
"369" 2018 4368619.3 7164.535652
"370" 2018 4336696.61 7415.7512031
"371" 2018 4348070.45 7870.0075145
"372" 2018 4248993.54 8115.5776614
"373" 2018 4068249.02 8197.5217753
"374" 2018 4003232.59 8346.73995015
"375" 2018 3920829.72 8390.5756008
"376" 2018 3918354.38 8757.5220393
"377" 2018 3912263.8 9193.81993
"378" 2018 3875325.95 9785.19802375
"379" 2018 3987537.76 10905.9157736
"380" 2018 4186490.18 12412.9433837
"381" 2018 4325180.93 13883.8307853
"382" 2018 4234087.92 14649.9442032
"383" 2018 4072822.59 15252.72059955
"384" 2018 4027544.25 16452.51826125
"385" 2018 4062354.66 18077.478237
"386" 2018 4218371.68 20269.2759224
"387" 2018 4376306.09 23041.25156385
"388" 2018 4407760.65 25719.28339275
"389" 2018 4394194.63 27925.10687365
"390" 2018 4409687 30426.8403
"391" 2018 4449798.8 33195.499048
"392" 2018 4386900.36 35248.7443926
"393" 2018 4290254.2 37217.955185
"394" 2018 4245259.74 39841.7626599
"395" 2018 4137749.12 41998.153568
"396" 2018 4037903.13 43831.43847615
"397" 2018 3929968.18 45332.1829563
"398" 2018 3765247.73 46237.2421244
"399" 2018 3611429.9 47454.188886
"400" 2018 3476491 48879.46346
"401" 2018 3374014.57 50424.64774865
"402" 2018 3273780.81 52134.95939925
"403" 2018 3193602.04 55217.3792716
"404" 2018 3229536.7 61118.9820475
"405" 2018 2848342.3 58576.1593995
"406" 2018 2389446.17 53463.85805375
"407" 2018 2326036.04 56685.4982948
"408" 2018 2304089.47 62141.2930059
"409" 2018 2161691.04 64656.1790064
"410" 2018 1908483.68 62455.128428
"411" 2018 1754052.56 62602.1358664
"412" 2018 1634045.92 64013.748916
"413" 2018 1528884.89 66407.11519715
"414" 2018 1413951.99 68159.55567795
"415" 2018 1301590.41 69511.43584605
"416" 2018 1219391.72 72389.1894578
"417" 2018 1104864.32 72893.423512
"418" 2018 1001013.45 73404.3162885
"419" 2018 932613.6 75840.137952
"420" 2018 857766.83 78052.49269585
"421" 2018 763907.27 78281.39749325
"422" 2018 658220.07 75501.13312935
"423" 2018 583763.62 74418.1862776
"424" 2018 507600.38 71675.7116579
"425" 2018 422826.78 66269.6412294
"426" 2018 348689.6 60440.111816
"427" 2018 287796.35 55036.73499225
"428" 2018 221750.48 46162.906174
"429" 2018 169761.69 38232.0302049
"430" 2018 130295.95 31874.94972825
"431" 2018 91105.5 24122.4587625
"432" 2018 58897.23 16815.159165
"433" 2018 41330.82 12674.5092612
"434" 2018 26401.82 8662.3051329
"435" 2018 16529.26 5779.2078201
"436" 2018 10329.88 3833.3668186
"437" 2018 6244.88 2449.8351996
"438" 2018 3581.02 1479.2298365
"439" 2018 1957.82 848.2646714
"440" 2018 1053.82 477.1011977
"441" 2018 549.61 259.06142155
"442" 2018 272.86 133.4367258
"443" 2018 133.87 100.2431947
"444" 2018 124.82 124.82
"445" 2019 3794478.9 20983.468317
"446" 2019 3870010.76 1180.3532818
"447" 2019 3954165.67 810.60396235
"448" 2019 4022009.36 643.5214976
"449" 2019 4033984.49 544.58790615
"450" 2019 4022536.63 502.81707875
"451" 2019 4020773.56 462.3889594
"452" 2019 4045712.5 445.028375
"453" 2019 4065568.88 447.2125768
"454" 2019 4062775.98 467.2192377
"455" 2019 4126174.43 515.77180375
"456" 2019 4199705.25 566.96020875
"457" 2019 4191880.13 628.7820195
"458" 2019 4168623.32 750.3521976
"459" 2019 4167471.5 979.3558025
"460" 2019 4159333.44 1310.1900336
"461" 2019 4140454.29 1676.88398745
"462" 2019 4191022.29 2284.10714805
"463" 2019 4286128.6 2871.706162
"464" 2019 4294791.3 3156.6716055
"465" 2019 4267965.86 3542.4116638
"466" 2019 4280917.49 3831.42115355
"467" 2019 4312537.73 4010.6600889
"468" 2019 4386406.17 4254.8139849
"469" 2019 4486466.62 4553.7636193
"470" 2019 4571243.51 4914.08677325
"471" 2019 4669938.34 5230.3309408
"472" 2019 4775765.7 5587.645869
"473" 2019 4813646.12 5920.7847276
"474" 2019 4712730.68 6126.549884
"475" 2019 4561086.78 6203.0780208
"476" 2019 4464911.26 6228.5512077
"477" 2019 4430604.97 6446.53023135
"478" 2019 4449992.84 6763.9891168
"479" 2019 4391896.48 6917.236956
"480" 2019 4347697.64 7130.2241296
"481" 2019 4370718.78 7473.9291138
"482" 2019 4337789.39 7851.3987959
"483" 2019 4347958.94 8304.6015754
"484" 2019 4247537.48 8558.7880222
"485" 2019 4065427.17 8476.41564945
"486" 2019 3999791.41 8559.5536174
"487" 2019 3916985 8754.461475
"488" 2019 3913508.52 9196.745022
"489" 2019 3906460.66 9863.8131665
"490" 2019 3867640.82 10577.9976427
"491" 2019 3977827.42 11794.2583003
"492" 2019 4175268.02 13402.6103442
"493" 2019 4312107.89 14919.8932994
"494" 2019 4219648.64 15802.5841568
"495" 2019 4057216.7 16573.7302195
"496" 2019 4010697.05 17847.6018725
"497" 2019 4044143.33 19432.10870065
"498" 2019 4197872.17 22101.79697505
"499" 2019 4352595.02 25397.3919417
"500" 2019 4381217.33 27842.63613215
"501" 2019 4365596.45 30122.615505
"502" 2019 4378954.65 32667.001689
"503" 2019 4416651.87 35487.79777545
"504" 2019 4351109.55 37745.87534625
"505" 2019 4252422.46 39908.9847871
"506" 2019 4205084.75 42681.6102125
"507" 2019 4095851.69 44460.47009495
"508" 2019 3994103.03 46071.97845105
"509" 2019 3884549.55 47702.268474
"510" 2019 3718838.87 48865.5427518
"511" 2019 3563604.04 50104.2728024
"512" 2019 3427556.51 51224.83204195
"513" 2019 3323795.3 52931.4401525
"514" 2019 3221058.93 55692.1088997
"515" 2019 3137896.58 59384.6927765
"516" 2019 3170008.71 65191.22912115
"517" 2019 2790588.31 62439.41343625
"518" 2019 2336393.45 56937.9083765
"519" 2019 2269840.25 61217.5915425
"520" 2019 2243029.1 67089.000381
"521" 2019 2098524.55 68674.21589875
"522" 2019 1847065 65921.74985
"523" 2019 1692120.7 66288.8284225
"524" 2019 1570310.98 68206.4574163
"525" 2019 1462766.43 70512.65575815
"526" 2019 1345934.38 71879.6255639
"527" 2019 1231868.92 73129.8984358
"528" 2019 1146724.62 75655.1568045
"529" 2019 1031217.98 75619.2144734
"530" 2019 926854.15 75371.779478
"531" 2019 855985.27 77890.37964365
"532" 2019 779469.95 79876.18312625
"533" 2019 684313.52 78494.1823116
"534" 2019 581220.49 74093.9880652
"535" 2019 507905.18 71718.7509419
"536" 2019 434442.11 68090.1119003
"537" 2019 355225.82 61573.0675097
"538" 2019 287182.95 54919.43144325
"539" 2019 232138.01 48325.33023175
"540" 2019 174396.52 39275.8402692
"541" 2019 129989.08 31799.8785858
"542" 2019 97077.63 25703.72948325
"543" 2019 65996.52 18842.00646
"544" 2019 41415.02 12700.3300332
"545" 2019 28192.89 9249.94624455
"546" 2019 17496.5 6117.3887775
"547" 2019 10671.06 3959.9770107
"548" 2019 6367.75 2498.03648625
"549" 2019 3732.8 1541.92636
"550" 2019 2072.97 898.1557119
"551" 2019 1113.7 504.2109695
"552" 2019 581.68 274.1777764
"553" 2019 299.01 146.2248603
"554" 2019 140.67 105.3351027
"555" 2019 143.69 143.69
"556" 2020 3730625.15 20630.3570795
"557" 2020 3802256.71 1159.68829655
"558" 2020 3881894.23 795.78831715
"559" 2020 3970133.71 635.2213936
"560" 2020 4040968.26 545.5307151
"561" 2020 4052519.94 506.5649925
"562" 2020 4041723.21 464.79816915
"563" 2020 4037975.1 444.177261
"564" 2020 4063506.58 446.9857238
"565" 2020 4083740.36 469.6301414
"566" 2020 4126338.62 515.7923275
"567" 2020 4235277.87 571.76251245
"568" 2020 4326473.92 648.971088
"569" 2020 4304580.3 774.824454
"570" 2020 4260035.91 1001.10843885
"571" 2020 4242347.66 1336.3395129
"572" 2020 4240486.71 1717.39711755
"573" 2020 4215821.77 2297.62286465
"574" 2020 4262598.19 2855.9407873
"575" 2020 4338042.94 3188.4615609
"576" 2020 4308561.11 3576.1057213
"577" 2020 4277626.5 3828.4757175
"578" 2020 4283643.14 3983.7881202
"579" 2020 4309726.69 4180.4348893
"580" 2020 4376218.57 4441.86184855
"581" 2020 4463299.63 4798.04710225
"582" 2020 4547173.93 5092.8348016
"583" 2020 4646215.8 5436.072486
"584" 2020 4742408.93 5833.1629839
"585" 2020 4772222.39 6203.889107
"586" 2020 4684227.57 6370.5494952
"587" 2020 4561651.73 6363.50416335
"588" 2020 4481516.61 6520.60666755
"589" 2020 4462524.75 6783.03762
"590" 2020 4481586.18 7058.4982335
"591" 2020 4408083.93 7229.2576452
"592" 2020 4389438.94 7505.9405874
"593" 2020 4417662.75 7995.9695775
"594" 2020 4386563.96 8378.3371636
"595" 2020 4392392.36 8850.6706054
"596" 2020 4244284.12 8849.3323902
"597" 2020 4111776.37 8799.2014318
"598" 2020 4041578.79 9032.92859565
"599" 2020 3955722.42 9295.947687
"600" 2020 3943106.87 9956.34484675
"601" 2020 3900765.73 10668.59427155
"602" 2020 3888453.54 11529.2647461
"603" 2020 3999665.41 12838.9259661
"604" 2020 4208365.7 14560.945322
"605" 2020 4356876.92 16316.5040654
"606" 2020 4206740.89 17184.53653565
"607" 2020 4080329.08 18157.464406
"608" 2020 4035354.51 19389.87842055
"609" 2020 4077105.41 21465.95998365
"610" 2020 4226978.55 24664.41983925
"611" 2020 4343466.91 27602.73221305
"612" 2020 4389790.57 30289.554933
"613" 2020 4382617.78 32694.3286388
"614" 2020 4413187.18 35459.9589913
"615" 2020 4424745.57 38384.66781975
"616" 2020 4306201.96 40413.7053946
"617" 2020 4246811.38 43105.135507
"618" 2020 4199227.13 45582.61049615
"619" 2020 4081338.3 47078.2372905
"620" 2020 3967211.26 48717.3542728
"621" 2020 3833433.55 50371.316847
"622" 2020 3686035.26 51825.6557556
"623" 2020 3530664.71 52765.78409095
"624" 2020 3403468.17 54200.23060725
"625" 2020 3273831.21 56604.5416209
"626" 2020 3140554.14 59434.9870995
"627" 2020 3072699.62 63190.0676853
"628" 2020 3093893.42 69225.8652725
"629" 2020 2745053.57 66896.9555009
"630" 2020 2256077.84 60846.4193448
"631" 2020 2166005.28 64785.2179248
"632" 2020 2147361.75 70272.41326875
"633" 2020 1999397.67 71358.5028423
"634" 2020 1750599.5 68579.7354125
"635" 2020 1595143.31 69285.04966985
"636" 2020 1462505.04 70500.0554532
"637" 2020 1361058.97 72687.35429285
"638" 2020 1243411.25 73815.10885625
"639" 2020 1127870.42 74411.2509595
"640" 2020 1039985.01 76262.1007833
"641" 2020 909779.12 73983.2380384
"642" 2020 824158.28 74994.2826886
"643" 2020 734899.76 75308.852906
"644" 2020 659710.17 75672.05504985
"645" 2020 606394.61 77303.1848828
"646" 2020 507641.13 71681.46576165
"647" 2020 436131.81 68354.9385813
"648" 2020 366603.96 63545.2974066
"649" 2020 293670 56159.98245
"650" 2020 232637.49 48429.30948075
"651" 2020 183541.86 41335.4622906
"652" 2020 134649.78 32940.0489303
"653" 2020 97749.7 25881.6768175
"654" 2020 71078.53 20292.920315
"655" 2020 47140.42 14456.0811972
"656" 2020 28799.83 9449.08022385
"657" 2020 18968.52 6632.0584902
"658" 2020 11357.26 4214.6223997
"659" 2020 6716.91 2635.01020845
"660" 2020 3877.65 1601.76027375
"661" 2020 2228 965.32556
"662" 2020 1217.53 551.21844455
"663" 2020 644.48 303.7788704
"664" 2020 318.07 155.5457721
"665" 2020 161.41 120.8654221
"666" 2020 156.91 156.91
"667" 2021 3631659.98 20083.0796894
"668" 2021 3732623.94 1138.4503017
"669" 2021 3809662.97 780.98090885
"670" 2021 3893990.67 623.0385072
"671" 2021 3985715.7 538.0716195
"672" 2021 4056380.92 507.047615
"673" 2021 4068790.53 467.91091095
"674" 2021 4056330.21 446.1963231
"675" 2021 4053355.05 445.8690555
"676" 2021 4079286.21 469.11791415
"677" 2021 4144669.86 518.0837325
"678" 2021 4232582.88 571.3986888
"679" 2021 4359081.86 653.862279
"680" 2021 4436078.86 798.4941948
"681" 2021 4392654.32 1032.2737652
"682" 2021 4331082.75 1364.29106625
"683" 2021 4319078.33 1749.22672365
"684" 2021 4310110.41 2349.01017345
"685" 2021 4280034.01 2867.6227867
"686" 2021 4307523.24 3166.0295814
"687" 2021 4345934.04 3607.1252532
"688" 2021 4311599.79 3858.88181205
"689" 2021 4272952.9 3973.846197
"690" 2021 4273167.4 4144.972378
"691" 2021 4292450.98 4356.8377447
"692" 2021 4346468.97 4672.45414275
"693" 2021 4432727.85 4964.655192
"694" 2021 4516883.43 5284.7536131
"695" 2021 4606848.44 5666.4235812
"696" 2021 4695344.94 6103.948422
"697" 2021 4738722.76 6444.6629536
"698" 2021 4679760.76 6528.2662602
"699" 2021 4573419.29 6654.32506695
"700" 2021 4508714.8 6853.246496
"701" 2021 4489829.08 7071.480801
"702" 2021 4494321 7370.68644
"703" 2021 4446690.18 7603.8402078
"704" 2021 4433413.06 8024.4776386
"705" 2021 4463512.95 8525.3097345
"706" 2021 4428356.52 8923.1383878
"707" 2021 4386962.28 9146.8163538
"708" 2021 4288209.06 9176.7673884
"709" 2021 4151230.81 9278.00086035
"710" 2021 4078182.69 9583.7293215
"711" 2021 3983438.97 10058.18339925
"712" 2021 3936168.45 10765.42071075
"713" 2021 3920395.24 11623.9718866
"714" 2021 3909117.35 12548.2666935
"715" 2021 4031550.62 13949.1651452
"716" 2021 4251795.4 15922.973773
"717" 2021 4342332.75 17738.42928375
"718" 2021 4227951.42 18814.383819
"719" 2021 4103246.01 19716.09707805
"720" 2021 4066625.1 21410.7811515
"721" 2021 4104616.96 23950.4399616
"722" 2021 4216195.4 26793.921767
"723" 2021 4349748.48 30013.264512
"724" 2021 4403819.78 32852.4955588
"725" 2021 4413380.28 35461.5105498
"726" 2021 4417907.43 38325.34695525
"727" 2021 4376097.84 41069.6782284
"728" 2021 4296480.32 43609.275248
"729" 2021 4236567.57 45987.94097235
"730" 2021 4179620.54 48211.9229289
"731" 2021 4049442.19 49727.1500932
"732" 2021 3910971.72 51390.1684008
"733" 2021 3795248.18 53361.1894108
"734" 2021 3647517.09 54512.14291005
"735" 2021 3500589.6 55746.88938
"736" 2021 3347837.32 57884.1072628
"737" 2021 3187971 60332.351175
"738" 2021 3069306.95 63120.29742675
"739" 2021 2992263.95 66951.90588125
"740" 2021 3035026.34 73963.5919058
"741" 2021 2646290.92 71370.4661124
"742" 2021 2146028.17 64187.7025647
"743" 2021 2066420.49 67623.61053525
"744" 2021 2040039.19 72808.9986911
"745" 2021 1889583.69 74024.44105575
"746" 2021 1643714.34 71394.7323579
"747" 2021 1478956.23 71293.08506715
"748" 2021 1353593.83 72288.67849115
"749" 2021 1250210.87 74218.76829755
"750" 2021 1130859.41 74608.44957475
"751" 2021 1014733.08 74410.3767564
"752" 2021 910182.3 74016.024636
"753" 2021 800632.47 72853.55160765
"754" 2021 698377.8 71566.265055
"755" 2021 612624.03 70271.03936115
"756" 2021 540400.33 68890.2340684
"757" 2021 518838.81 73262.63416605
"758" 2021 426536.59 66851.0797507
"759" 2021 358856.36 62202.3671606
"760" 2021 294880.74 56391.5183139
"761" 2021 230695.08 48024.948279
"762" 2021 178458.85 40190.7176085
"763" 2021 136787.12 33462.9171012
"764" 2021 97351.04 25776.121616
"765" 2021 68617.85 19590.396175
"766" 2021 48346.13 14825.8242258
"767" 2021 30993.72 10168.8845634
"768" 2021 18284.54 6392.9151429
"769" 2021 11751.32 4360.8560954
"770" 2021 6834.14 2680.9989513
"771" 2021 3856.84 1593.164183
"772" 2021 2137.92 926.2965984
"773" 2021 1188.59 538.11629365
"774" 2021 632.79 298.26873045
"775" 2021 326.42 159.6291726
"776" 2021 157.47 117.9151107
"777" 2021 143.74 143.74
