"year" "population" "expected"
"1" 2015 777510 2998.5969
"2" 2015 792873 141.395685
"3" 2015 817257 92.62246
"4" 2015 825886.5 75.7062625
"5" 2015 813154.5 69.1181325
"6" 2015 801682 69.4791066666667
"7" 2015 800588 61.3784133333333
"8" 2015 790322.5 52.6881666666667
"9" 2015 768697.5 46.12185
"10" 2015 745563 45.976385
"11" 2015 724254 53.11196
"12" 2015 707774.5 57.8015841666667
"13" 2015 692261 66.9185633333333
"14" 2015 696259.5 76.588545
"15" 2015 715073.5 91.7677658333333
"16" 2015 736386.5 121.5037725
"17" 2015 753147 160.67136
"18" 2015 770331 213.12491
"19" 2015 783858.5 250.83472
"20" 2015 793053.5 269.63819
"21" 2015 816623 293.98428
"22" 2015 838240.5 308.7519175
"23" 2015 861386.5 317.277360833333
"24" 2015 891518 337.290976666667
"25" 2015 896610 367.6101
"26" 2015 886077 378.05952
"27" 2015 887553 392.002575
"28" 2015 882946.5 428.2290525
"29" 2015 876908.5 454.530905833333
"30" 2015 883343.5 484.366685833333
"31" 2015 874263 517.272275
"32" 2015 868106.5 545.460250833333
"33" 2015 872044 590.083106666667
"34" 2015 875364.5 640.475025833333
"35" 2015 879173.5 694.547065
"36" 2015 861131 742.007878333333
"37" 2015 814934 793.202426666667
"38" 2015 780718 800.23595
"39" 2015 782430.5 830.680380833333
"40" 2015 797346.5 930.237583333333
"41" 2015 812251.5 1028.8519
"42" 2015 837303.5 1158.26984166667
"43" 2015 874726.5 1322.2948925
"44" 2015 908172 1487.88846
"45" 2015 912466.5 1631.7942575
"46" 2015 913493.5 1784.35730333333
"47" 2015 925292.5 1953.90932916667
"48" 2015 932123.5 2115.920345
"49" 2015 938365.5 2295.86759
"50" 2015 942402.5 2502.0786375
"51" 2015 941748 2698.10802
"52" 2015 927680 2874.26186666667
"53" 2015 908057.5 3011.72404166667
"54" 2015 883233.5 3134.00686916667
"55" 2015 850982.5 3256.42636666667
"56" 2015 824741 3468.035905
"57" 2015 806561.5 3738.4125525
"58" 2015 783126 3958.70193
"59" 2015 754868.5 4166.87412
"60" 2015 727493.5 4384.36082666667
"61" 2015 714531.5 4708.762585
"62" 2015 710567 5178.84915166667
"63" 2015 695819 5600.18325166667
"64" 2015 688300.5 6010.0105325
"65" 2015 697440.5 6631.49675416667
"66" 2015 712201 7412.82540833333
"67" 2015 739147.5 8369.613525
"68" 2015 788806 9731.23668666667
"69" 2015 725556.5 9816.779445
"70" 2015 622504.5 9214.1041075
"71" 2015 610786 9819.40292666667
"72" 2015 588238.5 10402.9978725
"73" 2015 536678 10662.0029333333
"74" 2015 481036 10719.88726
"75" 2015 462625.5 11513.9776525
"76" 2015 466096.5 12912.426705
"77" 2015 454981.5 14008.1220825
"78" 2015 434109.5 14978.9482975
"79" 2015 409679 15833.4105516667
"80" 2015 386245.5 16645.2498225
"81" 2015 358516 17268.5206666667
"82" 2015 332520 17896.2264
"83" 2015 314958 19091.17917
"84" 2015 296735 20340.1951333333
"85" 2015 277010.85 21335.375667
"86" 2015 244767.51 21297.62899095
"87" 2015 218144.68 21362.5449379333
"88" 2015 189027.87 20745.1786396
"89" 2015 169511.01 20792.7855233
"90" 2015 144792.6 19835.862237
"91" 2015 122154.58 18750.5244390333
"92" 2015 102460.56 17493.9452468
"93" 2015 84363.95 15846.2213350833
"94" 2015 70747.2 14624.389536
"95" 2015 60171.87 13685.2895399
"96" 2015 33396.64 8297.61785226667
"97" 2015 21021.14 5681.20833163333
"98" 2015 15068.83 4410.57119685
"99" 2015 11841.04 3736.65725773333
"100" 2015 8249.42 2793.88606753333
"101" 2015 5688.29 2058.04228296667
"102" 2015 3489.23 1342.38238098333
"103" 2015 2046.54 833.3920188
"104" 2015 1155.22 495.701051266667
"105" 2015 601.68 270.8552772
"106" 2015 311.66 146.5659065
"107" 2015 164.15 80.3191421666667
"108" 2015 78.41 39.7657621833333
"109" 2015 36.65 19.195804
"110" 2015 17.86 13.6785275
"111" 2015 11.85 11.85
"112" 2016 779609.5 3006.69397166667
"113" 2016 785433.5 140.068974166667
"114" 2016 800157.5 90.6845166666667
"115" 2016 823716 75.5073
"116" 2016 831786.5 70.7018525
"117" 2016 818320.5 70.92111
"118" 2016 806011.5 61.794215
"119" 2016 804815 53.6543333333333
"120" 2016 794264 47.65584
"121" 2016 772540 47.6399666666667
"122" 2016 749530.5 54.96557
"123" 2016 728450.5 59.4901241666667
"124" 2016 712080 68.8344
"125" 2016 696499.5 76.614945
"126" 2016 700596 89.90982
"127" 2016 720170.5 118.8281325
"128" 2016 741597 158.20736
"129" 2016 760114 210.298206666667
"130" 2016 779524.5 249.44784
"131" 2016 799994 271.99796
"132" 2016 810429 291.75444
"133" 2016 830581.5 305.9308525
"134" 2016 853610 314.413016666667
"135" 2016 876335 331.546741666667
"136" 2016 903261.5 370.337215
"137" 2016 906874.5 386.93312
"138" 2016 895825 395.656041666667
"139" 2016 896891.5 434.9923775
"140" 2016 891139.5 461.9073075
"141" 2016 885210.5 485.390424166667
"142" 2016 889377 526.214725
"143" 2016 879285 552.484075
"144" 2016 872597.5 590.457641666667
"145" 2016 875309.5 640.434784166667
"146" 2016 878274 693.83646
"147" 2016 881524.5 759.5802775
"148" 2016 863652 840.62128
"149" 2016 817265 837.696625
"150" 2016 782854.5 831.1305275
"151" 2016 783941.5 914.598416666667
"152" 2016 799068.5 1012.15343333333
"153" 2016 813042 1124.7081
"154" 2016 839050.5 1268.3646725
"155" 2016 875990 1435.16361666667
"156" 2016 909563.5 1626.60272583333
"157" 2016 913529.5 1784.42762333333
"158" 2016 914350.5 1930.8034725
"159" 2016 925902.5 2101.798675
"160" 2016 932472.5 2281.44938333333
"161" 2016 938691 2492.224605
"162" 2016 942153.5 2699.2697775
"163" 2016 941216.5 2916.20245583333
"164" 2016 926689.5 3073.520175
"165" 2016 906883 3217.92317833333
"166" 2016 881716.5 3374.03514
"167" 2016 849114.5 3570.5264725
"168" 2016 822521.5 3812.3871525
"169" 2016 804345 4065.963975
"170" 2016 780537.5 4308.567
"171" 2016 752155 4532.98746666667
"172" 2016 724533.5 4774.675765
"173" 2016 711165 5183.207575
"174" 2016 706907 5689.42317166667
"175" 2016 691754.5 6040.16970916667
"176" 2016 683616 6500.0488
"177" 2016 691650 7198.92375
"178" 2016 705550.5 7989.183495
"179" 2016 731785.5 9027.793785
"180" 2016 780045 10554.00885
"181" 2016 716522 10605.7198033333
"182" 2016 613554.5 9863.91117833333
"183" 2016 601064 10629.81684
"184" 2016 577815.5 11479.2679333333
"185" 2016 525956 11720.92946
"186" 2016 470224 11703.0916533333
"187" 2016 451064 12495.9763466667
"188" 2016 453263.5 13955.2277258333
"189" 2016 440800 15209.804
"190" 2016 419141 16199.1010816667
"191" 2016 394018 16980.20571
"192" 2016 369333 17789.5395
"193" 2016 340950.5 18349.95591
"194" 2016 314192.5 19044.7783875
"195" 2016 295084 20227.0245866667
"196" 2016 275567.5 21224.20885
"197" 2016 254450.63 22140.1734006833
"198" 2016 222516.11 21790.6317921167
"199" 2016 195919.92 21501.5581536
"200" 2016 167312.37 20523.0930121
"201" 2016 147695.2 20233.503924
"202" 2016 123690.67 18986.3116938833
"203" 2016 102380.49 17480.27422845
"204" 2016 84142.25 15804.5790545833
"205" 2016 67718.62 13998.3416689333
"206" 2016 55345.97 12587.7029302333
"207" 2016 45764.06 11370.3858007333
"208" 2016 24794.39 6700.97316538333
"209" 2016 15070.51 4411.06292445
"210" 2016 10462.89 3301.75675915
"211" 2016 7934.4 2687.196144
"212" 2016 5243.91 1897.2641177
"213" 2016 3510.71 1350.64620238333
"214" 2016 2087.3 849.990306
"215" 2016 1181.24 506.866146533333
"216" 2016 634.31 285.54416115
"217" 2016 310.15 145.85579125
"218" 2016 157.8 77.212066
"219" 2016 77.58 39.3448263
"220" 2016 33.62 17.6088112
"221" 2016 13.99 10.71459125
"222" 2016 9.3 9.3
"223" 2017 772825.5 2980.530345
"224" 2017 787013.5 140.350740833333
"225" 2017 792145.5 89.77649
"226" 2017 806216 73.9031333333333
"227" 2017 829327 70.492795
"228" 2017 836584 72.5039466666667
"229" 2017 822445 63.0541166666667
"230" 2017 809892.5 53.9928333333333
"231" 2017 808526.5 48.51159
"232" 2017 798003 49.210185
"233" 2017 776405 56.9363666666667
"234" 2017 753497 61.5355883333333
"235" 2017 732648.5 70.8226883333333
"236" 2017 716036.5 78.764015
"237" 2017 700637 89.9150816666667
"238" 2017 705524.5 116.4115425
"239" 2017 725215 154.712533333333
"240" 2017 748165.5 206.992455
"241" 2017 768758 246.00256
"242" 2017 793918 269.93212
"243" 2017 815198 293.47128
"244" 2017 822059 302.791731666667
"245" 2017 843098 310.541096666667
"246" 2017 865622 327.493656666667
"247" 2017 884515.5 362.651355
"248" 2017 910831.5 388.62144
"249" 2017 913727 403.562758333333
"250" 2017 902168.5 437.5517225
"251" 2017 902680 467.889133333333
"252" 2017 896911 491.806198333333
"253" 2017 889016.5 526.001429166667
"254" 2017 892499 560.786871666667
"255" 2017 882164 596.930973333333
"256" 2017 874647.5 639.950420833333
"257" 2017 876896.5 692.748235
"258" 2017 879663 757.976285
"259" 2017 883403.5 859.846073333333
"260" 2017 865083.5 886.7105875
"261" 2017 818703 869.189685
"262" 2017 784016.5 914.685916666667
"263" 2017 785151.5 994.525233333333
"264" 2017 799675.5 1106.217775
"265" 2017 814699.5 1231.5540775
"266" 2017 840029 1376.24751166667
"267" 2017 877160.5 1568.65536083333
"268" 2017 910248 1778.01776
"269" 2017 914073.5 1930.21854083333
"270" 2017 914497.5 2075.909325
"271" 2017 925856 2265.26101333333
"272" 2017 932364 2475.42642
"273" 2017 938172.5 2687.8642125
"274" 2017 941238.5 2916.27061916667
"275" 2017 940074.5 3117.91375833333
"276" 2017 925378 3283.54960333333
"277" 2017 905185 3463.84126666667
"278" 2017 879612.5 3698.7705625
"279" 2017 846712.5 3924.5124375
"280" 2017 820022 4145.21121
"281" 2017 801485 4424.1972
"282" 2017 777667 4686.73978666667
"283" 2017 748904 4935.27736
"284" 2017 720924.5 5254.33806416667
"285" 2017 707369.5 5693.14552583333
"286" 2017 702392.5 6133.05717916667
"287" 2017 686858 6530.87481666667
"288" 2017 677661.5 7053.32677916667
"289" 2017 685079 7757.37787666667
"290" 2017 698292 8614.59564
"291" 2017 723673 9791.29569
"292" 2017 770352 11402.49352
"293" 2017 706383.5 11356.2920683333
"294" 2017 603943.5 10680.7407975
"295" 2017 590538 11732.0216
"296" 2017 566309.5 12620.2072075
"297" 2017 514389.5 12802.2973391667
"298" 2017 458580.5 12704.2084516667
"299" 2017 438796.5 13509.8129075
"300" 2017 439362.5 15160.2030625
"301" 2017 425720 16453.3684666667
"302" 2017 403271 17378.963745
"303" 2017 377244.5 18170.6100833333
"304" 2017 351610.5 18923.67711
"305" 2017 322528 19550.03472
"306" 2017 294993 20220.78684
"307" 2017 274557.5 21146.41865
"308" 2017 253991 22100.1802283333
"309" 2017 232119.12 22731.0385564
"310" 2017 200651.39 22020.8212145333
"311" 2017 174323.35 21383.0831888333
"312" 2017 146611.02 20084.9766849
"313" 2017 127044.28 19501.0852395333
"314" 2017 104566.63 17853.5321284833
"315" 2017 84911.56 15949.0798340667
"316" 2017 68257.6 14109.7560213333
"317" 2017 53733.01 12220.8566843667
"318" 2017 42762.94 10624.7375292667
"319" 2017 34366.52 9287.95297273333
"320" 2017 17995.98 5267.3333661
"321" 2017 10628.02 3353.86655803333
"322" 2017 7201.55 2438.99694883333
"323" 2017 5193.04 1878.85918213333
"324" 2017 3301.09 1270.00084661667
"325" 2017 2154.39 877.3106958
"326" 2017 1255.96 538.928249466667
"327" 2017 675.41 304.04594265
"328" 2017 338.93 159.39030575
"329" 2017 158.11 77.3637500333333
"330" 2017 73.02 37.0322147
"331" 2017 33.45 17.519772
"332" 2017 12.97 9.93339875
"333" 2017 5.92 5.92
"334" 2018 754232 2908.82141333333
"335" 2018 779949.5 139.090994166667
"336" 2018 793497 89.92966
"337" 2018 798129.5 73.1618708333333
"338" 2018 811576.5 68.9840025
"339" 2018 833885.5 72.2700766666667
"340" 2018 840543.5 64.4416683333333
"341" 2018 825991 55.0660666666667
"342" 2018 813555 48.8133
"343" 2018 812010 50.07395
"344" 2018 801684 58.79016
"345" 2018 780126.5 63.7103308333333
"346" 2018 757599.5 73.2346183333333
"347" 2018 736503 81.01533
"348" 2018 720227 92.4291316666667
"349" 2018 705258.5 116.3676525
"350" 2018 710193 151.50784
"351" 2018 731683.5 202.432435
"352" 2018 756420.5 242.05456
"353" 2018 783187 266.28358
"354" 2018 808327 290.99772
"355" 2018 826137 304.293795
"356" 2018 834526 307.383743333333
"357" 2018 854539 323.300588333333
"358" 2018 872375.5 357.673955
"359" 2018 890482 379.938986666667
"360" 2018 915591.5 404.386245833333
"361" 2018 917433.5 444.9552475
"362" 2018 905174.5 469.182115833333
"363" 2018 905900 496.735166666667
"364" 2018 898753.5 531.7624875
"365" 2018 890699.5 559.656185833333
"366" 2018 894479 605.264123333333
"367" 2018 883480.5 646.4132325
"368" 2018 875408 691.57232
"369" 2018 877715 756.297758333333
"370" 2018 880884 857.39376
"371" 2018 883770.5 905.8647625
"372" 2018 865549 918.924521666666
"373" 2018 819299.5 955.849416666667
"374" 2018 784546 993.758266666667
"375" 2018 785415 1086.49075
"376" 2018 800759.5 1210.48144416667
"377" 2018 815084.5 1335.38010583333
"378" 2018 840574.5 1503.2273975
"379" 2018 877319.5 1713.69742333333
"380" 2018 910245 1922.134025
"381" 2018 913912 2074.58024
"382" 2018 914185.5 2236.70719
"383" 2018 925503.5 2457.2117925
"384" 2018 931762 2669.49813
"385" 2018 937138.5 2903.5674525
"386" 2018 939930.5 3117.43615833333
"387" 2018 938644.5 3330.6235675
"388" 2018 923700 3534.692
"389" 2018 902973.5 3797.0035675
"390" 2018 877104.5 4065.3793575
"391" 2018 844108 4266.96594
"392" 2018 816775 4508.598
"393" 2018 798105.5 4809.91581333333
"394" 2018 774083 5101.20697
"395" 2018 744893 5429.02848166667
"396" 2018 716707.5 5768.3008625
"397" 2018 702648.5 6135.29248583333
"398" 2018 697554.5 6632.58070416667
"399" 2018 680752.5 7085.4989375
"400" 2018 671155 7599.71178333333
"401" 2018 677863 8362.56987666667
"402" 2018 690549.5 9343.134735
"403" 2018 714696.5 10578.6993608333
"404" 2018 759560 12211.1929333333
"405" 2018 695541.5 12300.6514275
"406" 2018 593297 11786.8337333333
"407" 2018 578983 12902.636155
"408" 2018 553948 13786.8424733333
"409" 2018 501662.5 13897.7234583333
"410" 2018 445958 13730.3035566667
"411" 2018 425141 14669.490205
"412" 2018 424156 16392.9224733333
"413" 2018 409336.5 17640.3564675
"414" 2018 385852.5 18585.22875
"415" 2018 358985 19320.5727
"416" 2018 332370 20146.60755
"417" 2018 302824 20757.5757866667
"418" 2018 274260.5 21123.54371
"419" 2018 252941 22008.8179783333
"420" 2018 231422 22662.7707566667
"421" 2018 209158.26 22954.4218408
"422" 2018 178410.86 21884.4707904667
"423" 2018 152748.54 20925.7862373
"424" 2018 126175.25 19367.6905829167
"425" 2018 107204.86 18303.9791216333
"426" 2018 86347.56 16218.8061074
"427" 2018 68695.54 14200.2840585333
"428" 2018 53941.24 12268.2158214667
"429" 2018 41104.51 10212.6895395667
"430" 2018 31776.26 8587.90498803333
"431" 2018 24863.16 7277.3226162
"432" 2018 12644.38 3990.16592263333
"433" 2018 7161.12 2425.3042512
"434" 2018 4643.2 1679.92523733333
"435" 2018 3284.63 1263.66832798333
"436" 2018 1979.69 806.1693618
"437" 2018 1235.7 530.234751
"438" 2018 708.31 318.85637115
"439" 2018 346.87 163.12428925
"440" 2018 152.61 74.6725817
"441" 2018 65.94 33.4415809
"442" 2018 29.44 15.4194944
"443" 2018 12.58 9.6347075
"444" 2018 4.8 4.8
"445" 2019 734072 2831.07101333333
"446" 2019 761584 135.815813333333
"447" 2019 786811.5 89.17197
"448" 2019 799758.5 73.3111958333333
"449" 2019 803419.5 68.2906575
"450" 2019 816178 70.7354266666667
"451" 2019 837915 64.24015
"452" 2019 844033.5 56.2689
"453" 2019 829252 49.75512
"454" 2019 816809.5 50.3699191666667
"455" 2019 815381 59.7946066666667
"456" 2019 805199.5 65.7579591666667
"457" 2019 783886.5 75.775695
"458" 2019 761386.5 83.752515
"459" 2019 740526.5 95.0342341666667
"460" 2019 724794 119.59101
"461" 2019 709819.5 151.42816
"462" 2019 716652.5 198.273858333333
"463" 2019 740031.5 236.81008
"464" 2019 771811.5 262.41591
"465" 2019 798650 287.514
"466" 2019 819991 302.030018333333
"467" 2019 840110.5 309.440700833333
"468" 2019 847501 320.637878333333
"469" 2019 862575 353.65575
"470" 2019 878958 375.02208
"471" 2019 895300.5 395.4243875
"472" 2019 919175.5 445.8001175
"473" 2019 919794.5 476.760149166667
"474" 2019 907483.5 497.6034525
"475" 2019 907290.5 536.813545833333
"476" 2019 900203 565.627551666667
"477" 2019 892703.5 604.062701666667
"478" 2019 895838.5 655.455169166667
"479" 2019 884209 698.52511
"480" 2019 875717.5 754.576579166667
"481" 2019 878437.5 855.0125
"482" 2019 880840 902.861
"483" 2019 883303 937.773351666666
"484" 2019 865652.5 1009.92791666667
"485" 2019 819553.5 1038.1011
"486" 2019 784489.5 1085.210475
"487" 2019 786208 1188.48442666667
"488" 2019 801016 1312.33121333333
"489" 2019 815198.5 1457.84665083333
"490" 2019 840460.5 1641.69951
"491" 2019 877025.5 1851.98551416667
"492" 2019 909847 2065.35269
"493" 2019 913505.5 2235.04345666667
"494" 2019 913922.5 2426.4642375
"495" 2019 925054 2650.27971
"496" 2019 930980 2884.48636666667
"497" 2019 936035 3104.51608333333
"498" 2019 938563 3330.33437833333
"499" 2019 936993 3585.55988
"500" 2019 921550.5 3875.1198525
"501" 2019 900447 4173.571845
"502" 2019 874274 4419.45507
"503" 2019 840589 4640.05128
"504" 2019 813003.5 4899.70109333333
"505" 2019 794176 5233.61984
"506" 2019 769815 5610.668325
"507" 2019 740312 5958.27774666667
"508" 2019 712017.5 6217.09947083333
"509" 2019 697826.5 6635.16697083333
"510" 2019 691512 7197.4874
"511" 2019 674410.5 7636.574895
"512" 2019 664249 8194.61849666667
"513" 2019 670279 9068.87487
"514" 2019 681866.5 10092.7606441667
"515" 2019 704722.5 11329.588725
"516" 2019 748026 13228.83981
"517" 2019 683653 13581.9062666667
"518" 2019 582098.5 12972.0650725
"519" 2019 566731.5 14105.0024825
"520" 2019 540705 14979.33085
"521" 2019 488189.5 15030.5410558333
"522" 2019 432559 14925.448295
"523" 2019 410769 15875.537235
"524" 2019 408211 17591.853045
"525" 2019 392012 18881.9113333333
"526" 2019 367648.5 19786.84227
"527" 2019 339910 20603.64465
"528" 2019 312563.5 21425.1860466667
"529" 2019 282261.5 21739.78073
"530" 2019 253491 22056.674395
"531" 2019 231127.5 22633.9308625
"532" 2019 208982 22935.0778933333
"533" 2019 186045.6 22820.973448
"534" 2019 156263.59 21407.33051205
"535" 2019 131388.99 20167.99098335
"536" 2019 106644.8 18208.3554106667
"537" 2019 88752.48 16670.5262392
"538" 2019 69906.15 14450.533287
"539" 2019 54308.85 12351.8238145
"540" 2019 41406.42 10287.7010918
"541" 2019 30791.93 8321.87832168333
"542" 2019 23106.86 6763.2623877
"543" 2019 17551.36 5538.65342293333
"544" 2019 8670.62 2936.53667953333
"545" 2019 4662.12 1686.7705564
"546" 2019 2907.67 1118.64364851667
"547" 2019 1982.78 807.4276716
"548" 2019 1147.88 492.551481733333
"549" 2019 700.2 315.205533
"550" 2019 365.89 172.06891975
"551" 2019 170.8 83.5730093333333
"552" 2019 73.36 37.2046462666667
"553" 2019 30.56 16.0061056
"554" 2019 13.84 10.59971
"555" 2019 7.89 7.89
"556" 2020 712389 2747.44691
"557" 2020 741386.5 132.213925833333
"558" 2020 768331.5 87.07757
"559" 2020 792827.5 72.6758541666667
"560" 2020 804862 68.41327
"561" 2020 807948.5 70.0222033333334
"562" 2020 820111 62.8751766666667
"563" 2020 841379.5 56.0919666666667
"564" 2020 846840 50.8104
"565" 2020 832353.5 51.3284658333333
"566" 2020 819927 60.12798
"567" 2020 818778 66.86687
"568" 2020 808568.5 78.1616216666667
"569" 2020 787274.5 86.600195
"570" 2020 764942 98.1675566666667
"571" 2020 744783.5 122.8892775
"572" 2020 728874.5 155.493226666667
"573" 2020 715705 198.011716666667
"574" 2020 725159.5 232.05104
"575" 2020 755801.5 256.97251
"576" 2020 788088.5 283.71186
"577" 2020 810763 298.631038333333
"578" 2020 834731 307.459251666667
"579" 2020 853506.5 322.909959166667
"580" 2020 856030 350.9723
"581" 2020 869072 370.804053333333
"582" 2020 883552.5 390.2356875
"583" 2020 899168.5 436.0967225
"584" 2020 921791.5 477.795260833333
"585" 2020 921855 505.483825
"586" 2020 908814 537.71495
"587" 2020 908960 571.129866666667
"588" 2020 901689 610.14289
"589" 2020 893871.5 654.015980833333
"590" 2020 896219 708.01301
"591" 2020 883538.5 761.315674166667
"592" 2020 875768 852.414186666667
"593" 2020 877827 899.772675
"594" 2020 879795 934.049025
"595" 2020 882955 1030.11416666667
"596" 2020 865236 1095.9656
"597" 2020 818827.5 1132.711375
"598" 2020 784691 1186.19122833333
"599" 2020 786097.5 1287.8897375
"600" 2020 800689 1431.89882833333
"601" 2020 814926 1591.82212
"602" 2020 839966 1773.72820333333
"603" 2020 876159.5 1988.882065
"604" 2020 909112 2224.29402666667
"605" 2020 912881 2423.699055
"606" 2020 913217 2616.366705
"607" 2020 924160.5 2863.3572825
"608" 2020 929823 3083.91295
"609" 2020 934524.5 3316.00443416667
"610" 2020 936791 3584.78689333333
"611" 2020 934760.5 3930.6679025
"612" 2020 918923.5 4259.2104225
"613" 2020 897387 4536.291285
"614" 2020 870673 4806.11496
"615" 2020 836635.5 5042.12328
"616" 2020 808714.5 5329.428555
"617" 2020 789630.5 5755.09029416667
"618" 2020 764993 6156.91866166667
"619" 2020 735444 6421.65186
"620" 2020 706719.5 6719.72457916667
"621" 2020 691786 7200.33928333333
"622" 2020 684822.5 7754.47344166667
"623" 2020 667227.5 8231.36325833333
"624" 2020 656469 8882.02557
"625" 2020 661485 9791.080475
"626" 2020 672174.5 10806.3253783333
"627" 2020 693785.5 12269.5965675
"628" 2020 735219 14606.3508
"629" 2020 670627 14944.922695
"630" 2020 569580.5 14175.9093441667
"631" 2020 553056 15321.49472
"632" 2020 525998 16194.6017566667
"633" 2020 473217 16328.352585
"634" 2020 417563.5 16138.1333358333
"635" 2020 394693 17009.294835
"636" 2020 390247.5 18796.92125
"637" 2020 372950 20072.169
"638" 2020 347524 21065.16726
"639" 2020 319151.5 21876.7714866667
"640" 2020 290902.5 22405.31055
"641" 2020 260269.5 22646.4829775
"642" 2020 231244.5 22645.3884775
"643" 2020 208252.5 22855.0177
"644" 2020 185676 22775.63708
"645" 2020 164036.07 22472.12140965
"646" 2020 135465.27 20793.69316955
"647" 2020 111998.94 19122.5123507
"648" 2020 89229.32 16760.0918911333
"649" 2020 72832.68 15055.4860584
"650" 2020 56054.14 12748.7667544667
"651" 2020 42286.55 10506.3752578333
"652" 2020 31418.73 8491.27833435
"653" 2020 22734.54 6654.2861853
"654" 2020 16543.27 5220.53214178333
"655" 2020 12117.7 4103.98224366667
"656" 2020 5752.69 2081.34241763333
"657" 2020 3049.74 1173.3010557
"658" 2020 1813.9 738.656358
"659" 2020 1187.43 509.5222549
"660" 2020 671 302.060715
"661" 2020 366.15 172.19119125
"662" 2020 178.68 87.4287196
"663" 2020 82.03 41.6016512166667
"664" 2020 35.25 18.46254
"665" 2020 14.55 11.14348125
"666" 2020 8.8 8.8
"667" 2021 679460.09 2620.45108043333
"668" 2021 711800.3 126.937720166667
"669" 2021 741272.67 84.0109026
"670" 2021 768247.91 70.4227250833333
"671" 2021 792759.45 67.38455325
"672" 2021 804812.58 69.7504236
"673" 2021 807905.41 61.9394147666667
"674" 2021 820064.7 54.67098
"675" 2021 841324.71 50.4794826
"676" 2021 846784.28 52.2183639333333
"677" 2021 832303.11 61.0355614
"678" 2021 819881.35 66.9569769166667
"679" 2021 818720.09 79.1429420333333
"680" 2021 808496.25 88.9345875
"681" 2021 787193.56 101.023173533333
"682" 2021 764848.15 126.19994475
"683" 2021 744678.43 158.864731733333
"684" 2021 728736 201.61696
"685" 2021 715522.11 228.9670752
"686" 2021 724934.23 246.4776382
"687" 2021 755534.76 271.9925136
"688" 2021 787820.69 290.180620816667
"689" 2021 810488.9 298.530078166667
"690" 2021 834422.68 315.689913933333
"691" 2021 853192.77 349.8090357
"692" 2021 855696.32 365.097096533333
"693" 2021 868696.04 383.674084333333
"694" 2021 883148.76 428.3271486
"695" 2021 898744.52 465.849242866667
"696" 2021 921341.69 505.202360016667
"697" 2021 921364.93 545.140916916667
"698" 2021 908293.75 570.711239583333
"699" 2021 908358.87 614.6561687
"700" 2021 901031.58 659.2547727
"701" 2021 893179.38 705.6117102
"702" 2021 895472.12 771.598476733333
"703" 2021 882718.94 859.179768266667
"704" 2021 874869.37 896.74110425
"705" 2021 876875.09 930.949053883333
"706" 2021 878756.16 1025.21552
"707" 2021 881810 1116.95933333333
"708" 2021 864019.27 1195.22665683333
"709" 2021 817620.43 1235.96955001667
"710" 2021 783433.21 1283.52474238333
"711" 2021 784693.64 1403.29379286667
"712" 2021 799136.54 1560.98004146667
"713" 2021 813167.51 1717.13872528333
"714" 2021 838031.43 1902.3313461
"715" 2021 873961.28 2138.29193173333
"716" 2021 906543.03 2406.87174465
"717" 2021 910134.21 2607.53451165
"718" 2021 910238.41 2820.22200698333
"719" 2021 920936.03 3054.43783283333
"720" 2021 926386.97 3287.12976521667
"721" 2021 930799.46 3561.85926693333
"722" 2021 932751.48 3922.2199734
"723" 2021 930346.22 4312.1547297
"724" 2021 914273.24 4621.6512282
"725" 2021 892364.23 4925.8505496
"726" 2021 865349.46 5215.1727456
"727" 2021 831003.5 5476.313065
"728" 2021 802789.08 5850.9944114
"729" 2021 783246.92 6303.83229446667
"730" 2021 758213.56 6620.46806806667
"731" 2021 728441.92 6926.26858933333
"732" 2021 699562.39 7281.27854258333
"733" 2021 683876.72 7743.76405946667
"734" 2021 676218.37 8342.28062456667
"735" 2021 658223.15 8905.7592195
"736" 2021 646737.62 9572.79467203333
"737" 2021 650776.28 10462.3133281333
"738" 2021 660283.12 11677.1069772
"739" 2021 680471.65 13518.7034466667
"740" 2021 719130.85 16025.83099225
"741" 2021 654681.7 16293.9363768333
"742" 2021 554976.93 15374.7108841
"743" 2021 535781.59 16495.8221867833
"744" 2021 508459.6 17544.398498
"745" 2021 455196.76 17592.5961127333
"746" 2021 399943.26 17235.5547897
"747" 2021 375583.4 18090.6004333333
"748" 2021 369194.56 19870.0512192
"749" 2021 350486.75 21244.75435125
"750" 2021 324365.82 22234.1957416
"751" 2021 295193.21 22735.7810342
"752" 2021 266287.11 23170.08525295
"753" 2021 235436.05 23055.8599830833
"754" 2021 206615.3 22675.3404573333
"755" 2021 183019.09 22449.7316430333
"756" 2021 160820.17 22031.55918915
"757" 2021 139681.24 21440.8375379333
"758" 2021 113138.57 19317.0908775167
"759" 2021 91451.69 17177.5233521833
"760" 2021 71083.78 14693.9651097333
"761" 2021 56644.04 12882.9316441333
"762" 2021 42399.47 10534.4309846333
"763" 2021 31105.38 8406.5918411
"764" 2021 22436.12 6566.9401434
"765" 2021 15705.33 4956.10481255
"766" 2021 11044.47 3740.5042847
"767" 2021 7730.27 2796.83745356667
"768" 2021 3551.03 1366.15817998333
"769" 2021 1816.74 739.8128628
"770" 2021 1054.68 452.5596724
"771" 2021 669.47 301.37196255
"772" 2021 352.65 165.84247875
"773" 2021 182.32 89.2097837333333
"774" 2021 83.26 42.2254477666667
"775" 2021 35.76 18.7296576
"776" 2021 13.68 10.47717
"777" 2021 6.28 6.28
