"year" "population" "expected"
"1" 2015 426459 1117.32258
"2" 2015 426471 71.789285
"3" 2015 452560 49.7816
"4" 2015 472391 44.877145
"5" 2015 478812 39.10298
"6" 2015 489531 35.083055
"7" 2015 516354 33.56301
"8" 2015 498243 32.385795
"9" 2015 495018 32.17617
"10" 2015 485231 30.7312966666667
"11" 2015 480429 32.829315
"12" 2015 471933 32.248755
"13" 2015 453984 36.31872
"14" 2015 451133 46.6170766666667
"15" 2015 450530 50.3091833333333
"16" 2015 440338 58.7117333333333
"17" 2015 427395 69.095525
"18" 2015 430209 79.588665
"19" 2015 427490 86.2104833333333
"20" 2015 427864 90.5645466666667
"21" 2015 435372 99.40994
"22" 2015 454362 103.74599
"23" 2015 472175 113.322
"24" 2015 473647 125.516455
"25" 2015 483744 134.64208
"26" 2015 497427 141.766695
"27" 2015 511371 145.740735
"28" 2015 524168 154.62956
"29" 2015 542543 173.61376
"30" 2015 564831 191.101155
"31" 2015 591236 205.947206666667
"32" 2015 614535 220.208375
"33" 2015 654107 243.109768333333
"34" 2015 686418 276.85526
"35" 2015 723569 319.576308333333
"36" 2015 747765 346.46445
"37" 2015 784375 389.572916666667
"38" 2015 797240 443.796933333333
"39" 2015 812508 494.2757
"40" 2015 807903 533.21598
"41" 2015 802552 571.149506666667
"42" 2015 783091 605.590373333333
"43" 2015 780073 686.46424
"44" 2015 767033 732.516515
"45" 2015 756919 801.072608333333
"46" 2015 749697 919.62832
"47" 2015 743748 1059.8409
"48" 2015 747478 1222.12653
"49" 2015 727995 1332.23085
"50" 2015 722091 1485.10049
"51" 2015 730731 1696.513805
"52" 2015 695017 1795.46058333333
"53" 2015 671388 1901.14702
"54" 2015 654920 2080.46253333333
"55" 2015 656942 2319.00526
"56" 2015 637968 2474.25256
"57" 2015 622817 2645.93422166667
"58" 2015 606020 2776.58163333333
"59" 2015 565025 2818.53304166667
"60" 2015 546545 2983.22479166667
"61" 2015 520356 3105.65806
"62" 2015 519437 3378.937685
"63" 2015 516159 3641.501745
"64" 2015 481700 3653.6945
"65" 2015 470183 3834.342365
"66" 2015 487255 4318.70348333333
"67" 2015 508607 4889.40862666667
"68" 2015 463244 4749.79514666667
"69" 2015 440598 4873.01388
"70" 2015 457809 5540.251915
"71" 2015 433116 5746.72746
"72" 2015 422626 6142.86891
"73" 2015 362104 5757.4536
"74" 2015 330529 5832.184205
"75" 2015 400653 7796.70738
"76" 2015 263506 5673.28418
"77" 2015 294025 7078.651875
"78" 2015 323280 8755.5
"79" 2015 345894 10589.54481
"80" 2015 326362 11388.9459266667
"81" 2015 313631 12480.945645
"82" 2015 309081 13901.948245
"83" 2015 292233 14874.172645
"84" 2015 262717 15276.5556883333
"85" 2015 243915.97 16220.412005
"86" 2015 218206.25 16517.12209375
"87" 2015 195699.04 16953.7340002667
"88" 2015 170281.98 16815.9131316
"89" 2015 146663.92 16420.0036034667
"90" 2015 126483.96 16057.3495286
"91" 2015 104170.03 14869.4036989167
"92" 2015 87455.64 13874.108489
"93" 2015 69821.31 12327.99960015
"94" 2015 52433.26 10253.0618267
"95" 2015 38946.07 8386.45198345
"96" 2015 26329.01 6250.72638241667
"97" 2015 18903.06 4925.6963646
"98" 2015 13347.14 3798.95196773333
"99" 2015 9462.91 2927.1619503
"100" 2015 6352.21 2124.32724223333
"101" 2015 4293.51 1544.0320662
"102" 2015 2817.09 1083.52324125
"103" 2015 1711.45 700.251177166667
"104" 2015 944.97 409.1216116
"105" 2015 564.33 257.1952786
"106" 2015 293.26 139.996947566667
"107" 2015 142.37 70.8547016
"108" 2015 66.02 34.1016407
"109" 2015 31.1 16.603979
"110" 2015 14.54 11.2117213
"111" 2015 6.59 6.59
"112" 2016 419395 1098.8149
"113" 2016 429530 72.3042166666667
"114" 2016 427407 47.01477
"115" 2016 453586 43.09067
"116" 2016 472844 38.6155933333333
"117" 2016 478775 34.3122083333333
"118" 2016 489085 31.790525
"119" 2016 515810 33.52765
"120" 2016 498218 32.38417
"121" 2016 495316 31.3700133333333
"122" 2016 485583 33.181505
"123" 2016 480592 32.8404533333333
"124" 2016 472347 37.78776
"125" 2016 454806 46.99662
"126" 2016 452108 50.4853933333333
"127" 2016 451532 60.2042666666667
"128" 2016 441430 71.3645166666667
"129" 2016 428671 79.304135
"130" 2016 433196 87.3611933333333
"131" 2016 430800 91.186
"132" 2016 431467 98.5182983333333
"133" 2016 438876 100.21002
"134" 2016 457814 109.87536
"135" 2016 475743 126.071895
"136" 2016 476732 132.690406666667
"137" 2016 486560 138.6696
"138" 2016 499355 142.316175
"139" 2016 512283 151.123485
"140" 2016 524105 167.7136
"141" 2016 541862 183.329976666667
"142" 2016 563692 196.352713333333
"143" 2016 589302 211.16655
"144" 2016 612556 227.666646666667
"145" 2016 651483 262.76481
"146" 2016 683371 301.822191666667
"147" 2016 720139 333.664403333333
"148" 2016 744485 369.760883333333
"149" 2016 781077 434.79953
"150" 2016 793895 482.952791666667
"151" 2016 809423 534.21918
"152" 2016 804458 572.505943333333
"153" 2016 799101 617.97144
"154" 2016 779976 686.37888
"155" 2016 776896 741.93568
"156" 2016 764383 808.972008333333
"157" 2016 754164 925.10784
"158" 2016 747038 1064.52915
"159" 2016 741080 1211.6658
"160" 2016 744857 1363.08831
"161" 2016 725754 1492.63406
"162" 2016 719688 1670.87564
"163" 2016 728123 1880.98441666667
"164" 2016 692312 1960.39681333333
"165" 2016 668802 2124.56102
"166" 2016 652137 2302.04361
"167" 2016 654229 2537.31813833333
"168" 2016 635054 2697.92107666667
"169" 2016 619737 2839.428355
"170" 2016 602863 3007.28159833333
"171" 2016 561728 3066.09866666667
"172" 2016 543435 3243.401225
"173" 2016 517349 3365.355245
"174" 2016 516191 3641.727505
"175" 2016 512764 3889.31494
"176" 2016 478566 3902.70573
"177" 2016 466994 4139.12348666667
"178" 2016 483378 4646.87384
"179" 2016 503798 5165.60882666667
"180" 2016 458372 5069.59432
"181" 2016 435592 5271.38918666667
"182" 2016 451961 5996.76920166667
"183" 2016 426910 6205.13685
"184" 2016 416253 6618.4227
"185" 2016 356105 6283.472725
"186" 2016 324498 6314.73108
"187" 2016 392475 8449.98675
"188" 2016 257349 6195.677175
"189" 2016 286267 7753.06458333333
"190" 2016 313673 9603.098895
"191" 2016 334366 11668.2588466667
"192" 2016 314224 12504.54408
"193" 2016 300231 13503.889995
"194" 2016 293939 14961.0052016667
"195" 2016 276038 16051.1496366667
"196" 2016 246349 16382.2085
"197" 2016 226585.97 17151.42499915
"198" 2016 200651.25 17382.75220625
"199" 2016 177297.04 17508.6736901333
"200" 2016 152773.98 17104.0655542
"201" 2016 128553.92 16320.1344005333
"202" 2016 110018.96 15704.2897153333
"203" 2016 88176.03 13988.39235925
"204" 2016 72397.64 12782.8893066
"205" 2016 57005.31 11147.10334395
"206" 2016 41681.26 8975.4341221
"207" 2016 30439.07 7226.48887691667
"208" 2016 19612.01 5110.43219243333
"209" 2016 13832.06 3936.97313093333
"210" 2016 9373.14 2899.3933962
"211" 2016 6541.91 2187.76734856667
"212" 2016 4225.21 1519.4700202
"213" 2016 2746.51 1056.37640875
"214" 2016 1793.09 733.654727433333
"215" 2016 1002.45 434.007386
"216" 2016 545.97 248.8276474
"217" 2016 309.46 147.730530566667
"218" 2016 145.91 72.6164888
"219" 2016 65.75 33.96217625
"220" 2016 28.58 15.2585762
"221" 2016 16.35 12.60740325
"222" 2016 11.16 11.16
"223" 2017 409900 1073.938
"224" 2017 423504 71.28984
"225" 2017 432143 47.53573
"226" 2017 429741 40.825395
"227" 2017 455355 37.187325
"228" 2017 474004 33.9702866666667
"229" 2017 479377 31.159505
"230" 2017 489670 31.82855
"231" 2017 516402 33.56613
"232" 2017 499170 31.6141
"233" 2017 496477 33.9259283333333
"234" 2017 486947 33.2747116666667
"235" 2017 481873 38.54984
"236" 2017 474062 48.9864066666667
"237" 2017 456556 50.9820866666667
"238" 2017 454188 60.5584
"239" 2017 453736 73.3539866666667
"240" 2017 444011 82.142035
"241" 2017 432937 87.3089616666667
"242" 2017 438142 92.7400566666667
"243" 2017 436119 99.580505
"244" 2017 436451 99.6563116666667
"245" 2017 444002 106.56048
"246" 2017 463277 122.768405
"247" 2017 481100 133.906166666667
"248" 2017 481883 137.336655
"249" 2017 491431 140.057835
"250" 2017 503384 148.49828
"251" 2017 515551 164.97632
"252" 2017 526519 178.138928333333
"253" 2017 543363 189.271445
"254" 2017 564834 202.39885
"255" 2017 589999 219.282961666667
"256" 2017 612505 247.043683333333
"257" 2017 651081 287.560775
"258" 2017 682740 316.3362
"259" 2017 719426 357.314913333333
"260" 2017 743418 413.83602
"261" 2017 779647 474.285258333333
"262" 2017 792207 522.85662
"263" 2017 807676 574.796086666667
"264" 2017 802657 620.721413333333
"265" 2017 797398 701.71024
"266" 2017 778184 743.16572
"267" 2017 775196 820.415766666667
"268" 2017 762919 935.847306666667
"269" 2017 752551 1072.385175
"270" 2017 745362 1218.66687
"271" 2017 739230 1352.7909
"272" 2017 743032 1528.16914666667
"273" 2017 724119 1681.162945
"274" 2017 717936 1854.668
"275" 2017 726051 2055.934415
"276" 2017 690291 2192.82441
"277" 2017 666591 2353.06623
"278" 2017 649883 2520.46290166667
"279" 2017 652011 2769.960065
"280" 2017 632499 2897.899585
"281" 2017 617099 3078.29551166667
"282" 2017 600354 3276.93225
"283" 2017 559128 3337.06228
"284" 2017 540763 3517.663315
"285" 2017 514712 3631.29316
"286" 2017 513225 3892.811625
"287" 2017 509408 4154.22224
"288" 2017 475421 4213.81479666667
"289" 2017 463609 4456.82785333333
"290" 2017 479343 4914.86356
"291" 2017 498881 5517.62386
"292" 2017 453365 5486.47210833333
"293" 2017 430248 5708.67388
"294" 2017 446075 6483.700125
"295" 2017 420576 6687.1584
"296" 2017 409343 7222.857235
"297" 2017 349600 6803.216
"298" 2017 317834 6842.96602
"299" 2017 383547 9233.894025
"300" 2017 250841 6793.61041666667
"301" 2017 278137 8515.164255
"302" 2017 303754 10600.0020866667
"303" 2017 322462 12832.37529
"304" 2017 301758 13572.57191
"305" 2017 286509 14582.830585
"306" 2017 278705 16206.2312416667
"307" 2017 259777 17275.1705
"308" 2017 229572 17377.45254
"309" 2017 209499.97 18149.3315677167
"310" 2017 182715.25 18043.7399883333
"311" 2017 160379.04 17955.5027216
"312" 2017 135279.98 17174.0189276333
"313" 2017 112868.92 16111.0977556667
"314" 2017 93747.96 14872.332621
"315" 2017 74595.03 13170.87147195
"316" 2017 59614.64 11657.3447788
"317" 2017 45447.31 9786.39649885
"318" 2017 33397.26 7928.7878345
"319" 2017 22816.07 5945.33546703333
"320" 2017 14822.01 4218.7392996
"321" 2017 10005.06 3094.8652098
"322" 2017 6823.14 2281.8172226
"323" 2017 4328.91 1556.7626142
"324" 2017 2904.21 1117.03177125
"325" 2017 1801.51 737.099826566667
"326" 2017 1084.09 469.353151866667
"327" 2017 604.45 275.480102333333
"328" 2017 314.21 149.998093483333
"329" 2017 173.86 86.5266448
"330" 2017 77.98 40.2793993
"331" 2017 32.29 17.2393081
"332" 2017 12.06 9.2994057
"333" 2017 11.78 11.78
"334" 2018 392563 1028.51506
"335" 2018 415792 69.9916533333333
"336" 2018 428572 47.14292
"337" 2018 436248 41.44356
"338" 2018 433053 35.365995
"339" 2018 457965 32.820825
"340" 2018 475914 30.93441
"341" 2018 480747 31.248555
"342" 2018 491372 31.93918
"343" 2018 517976 32.8051466666667
"344" 2018 500924 34.2298066666667
"345" 2018 498220 34.0450333333333
"346" 2018 488788 39.10304
"347" 2018 484065 50.02005
"348" 2018 476367 53.194315
"349" 2018 459179 61.2238666666667
"350" 2018 457057 73.8908816666667
"351" 2018 457172 84.57682
"352" 2018 450058 90.7616966666667
"353" 2018 440381 93.2139783333333
"354" 2018 446031 101.843745
"355" 2018 444294 101.44713
"356" 2018 445250 106.86
"357" 2018 453268 120.11602
"358" 2018 472636 131.550353333333
"359" 2018 490287 139.731795
"360" 2018 490685 139.845225
"361" 2018 499610 147.38495
"362" 2018 510399 163.32768
"363" 2018 521363 176.394481666667
"364" 2018 531498 185.13847
"365" 2018 547399 196.151308333333
"366" 2018 567973 211.096631666667
"367" 2018 592465 238.960883333333
"368" 2018 614076 271.2169
"369" 2018 652184 302.178586666667
"370" 2018 683915 339.677783333333
"371" 2018 719483 400.512203333333
"372" 2018 743063 452.029991666667
"373" 2018 779063 514.18158
"374" 2018 791391 563.206595
"375" 2018 806704 623.851093333333
"376" 2018 801367 705.20296
"377" 2018 796217 760.387235
"378" 2018 776946 822.26785
"379" 2018 773828 949.229013333333
"380" 2018 761823 1085.597775
"381" 2018 751157 1228.141695
"382" 2018 743754 1361.06982
"383" 2018 737294 1516.36799333333
"384" 2018 741197 1720.81236833333
"385" 2018 722405 1866.21291666667
"386" 2018 716095 2027.74234166667
"387" 2018 724013 2299.94796333333
"388" 2018 688398 2430.04494
"389" 2018 664333 2576.50481833333
"390" 2018 647591 2751.18243166667
"391" 2018 649390 2975.28851666667
"392" 2018 629768 3141.49270666667
"393" 2018 614089 3351.90245833333
"394" 2018 597637 3566.89682833333
"395" 2018 556373 3619.206365
"396" 2018 538027 3795.780485
"397" 2018 511745 3881.585825
"398" 2018 510059 4159.531145
"399" 2018 506145 4486.13185
"400" 2018 472188 4539.30064
"401" 2018 459690 4713.3548
"402" 2018 474771 5250.96726
"403" 2018 493338 5970.21203
"404" 2018 447886 5942.70074333333
"405" 2018 424325 6167.563875
"406" 2018 439301 6984.8859
"407" 2018 413476 7295.78402
"408" 2018 401656 7816.22576
"409" 2018 342278 7369.24534
"410" 2018 310405 7473.000375
"411" 2018 373771 10122.9645833333
"412" 2018 243294 7448.44581
"413" 2018 268856 9382.17821333333
"414" 2018 292512 11640.51504
"415" 2018 309331 13913.1928283333
"416" 2018 287504 14633.4744266667
"417" 2018 271335 15777.678025
"418" 2018 261958 17420.207
"419" 2018 242001 18318.265695
"420" 2018 211525 18324.7632916667
"421" 2018 190970.97 18859.0198574
"422" 2018 164029.25 18364.1680658333
"423" 2018 142190.04 18051.2625614
"424" 2018 117814.98 16817.1066035
"425" 2018 96458.92 15302.4038336667
"426" 2018 78445.96 13850.8109274
"427" 2018 61268.03 11980.65692635
"428" 2018 47580.64 10245.7771144
"429" 2018 35837.31 8508.07603825
"430" 2018 25113.26 6543.92957993333
"431" 2018 16759.07 4770.07823053333
"432" 2018 10809.01 3343.5510633
"433" 2018 6894.06 2305.5345254
"434" 2018 4589.14 1650.3465268
"435" 2018 2872.91 1104.99300875
"436" 2018 1757.21 718.974186233333
"437" 2018 1137.51 492.4811628
"438" 2018 619.09 282.152331133333
"439" 2018 337.47 161.10199105
"440" 2018 163.73 81.4851464
"441" 2018 86.21 44.53048235
"442" 2018 40.18 21.4517002
"443" 2018 17.28 13.3245216
"444" 2018 9.77 9.77
"445" 2019 371989 974.61118
"446" 2019 398493 67.079655
"447" 2019 421914 46.41054
"448" 2019 433831 41.213945
"449" 2019 441277 36.0376216666667
"450" 2019 437303 31.3400483333333
"451" 2019 461788 30.01622
"452" 2019 479212 31.14878
"453" 2019 483939 31.456035
"454" 2019 494646 31.32758
"455" 2019 521132 35.6106866666667
"456" 2019 503823 34.427905
"457" 2019 501216 40.09728
"458" 2019 491959 50.8357633333333
"459" 2019 487597 54.4483316666667
"460" 2019 480166 64.0221333333333
"461" 2019 463711 74.9666116666667
"462" 2019 462400 85.544
"463" 2019 465905 93.9575083333333
"464" 2019 459980 97.3624333333333
"465" 2019 450576 102.88152
"466" 2019 456986 104.345136666667
"467" 2019 456131 109.47144
"468" 2019 458095 121.395175
"469" 2019 466534 129.851963333333
"470" 2019 486068 138.52938
"471" 2019 503479 143.491515
"472" 2019 502781 148.320395
"473" 2019 511490 163.6768
"474" 2019 521300 176.373166666667
"475" 2019 531766 185.231823333333
"476" 2019 540556 193.699233333333
"477" 2019 555248 206.367173333333
"478" 2019 575250 232.0175
"479" 2019 598839 264.487225
"480" 2019 619900 287.220333333333
"481" 2019 657414 326.51562
"482" 2019 688728 383.39192
"483" 2019 723779 440.298891666667
"484" 2019 746584 492.74544
"485" 2019 781887 556.442915
"486" 2019 793569 613.69336
"487" 2019 808541 711.51608
"488" 2019 802933 766.801015
"489" 2019 797650 844.179583333333
"490" 2019 778172 954.557653333333
"491" 2019 774965 1104.325125
"492" 2019 762816 1247.20416
"493" 2019 751902 1375.98066
"494" 2019 744286 1530.74820666667
"495" 2019 737469 1712.157195
"496" 2019 741303 1915.03275
"497" 2019 722249 2045.16841833333
"498" 2019 715721 2273.60704333333
"499" 2019 723344 2553.40432
"500" 2019 687546 2666.53257
"501" 2019 663432 2818.48028
"502" 2019 646446 2961.80009
"503" 2019 647948 3232.18060666667
"504" 2019 628144 3428.61933333333
"505" 2019 612131 3653.40185166667
"506" 2019 595753 3875.373265
"507" 2019 554330 3910.79815
"508" 2019 535791 4063.974735
"509" 2019 509374 4153.94497
"510" 2019 507451 4497.70736333333
"511" 2019 503356 4838.92901333333
"512" 2019 468912 4807.91104
"513" 2019 456140 5044.9084
"514" 2019 470396 5692.57559333333
"515" 2019 488072 6475.90198666667
"516" 2019 442495 6431.664825
"517" 2019 418536 6654.7224
"518" 2019 432599 7633.209355
"519" 2019 406284 7906.28664
"520" 2019 393951 8481.76503
"521" 2019 334869 8061.971175
"522" 2019 302698 8198.07083333333
"523" 2019 363371 11124.603165
"524" 2019 235563 8220.36349
"525" 2019 259060 10309.2927
"526" 2019 280703 12625.5531016667
"527" 2019 295327 15031.6520883333
"528" 2019 272487 15844.664905
"529" 2019 255491 16990.1515
"530" 2019 244281 18490.850295
"531" 2019 223607 19371.4470883333
"532" 2019 192935 19052.9743666667
"533" 2019 172423.97 19304.0129346333
"534" 2019 145887.25 18520.6295329167
"535" 2019 124099.04 17714.1038013333
"536" 2019 100707.98 15976.4817938333
"537" 2019 81350.92 14363.7251898
"538" 2019 64933.96 12697.5112082
"539" 2019 49114.03 10575.96965005
"540" 2019 37343.64 8865.691333
"541" 2019 27466.31 7157.07950543333
"542" 2019 18482.26 5260.54405626667
"543" 2019 12341.07 3817.4631831
"544" 2019 7440.01 2488.11294423333
"545" 2019 4810.06 1729.7937772
"546" 2019 2915.14 1121.2357225
"547" 2019 1794.91 734.399392566667
"548" 2019 1068.21 462.4779588
"549" 2019 657.51 299.6623742
"550" 2019 350.53 167.336595616667
"551" 2019 185.63 92.3843384
"552" 2019 92.37 47.71233795
"553" 2019 47.94 25.5946866
"554" 2019 17.66 13.6175377
"555" 2019 10.6 10.6
"556" 2020 359941 943.04542
"557" 2020 378390 63.69565
"558" 2020 405115 44.56265
"559" 2020 428395 40.697525
"560" 2020 440044 35.9369266666667
"561" 2020 447315 32.057575
"562" 2020 442844 28.78486
"563" 2020 466799 30.341935
"564" 2020 484245 31.475925
"565" 2020 489007 30.9704433333333
"566" 2020 499354 34.1225233333333
"567" 2020 525576 35.91436
"568" 2020 508033 40.64264
"569" 2020 505680 52.2536
"570" 2020 496417 55.4332316666667
"571" 2020 492663 65.6884
"572" 2020 485681 78.5184283333333
"573" 2020 470259 86.997915
"574" 2020 473087 95.4058783333333
"575" 2020 478304 101.241013333333
"576" 2020 472617 107.914215
"577" 2020 463583 105.851451666667
"578" 2020 471090 113.0616
"579" 2020 470962 124.80493
"580" 2020 473933 131.911351666667
"581" 2020 482656 137.55696
"582" 2020 501905 143.042925
"583" 2020 518448 152.94216
"584" 2020 516821 165.38272
"585" 2020 525148 177.675073333333
"586" 2020 533950 185.992583333333
"587" 2020 543688 194.821533333333
"588" 2020 551101 204.825871666667
"589" 2020 564847 227.821623333333
"590" 2020 584670 258.22925
"591" 2020 607641 281.54033
"592" 2020 627818 311.816273333333
"593" 2020 664689 370.01021
"594" 2020 695162 422.890216666667
"595" 2020 729756 481.63896
"596" 2020 752122 535.260156666667
"597" 2020 786642 608.33648
"598" 2020 797598 701.88624
"599" 2020 812289 775.735995
"600" 2020 806337 853.373325
"601" 2020 800583 982.04848
"602" 2020 781321 1113.382425
"603" 2020 777431 1271.099685
"604" 2020 765337 1400.56671
"605" 2020 753958 1550.64028666667
"606" 2020 746118 1732.23729
"607" 2020 738804 1908.577
"608" 2020 742462 2102.40489666667
"609" 2020 723146 2297.19379333333
"610" 2020 716393 2528.86729
"611" 2020 723621 2806.443445
"612" 2020 687884 2922.36052666667
"613" 2020 663196 3038.54300666667
"614" 2020 646241 3223.66552166667
"615" 2020 647337 3533.381125
"616" 2020 627393 3744.490555
"617" 2020 610731 3972.805155
"618" 2020 594015 4190.775825
"619" 2020 552616 4191.59236
"620" 2020 534091 4355.512105
"621" 2020 507327 4496.60831
"622" 2020 505265 4857.28086666667
"623" 2020 500621 5133.03398666667
"624" 2020 465797 5151.71482
"625" 2020 452750 5479.02958333333
"626" 2020 466131 6184.781485
"627" 2020 482895 7018.878825
"628" 2020 437003 6948.3477
"629" 2020 412702 7282.12679
"630" 2020 425594 8282.05924
"631" 2020 398924 8588.83372
"632" 2020 385942 9291.55365
"633" 2020 327414 8867.4625
"634" 2020 295013 9031.822995
"635" 2020 352887 12314.58001
"636" 2020 227824 9066.25608
"637" 2020 249140 11205.9019666667
"638" 2020 268468 13664.5737533333
"639" 2020 280943 16336.3672116667
"640" 2020 257303 17110.6495
"641" 2020 239262 18110.93709
"642" 2020 226520 19623.8051333333
"643" 2020 205061 20250.4572866667
"644" 2020 174884 19579.4296933333
"645" 2020 153925.97 19541.1584347833
"646" 2020 128350.25 18320.9286020833
"647" 2020 107108.04 16991.797979
"648" 2020 85667.98 15125.9668887
"649" 2020 67348.92 13169.7445614
"650" 2020 53063.96 11426.5278266
"651" 2020 39205.03 9307.60083058333
"652" 2020 29036.64 7566.2708624
"653" 2020 20776.31 5913.49186093333
"654" 2020 13590.26 4203.8751258
"655" 2020 8888.07 2972.3779963
"656" 2020 5210.01 1873.6237962
"657" 2020 3259.06 1253.5159525
"658" 2020 1917.14 784.410611933333
"659" 2020 1156.91 500.880328133333
"660" 2020 645.21 294.0566082
"661" 2020 375.51 179.26158965
"662" 2020 202.53 100.7951304
"663" 2020 95.63 49.39624205
"664" 2020 46.37 24.7564793
"665" 2020 22.94 17.6889193
"666" 2020 15.26 15.26
"667" 2021 340976 893.35712
"668" 2021 363342 61.16257
"669" 2021 382090 42.0299
"670" 2021 408307 38.789165
"671" 2021 431538 35.24227
"672" 2021 443189 31.7618783333333
"673" 2021 450111 29.257215
"674" 2021 445297 28.944305
"675" 2021 469298 30.50437
"676" 2021 486638 30.8204066666667
"677" 2021 491426 33.5807766666667
"678" 2021 501456 34.26616
"679" 2021 527751 42.22008
"680" 2021 510100 52.7103333333333
"681" 2021 507797 56.7039983333333
"682" 2021 498768 66.5024
"683" 2021 495257 80.0665483333333
"684" 2021 488788 90.42578
"685" 2021 475599 95.912465
"686" 2021 479899 101.578621666667
"687" 2021 484827 110.702165
"688" 2021 479235 109.425325
"689" 2021 470814 112.99536
"690" 2021 479128 126.96892
"691" 2021 478740 133.2493
"692" 2021 481786 137.30901
"693" 2021 490995 139.933575
"694" 2021 509794 150.38923
"695" 2021 525859 168.27488
"696" 2021 523424 177.091786666667
"697" 2021 531524 185.147526666667
"698" 2021 539727 193.402175
"699" 2021 549065 204.069158333333
"700" 2021 555941 224.229536666667
"701" 2021 569339 251.458058333333
"702" 2021 588701 272.764796666667
"703" 2021 611355 303.63965
"704" 2021 631354 351.453726666667
"705" 2021 667524 406.0771
"706" 2021 697491 460.34406
"707" 2021 731583 520.643235
"708" 2021 753756 582.90464
"709" 2021 787915 693.3652
"710" 2021 798493 762.560815
"711" 2021 813007 860.432408333333
"712" 2021 806858 989.745813333333
"713" 2021 800955 1141.360875
"714" 2021 781401 1277.590635
"715" 2021 777615 1423.03545
"716" 2021 765224 1573.81069333333
"717" 2021 753583 1749.56853166667
"718" 2021 745588 1926.10233333333
"719" 2021 738108 2090.07582
"720" 2021 741402 2355.18702
"721" 2021 721870 2548.2011
"722" 2021 715151 2773.59396166667
"723" 2021 722268 3068.43522
"724" 2021 686169 3143.797635
"725" 2021 661370 3299.13401666667
"726" 2021 644205 3516.285625
"727" 2021 644847 3848.661845
"728" 2021 624687 4063.588935
"729" 2021 607645 4286.935475
"730" 2021 590744 4480.79324
"731" 2021 549082 4477.76371
"732" 2021 530137 4698.78094333333
"733" 2021 503649 4841.74572
"734" 2021 500877 5135.65884
"735" 2021 495373 5478.82538
"736" 2021 460621 5574.28180166667
"737" 2021 446949 5930.268315
"738" 2021 459502 6678.86157
"739" 2021 475091 7553.9469
"740" 2021 429265 7574.380925
"741" 2021 404429 7870.18834
"742" 2021 416008 8956.65224
"743" 2021 388842 9361.37115
"744" 2021 374863 10152.5395833333
"745" 2021 317163 9709.945245
"746" 2021 284718 9935.70914
"747" 2021 338710 13478.96445
"748" 2021 217270 9772.44248333333
"749" 2021 236088 12016.48572
"750" 2021 252739 14696.3516183333
"751" 2021 262503 17456.4495
"752" 2021 237735 17995.350825
"753" 2021 218812 18956.0482466667
"754" 2021 204490 20194.0691333333
"755" 2021 182656 20449.5569066667
"756" 2021 153057 19430.841245
"757" 2021 132118.97 18858.8819760833
"758" 2021 108075.25 17145.2377854167
"759" 2021 88138.04 15562.0930326
"760" 2021 69363.98 13563.7794691
"761" 2021 52794.92 11368.5940982
"762" 2021 40850.96 9698.35832866667
"763" 2021 29105.03 7584.09170063333
"764" 2021 21052.64 5992.14274773333
"765" 2021 14613.31 4520.3351823
"766" 2021 9367.26 3132.6303134
"767" 2021 5937.07 2135.0891134
"768" 2021 3326.01 1279.26659625
"769" 2021 2012.06 823.247762733333
"770" 2021 1169.14 506.175265866667
"771" 2021 681.91 310.782755533333
"772" 2021 374.21 178.640993483333
"773" 2021 202.51 100.7851768
"774" 2021 106.53 55.02647355
"775" 2021 48.63 25.9630707
"776" 2021 21.37 16.47830015
"777" 2021 14.2 14.2
