"year" "population" "expected"
"1" 2015 110076.74 280.695687
"2" 2015 106739.71 18.1457507
"3" 2015 108679.1 13.041492
"4" 2015 109046.2 11.449851
"5" 2015 118833.2 11.289154
"6" 2015 120527.9 15.668627
"7" 2015 122104.5 12.8209725
"8" 2015 117560.9 9.404872
"9" 2015 108257.6 9.743184
"10" 2015 103086.1 7.7314575
"11" 2015 98467.3 9.84673
"12" 2015 95116.7 11.414004
"13" 2015 94501.2 10.867638
"14" 2015 92761.8 10.203798
"15" 2015 92306.5 11.5383125
"16" 2015 90734.5 14.9711925
"17" 2015 91918.5 23.4392175
"18" 2015 92583 33.792795
"19" 2015 92934.9 42.2853795
"20" 2015 98789.4 49.3947
"21" 2015 109797.3 53.800677
"22" 2015 123977.3 57.6494445
"23" 2015 125130.3 60.062544
"24" 2015 132535.2 70.243656
"25" 2015 134281.8 69.155127
"26" 2015 133274.5 61.9726425
"27" 2015 138477.1 67.1613935
"28" 2015 137394.3 74.192922
"29" 2015 139951.1 81.171638
"30" 2015 143127.6 79.435818
"31" 2015 143918.4 82.75308
"32" 2015 144549.9 94.6801845
"33" 2015 147835.7 102.7458115
"34" 2015 149004.5 108.0282625
"35" 2015 157748.8 126.987784
"36" 2015 174060.6 142.729692
"37" 2015 179669.5 149.125685
"38" 2015 182434.7 176.0494855
"39" 2015 187202.5 196.562625
"40" 2015 190554.7 219.137905
"41" 2015 192436.9 226.1133575
"42" 2015 180255.8 228.023587
"43" 2015 163250.8 239.978676
"44" 2015 153925.2 237.044808
"45" 2015 147893.2 250.678974
"46" 2015 142135.7 273.6112225
"47" 2015 135199.7 295.4113445
"48" 2015 135363.8 325.549939
"49" 2015 136827.8 365.330226
"50" 2015 141998.6 441.615646
"51" 2015 148286.6 513.071636
"52" 2015 142913 538.067445
"53" 2015 128376.7 525.7025865
"54" 2015 125165.5 534.456685
"55" 2015 122446.2 590.190684
"56" 2015 120869.3 642.4203295
"57" 2015 130258.6 726.842988
"58" 2015 139696.5 913.61511
"59" 2015 143804.6 1065.592086
"60" 2015 144973.8 1197.483588
"61" 2015 144929.5 1292.77114
"62" 2015 145306.9 1421.8280165
"63" 2015 147116.8 1666.09776
"64" 2015 146804.1 1840.923414
"65" 2015 143090.9 1908.1171515
"66" 2015 138002.7 1977.578691
"67" 2015 141129 2191.027725
"68" 2015 144540.3 2470.9164285
"69" 2015 137702.2 2578.473695
"70" 2015 109233.7 2222.905795
"71" 2015 112325.2 2481.263668
"72" 2015 107069.9 2592.162279
"73" 2015 92729.6 2507.872032
"74" 2015 86649 2524.08537
"75" 2015 82844.8 2640.678
"76" 2015 71059.2 2478.1896
"77" 2015 66130 2503.35115
"78" 2015 59941.3 2530.122273
"79" 2015 56804.1 2674.6210485
"80" 2015 54411 2789.65197
"81" 2015 52521.8 3039.173957
"82" 2015 49663.1 3245.483585
"83" 2015 48705.5 3530.4181675
"84" 2015 43974.06 3580.5878355
"85" 2015 40700.74 3766.6499833
"86" 2015 35017.05 3668.91141375
"87" 2015 30590.94 3618.4493379
"88" 2015 25699.77 3431.9472858
"89" 2015 22002.21 3283.49980935
"90" 2015 18193.21 3021.3463847
"91" 2015 14608.2 2662.563573
"92" 2015 11749.31 2364.9011168
"93" 2015 8667.2 1929.75208
"94" 2015 6245.2 1533.477634
"95" 2015 3942.56 1056.9411976
"96" 2015 2276.21 659.45218015
"97" 2015 885.92 277.73592
"98" 2015 664.48 224.328448
"99" 2015 441.49 159.7134224
"100" 2015 360.07 138.88440005
"101" 2015 301.86 123.5271492
"102" 2015 156.63 67.67120835
"103" 2015 87.61 39.77274975
"104" 2015 39.04 18.537168
"105" 2015 20.66 10.2155436
"106" 2015 10.16 5.2099464
"107" 2015 3.44 1.8223228
"108" 2015 1.39 0.75797395
"109" 2015 0.67 0.3748516
"110" 2015 0 0
"111" 2015 0 0
"112" 2016 110604.23 282.0407865
"113" 2016 110120.2 18.720434
"114" 2016 106904.18 12.8285016
"115" 2016 108825.95 11.42672475
"116" 2016 109168.6 10.371017
"117" 2016 118648.6 15.424318
"118" 2016 120279.2 12.629316
"119" 2016 121840 9.7472
"120" 2016 117296.2 10.556658
"121" 2016 108084.8 8.10636
"122" 2016 103132.8 10.31328
"123" 2016 98564.4 11.827728
"124" 2016 95368.6 10.967389
"125" 2016 94853.6 10.433896
"126" 2016 93157.4 11.644675
"127" 2016 92804 15.31266
"128" 2016 91167 23.247585
"129" 2016 92462 33.74863
"130" 2016 93171 42.392805
"131" 2016 93573.2 46.7866
"132" 2016 99482.2 48.746278
"133" 2016 110476.4 51.371526
"134" 2016 124554.4 59.786112
"135" 2016 125699.4 66.620682
"136" 2016 133082.6 68.537539
"137" 2016 134690.4 62.631036
"138" 2016 133546 64.76981
"139" 2016 138637.8 74.864412
"140" 2016 137480.4 79.738632
"141" 2016 139954.8 77.674914
"142" 2016 143036.8 82.24616
"143" 2016 143800.2 94.189131
"144" 2016 144385.2 100.347714
"145" 2016 147586.6 107.000285
"146" 2016 148760 119.7518
"147" 2016 157442.4 129.102768
"148" 2016 173729.8 144.195734
"149" 2016 179341 173.064065
"150" 2016 182084.6 191.18883
"151" 2016 186887 214.92005
"152" 2016 190227.6 223.51743
"153" 2016 192100.2 243.006753
"154" 2016 179970.4 264.556488
"155" 2016 162932.4 250.915896
"156" 2016 153645.6 260.429292
"157" 2016 147587.6 284.10613
"158" 2016 141790.6 309.812461
"159" 2016 134843.6 324.298858
"160" 2016 134991.4 360.427038
"161" 2016 136411.4 424.239454
"162" 2016 141474.8 489.502808
"163" 2016 147734.8 556.221522
"164" 2016 142333 582.853635
"165" 2016 127696.6 545.264482
"166" 2016 124480 599.9936
"167" 2016 121701.6 646.844004
"168" 2016 120066.4 669.970512
"169" 2016 129408.8 846.333552
"170" 2016 138616 1027.14456
"171" 2016 142658.8 1178.361688
"172" 2016 143673.4 1281.566728
"173" 2016 143475 1403.902875
"174" 2016 143740.2 1627.857765
"175" 2016 145351.4 1822.706556
"176" 2016 144849.8 1931.572083
"177" 2016 140971.2 2020.117296
"178" 2016 135823.6 2108.66139
"179" 2016 138810 2372.95695
"180" 2016 141804.4 2655.28739
"181" 2016 134953.6 2746.30576
"182" 2016 106756.6 2358.253294
"183" 2016 109585.6 2653.067376
"184" 2016 104241.2 2819.203254
"185" 2016 90098.8 2624.578044
"186" 2016 83957 2676.129375
"187" 2016 80083.4 2792.908575
"188" 2016 68487.6 2592.598098
"189" 2016 63428 2677.29588
"190" 2016 57280.4 2697.047634
"191" 2016 54025.8 2769.902766
"192" 2016 51371 2972.582915
"193" 2016 49112.4 3209.49534
"194" 2016 46011.8 3335.165323
"195" 2016 44811 3648.735675
"196" 2016 39973.06 3699.3068377
"197" 2016 36509.74 3825.3080085
"198" 2016 31048.05 3672.51859425
"199" 2016 26656.94 3559.7677676
"200" 2016 22083.77 3295.67141595
"201" 2016 18450.21 3064.0263747
"202" 2016 14925.21 2720.34340065
"203" 2016 11715.2 2358.035456
"204" 2016 9192.31 2046.6678215
"205" 2016 6580.2 1615.735209
"206" 2016 4624.2 1239.678657
"207" 2016 2815.56 815.7099654
"208" 2016 1576.21 494.141835
"209" 2016 563.92 190.379392
"210" 2016 424.48 153.5598848
"211" 2016 282.49 108.96063035
"212" 2016 234.07 95.7861254
"213" 2016 172.86 74.6832987
"214" 2016 80.54 36.5631465
"215" 2016 46.93 22.28353725
"216" 2016 17.36 8.5838256
"217" 2016 8.52 4.3689708
"218" 2016 3.48 1.8435126
"219" 2016 0.78 0.4253379
"220" 2016 0 0
"221" 2016 0 0
"222" 2016 0 0
"223" 2017 112493.64 286.858782
"224" 2017 110696.69 18.8184373
"225" 2017 110194.66 13.2233592
"226" 2017 107064.65 11.24178825
"227" 2017 108976.79 10.35279505
"228" 2017 109292 14.20796
"229" 2017 118472 12.43956
"230" 2017 120027.5 9.6022
"231" 2017 121570.5 10.941345
"232" 2017 117036.5 8.7777375
"233" 2017 107922 10.7922
"234" 2017 103180.5 12.38166
"235" 2017 98656.5 11.3454975
"236" 2017 95619.5 10.518145
"237" 2017 95203 11.900375
"238" 2017 93555 15.436575
"239" 2017 93297.5 23.7908625
"240" 2017 91593.5 33.4316275
"241" 2017 92989.5 42.3102225
"242" 2017 93754 46.877
"243" 2017 94213.5 46.164615
"244" 2017 100185 46.586025
"245" 2017 111156.5 53.35512
"246" 2017 125130.5 66.319165
"247" 2017 126260.5 65.0241575
"248" 2017 133622 62.13423
"249" 2017 135108 65.52738
"250" 2017 133819.5 72.26253
"251" 2017 138795.5 80.50139
"252" 2017 137580.5 76.3571775
"253" 2017 139929.5 80.4594625
"254" 2017 142942 93.62701
"255" 2017 143665 99.847175
"256" 2017 144223.5 104.5620375
"257" 2017 147332.5 118.6026625
"258" 2017 148509.5 121.77779
"259" 2017 157133 130.42039
"260" 2017 173380 167.3117
"261" 2017 179012.5 187.963125
"262" 2017 181759.5 209.023425
"263" 2017 186557.5 219.2050625
"264" 2017 189885.5 240.2051575
"265" 2017 191785.5 281.924685
"266" 2017 179615 276.6071
"267" 2017 162587 275.584965
"268" 2017 153350 295.19875
"269" 2017 147243 321.725955
"270" 2017 141437.5 340.1571875
"271" 2017 134442.5 358.961475
"272" 2017 134585 418.55935
"273" 2017 135966 470.44236
"274" 2017 140978 530.78217
"275" 2017 147140 602.5383
"276" 2017 141663 604.90101
"277" 2017 127044.5 612.35449
"278" 2017 123771.5 657.8455225
"279" 2017 120917 674.71686
"280" 2017 119224.5 779.72823
"281" 2017 128414 951.54774
"282" 2017 137443.5 1135.28331
"283" 2017 141370 1261.0204
"284" 2017 142312 1392.52292
"285" 2017 141946.5 1607.5441125
"286" 2017 142124.5 1782.24123
"287" 2017 143504 1913.62584
"288" 2017 142827.5 2046.718075
"289" 2017 138877.5 2156.0731875
"290" 2017 133640.5 2284.5843475
"291" 2017 136339 2552.947775
"292" 2017 138990.5 2828.456675
"293" 2017 132110 2918.3099
"294" 2017 104221.5 2523.202515
"295" 2017 106810 2888.67645
"296" 2017 101418.5 2954.320905
"297" 2017 87350 2784.28125
"298" 2017 81316 2835.8955
"299" 2017 77238 2923.84449
"300" 2017 65758 2775.64518
"301" 2017 60653 2855.846505
"302" 2017 54559.5 2797.265565
"303" 2017 51119.5 2958.0298675
"304" 2017 48298 3156.2743
"305" 2017 45913 3328.003805
"306" 2017 42577.5 3466.8729375
"307" 2017 40994.5 3793.8360025
"308" 2017 36134.06 3785.9461365
"309" 2017 32519.74 3846.5974459
"310" 2017 27268.05 3641.375397
"311" 2017 23050.94 3440.0070309
"312" 2017 18798.77 3121.9117339
"313" 2017 15356.21 2798.89961565
"314" 2017 12165.21 2448.6134688
"315" 2017 9355.2 2082.93528
"316" 2017 7165.31 1759.40604395
"317" 2017 5035.2 1349.861592
"318" 2017 3395.2 983.640368
"319" 2017 2035.56 638.14806
"320" 2017 1098.21 370.755696
"321" 2017 373.92 135.2692992
"322" 2017 271.48 104.7139082
"323" 2017 177.49 72.6324578
"324" 2017 145.07 62.67676815
"325" 2017 103.74 47.0953665
"326" 2017 45.95 21.81820875
"327" 2017 29.89 14.7794094
"328" 2017 9.01 4.6202379
"329" 2017 4.23 2.24082135
"330" 2017 1.63 0.88884715
"331" 2017 0 0
"332" 2017 0 0
"333" 2017 0 0
"334" 2018 114152.56 291.089028
"335" 2018 112655.91 19.1515047
"336" 2018 110824.16 13.2988992
"337" 2018 110277.14 11.5790997
"338" 2018 107236.11 10.18743045
"339" 2018 109130.64 14.1869832
"340" 2018 109412.4 11.488302
"341" 2018 118285.4 9.462832
"342" 2018 119777.8 10.780002
"343" 2018 121304 9.0978
"344" 2018 116780.8 11.67808
"345" 2018 107759.2 12.931104
"346" 2018 103221.2 11.870438
"347" 2018 98753.6 10.862896
"348" 2018 95869.4 11.983675
"349" 2018 95552.4 15.766146
"350" 2018 93947.6 23.956638
"351" 2018 93787 34.232255
"352" 2018 92011 41.865005
"353" 2018 93515 46.7575
"354" 2018 94335 46.22415
"355" 2018 94836.8 44.099112
"356" 2018 100879.8 48.422304
"357" 2018 111838.6 59.274458
"358" 2018 125717.6 64.744564
"359" 2018 126811.6 58.967394
"360" 2018 134169.4 65.072159
"361" 2018 135533.6 73.188144
"362" 2018 134090 77.7722
"363" 2018 138953.2 77.119026
"364" 2018 137659.6 79.15427
"365" 2018 139904.2 91.637251
"366" 2018 142831.2 99.267684
"367" 2018 143516.8 104.04968
"368" 2018 144027.8 115.942379
"369" 2018 147081.4 120.606748
"370" 2018 148259 123.05497
"371" 2018 156839.6 151.350214
"372" 2018 173057.2 181.71006
"373" 2018 178664 205.4636
"374" 2018 181378.4 213.11962
"375" 2018 186200 235.543
"376" 2018 189537.4 278.619978
"377" 2018 191440.8 294.818832
"378" 2018 179248.6 303.826377
"379" 2018 162259.6 312.34973
"380" 2018 153028.4 334.367054
"381" 2018 146876.4 353.237742
"382" 2018 141059.4 376.628598
"383" 2018 134028.4 416.828324
"384" 2018 134141.6 464.129936
"385" 2018 135470.6 510.046809
"386" 2018 140401.2 574.942914
"387" 2018 146470.2 625.427754
"388" 2018 140960 679.4272
"389" 2018 126319.4 671.387611
"390" 2018 122982 686.23956
"391" 2018 120090.4 785.391216
"392" 2018 118338.6 876.889026
"393" 2018 127383.2 1052.185232
"394" 2018 136094 1213.95848
"395" 2018 140016.2 1370.058517
"396" 2018 140728.6 1593.751395
"397" 2018 140248 1758.70992
"398" 2018 140334.8 1871.364558
"399" 2018 141516.6 2027.932878
"400" 2018 140685.2 2184.13773
"401" 2018 136675.8 2336.472801
"402" 2018 131278.4 2458.18804
"403" 2018 133679 2720.36765
"404" 2018 136069.6 3005.777464
"405" 2018 129004.4 3123.196524
"406" 2018 101563.4 2746.782153
"407" 2018 103801.4 3023.734782
"408" 2018 98337.8 3134.517375
"409" 2018 84478.2 2946.177225
"410" 2018 78431 2969.005505
"411" 2018 74195.6 3131.796276
"412" 2018 62960.4 2964.490434
"413" 2018 57778 2962.27806
"414" 2018 51672.6 2990.034999
"415" 2018 48048.2 3139.94987
"416" 2018 44991 3261.172635
"417" 2018 42388.6 3451.491755
"418" 2018 39026.2 3611.679679
"419" 2018 37020 3878.7705
"420" 2018 32140.06 3801.6869971
"421" 2018 28565.74 3814.6689196
"422" 2018 23479.05 3503.89602675
"423" 2018 19553.94 3247.3228158
"424" 2018 15612.77 2845.66152405
"425" 2018 12333.21 2482.4285088
"426" 2018 9567.21 2130.1393065
"427" 2018 7140.2 1753.240409
"428" 2018 5405.31 1449.08253135
"429" 2018 3657.2 1059.545698
"430" 2018 2400.2 752.4627
"431" 2018 1379.56 465.739456
"432" 2018 711.21 257.2873296
"433" 2018 251.92 97.1693228
"434" 2018 170.48 69.7638256
"435" 2018 106.49 46.00847205
"436" 2018 75.96 34.483941
"437" 2018 57.81 27.44963325
"438" 2018 24.68 12.2032728
"439" 2018 20.16 10.3378464
"440" 2018 4.8 2.542776
"441" 2018 2.35 1.28146675
"442" 2018 0.75 0.41961
"443" 2018 0 0
"444" 2018 0 0
"445" 2019 113738.72 290.033736
"446" 2019 114124.67 19.4011939
"447" 2019 112850.18 13.5420216
"448" 2019 110961.61 11.65096905
"449" 2019 110356.6 10.483877
"450" 2019 107404.58 13.9625954
"451" 2019 109289.47 11.47539435
"452" 2019 109534.8 8.762784
"453" 2019 118099.8 10.628982
"454" 2019 119524.1 8.9643075
"455" 2019 121039.5 12.10395
"456" 2019 116521.1 13.982532
"457" 2019 107592.4 12.373126
"458" 2019 103264.9 11.359139
"459" 2019 98852.7 12.3565875
"460" 2019 96116.3 15.8591895
"461" 2019 95896.8 24.453684
"462" 2019 94333.2 34.431618
"463" 2019 94265.5 42.8908025
"464" 2019 92417.5 46.20875
"465" 2019 94028.5 46.073965
"466" 2019 94919 44.137335
"467" 2019 95461.1 45.821328
"468" 2019 101575.6 53.835068
"469" 2019 112506.7 57.9409505
"470" 2019 126285.7 58.7228505
"471" 2019 127368.7 61.7738195
"472" 2019 134703.8 72.740052
"473" 2019 135932.2 78.840676
"474" 2019 134379.5 74.5806225
"475" 2019 139128.9 79.9991175
"476" 2019 137737.7 90.2181935
"477" 2019 139874.9 97.2130555
"478" 2019 142719.4 103.471565
"479" 2019 143366.6 115.410113
"480" 2019 143833.1 117.943142
"481" 2019 146810.3 121.852549
"482" 2019 147972.5 142.7934625
"483" 2019 156514.2 164.33991
"484" 2019 172664.4 198.56406
"485" 2019 178308.5 209.5124875
"486" 2019 180978.3 228.9375495
"487" 2019 185814.5 273.147315
"488" 2019 189181.3 291.339202
"489" 2019 191053.1 323.8350045
"490" 2019 178859.2 344.30396
"491" 2019 161857.2 353.657982
"492" 2019 152640.8 367.101124
"493" 2019 146491.8 391.133106
"494" 2019 140678.3 437.509513
"495" 2019 133538.3 462.042518
"496" 2019 133655.2 503.211828
"497" 2019 134936.2 552.563739
"498" 2019 139802.4 596.956248
"499" 2019 145730.4 702.420528
"500" 2019 140197 745.147055
"501" 2019 125556.3 700.604154
"502" 2019 122128.5 798.72039
"503" 2019 119133.8 882.781458
"504" 2019 117412.7 969.828902
"505" 2019 126232.4 1125.993008
"506" 2019 134724.5 1318.2792325
"507" 2019 138528.4 1568.83413
"508" 2019 139053.2 1743.727128
"509" 2019 138468.5 1846.4774475
"510" 2019 138331.1 1982.284663
"511" 2019 139392.2 2164.063905
"512" 2019 138450.9 2366.8181355
"513" 2019 134185.1 2512.6159975
"514" 2019 128734.3 2619.743005
"515" 2019 130933 2892.30997
"516" 2019 132945.7 3218.615397
"517" 2019 125638.8 3397.901346
"518" 2019 98692.3 2874.906699
"519" 2019 100723.8 3210.571125
"520" 2019 95003.1 3313.2331125
"521" 2019 81552.4 3087.166102
"522" 2019 75363 3181.07223
"523" 2019 71057.2 3345.728262
"524" 2019 60016.8 3077.061336
"525" 2019 54643 3161.917195
"526" 2019 48603.7 3176.251795
"527" 2019 44873.9 3252.6846415
"528" 2019 41676 3393.4683
"529" 2019 38768.2 3587.803069
"530" 2019 35371.9 3706.0908225
"531" 2019 32950.5 3897.5498925
"532" 2019 28227.06 3769.4415924
"533" 2019 24668.74 3681.4394139
"534" 2019 19927.05 3309.2851935
"535" 2019 16133.94 2940.6525741
"536" 2019 12754.77 2567.2801056
"537" 2019 9862.21 2195.8210565
"538" 2019 7378.21 1811.68257445
"539" 2019 5314.2 1424.657307
"540" 2019 3968.31 1149.67893165
"541" 2019 2570.2 805.7577
"542" 2019 1619.2 546.64192
"543" 2019 917.56 331.9365056
"544" 2019 434.21 167.48131015
"545" 2019 155.92 63.8055824
"546" 2019 102.48 44.2759716
"547" 2019 63.49 28.82287275
"548" 2019 45.96 21.822957
"549" 2019 23.81 11.7730926
"550" 2019 11.68 5.9893872
"551" 2019 5.16 2.7334842
"552" 2019 1.98 1.0797039
"553" 2019 0.92 0.5147216
"554" 2019 0 0
"555" 2019 0 0
"556" 2020 111786 285.0543
"557" 2020 113571.15 19.3070955
"558" 2020 114141.77 13.6970124
"559" 2020 113051.45 11.87040225
"560" 2020 111100.08 10.5545076
"561" 2020 110440.06 14.3572078
"562" 2020 107571.06 11.2949613
"563" 2020 109440.31 8.7552248
"564" 2020 109658.2 9.869238
"565" 2020 117922.2 8.844165
"566" 2020 119273.4 11.92734
"567" 2020 120765 14.4918
"568" 2020 116260.4 13.369946
"569" 2020 107420.6 11.816266
"570" 2020 103310.6 12.913825
"571" 2020 98937.8 16.324737
"572" 2020 96359.2 24.571596
"573" 2020 96238.2 35.126943
"574" 2020 94717.8 43.096599
"575" 2020 94721 47.3605
"576" 2020 92817 45.48033
"577" 2020 94549 43.965285
"578" 2020 95496 45.83808
"579" 2020 96087.4 50.926322
"580" 2020 102263.4 52.665651
"581" 2020 113184.8 52.630932
"582" 2020 126861.8 61.527973
"583" 2020 127928.8 69.081552
"584" 2020 135243.2 78.441056
"585" 2020 136331.8 75.664149
"586" 2020 134649 77.423175
"587" 2020 139289.6 91.234688
"588" 2020 137797.8 95.769471
"589" 2020 139849.6 101.39096
"590" 2020 142608.6 114.799923
"591" 2020 143213.4 117.434988
"592" 2020 143632.4 119.214892
"593" 2020 146524.2 141.395853
"594" 2020 147686 155.0703
"595" 2020 156192.8 179.62172
"596" 2020 172265.6 202.41208
"597" 2020 177916 225.06374
"598" 2020 180580.2 265.452894
"599" 2020 185420 285.5468
"600" 2020 188802.2 320.019729
"601" 2020 190618.4 366.94042
"602" 2020 178436.8 389.884408
"603" 2020 161400.8 388.168924
"604" 2020 152291.2 406.617504
"605" 2020 146051.2 454.219232
"606" 2020 140190.2 485.058092
"607" 2020 133032.2 500.866233
"608" 2020 133129.8 545.166531
"609" 2020 134358.8 573.712076
"610" 2020 139174.6 670.821572
"611" 2020 144948.6 770.401809
"612" 2020 139377 777.72366
"613" 2020 124754.2 815.892468
"614" 2020 121248 898.44768
"615" 2020 118119.2 975.664592
"616" 2020 116357.8 1037.911576
"617" 2020 125026.6 1223.385281
"618" 2020 133307 1509.701775
"619" 2020 136929.6 1717.097184
"620" 2020 137197.8 1829.532663
"621" 2020 136579 1957.17707
"622" 2020 136356.4 2116.93311
"623" 2020 137163.8 2344.815161
"624" 2020 136086.6 2548.221585
"625" 2020 131665.4 2679.39089
"626" 2020 126101.2 2785.575508
"627" 2020 127993 3098.71053
"628" 2020 129813.8 3510.814221
"629" 2020 122142.2 3558.002286
"630" 2020 95735.2 3051.5595
"631" 2020 97568.2 3402.690975
"632" 2020 91658.4 3469.728732
"633" 2020 78422.6 3310.217946
"634" 2020 72183 3398.736555
"635" 2020 67719.8 3471.994146
"636" 2020 56935.2 3294.555348
"637" 2020 51474 3363.8259
"638" 2020 45400.8 3290.876988
"639" 2020 41621.6 3389.03878
"640" 2020 38305 3544.936225
"641" 2020 35136.8 3681.45822
"642" 2020 31668.6 3745.920351
"643" 2020 29037 3877.60098
"644" 2020 24510.06 3657.7588041
"645" 2020 21012.74 3489.5857318
"646" 2020 16531.05 3013.03182825
"647" 2020 13219.94 2660.9095232
"648" 2020 10209.77 2273.2052905
"649" 2020 7648.21 1877.97972445
"650" 2020 5585.21 1497.31102285
"651" 2020 3889.2 1126.759578
"652" 2020 2818.31 883.540185
"653" 2020 1770.2 597.61952
"654" 2020 1069.2 386.793792
"655" 2020 614.56 237.0450104
"656" 2020 268.21 109.7568962
"657" 2020 94.92 41.0097114
"658" 2020 64.48 29.272308
"659" 2020 36.49 17.32636425
"660" 2020 26.96 13.3306416
"661" 2020 11.81 6.0560499
"662" 2020 2.68 1.4197166
"663" 2020 1.06 0.5780233
"664" 2020 0 0
"665" 2020 0 0
"666" 2020 0 0
"667" 2021 109350 278.8425
"668" 2021 111327 18.92559
"669" 2021 113446.57 13.6135884
"670" 2021 114166.89 11.98752345
"671" 2021 113253.73 10.75910435
"672" 2021 111237.53 14.4608789
"673" 2021 110523.54 11.6049717
"674" 2021 107747.53 8.6198024
"675" 2021 109594.16 9.8634744
"676" 2021 109781.6 8.23362
"677" 2021 117742.6 11.77426
"678" 2021 119022.7 14.282724
"679" 2021 120499.5 13.8574425
"680" 2021 116000.7 12.760077
"681" 2021 107248.8 13.4061
"682" 2021 103347.3 17.0523045
"683" 2021 99027.9 25.2521145
"684" 2021 96604.1 35.2604965
"685" 2021 96568.6 43.938713
"686" 2021 95103.4 47.5517
"687" 2021 95186.5 46.641385
"688" 2021 93231.5 43.3526475
"689" 2021 95059.5 45.62856
"690" 2021 96075 50.91975
"691" 2021 96724.7 49.8132205
"692" 2021 102966.2 47.879283
"693" 2021 113855.9 55.2201115
"694" 2021 127438.9 68.817006
"695" 2021 128481.9 74.519502
"696" 2021 135779.6 75.357678
"697" 2021 136728.4 78.61883
"698" 2021 134903.5 88.3617925
"699" 2021 139430.3 96.9040585
"700" 2021 137854.9 99.9448025
"701" 2021 139821.3 112.5561465
"702" 2021 142486.8 116.839176
"703" 2021 143026.2 118.711746
"704" 2021 143419.7 138.4000105
"705" 2021 146232.1 153.543705
"706" 2021 147362.5 169.466875
"707" 2021 155848.4 183.12187
"708" 2021 171859.8 217.402647
"709" 2021 177453.5 260.856645
"710" 2021 180130.1 277.400354
"711" 2021 184985.5 313.5504225
"712" 2021 188371.1 362.6143675
"713" 2021 190164.7 415.5098695
"714" 2021 177971.4 428.021217
"715" 2021 160925.4 429.670818
"716" 2021 151821.6 472.165176
"717" 2021 145514.6 503.480516
"718" 2021 139637.1 525.7336815
"719" 2021 132469.1 542.4609645
"720" 2021 132536.4 565.930428
"721" 2021 133717.4 644.517868
"722" 2021 138412.8 735.664032
"723" 2021 144032.8 803.703024
"724" 2021 138406 905.17524
"725" 2021 123780.1 917.210541
"726" 2021 120222.5 993.03785
"727" 2021 117010.6 1043.734552
"728" 2021 115177.9 1127.0157515
"729" 2021 123631.8 1400.130135
"730" 2021 131580.5 1650.01947
"731" 2021 135128.8 1801.942548
"732" 2021 135147.4 1936.662242
"733" 2021 134487.5 2087.9184375
"734" 2021 134003.7 2290.7932515
"735" 2021 134469.4 2517.939515
"736" 2021 133264.3 2711.928505
"737" 2021 128627.7 2841.385893
"738" 2021 122910.1 2975.653521
"739" 2021 124433 3365.290485
"740" 2021 125960.9 3669.241017
"741" 2021 118063.6 3763.27725
"742" 2021 92218.1 3216.1062375
"743" 2021 93602.6 3543.326423
"744" 2021 87537.7 3694.966317
"745" 2021 74588.8 3512.013648
"746" 2021 68215 3497.38305
"747" 2021 63582.4 3679.195576
"748" 2021 53092.6 3469.60141
"749" 2021 47443 3438.905855
"750" 2021 41498.9 3379.0479325
"751" 2021 37662.3 3485.4575535
"752" 2021 34148 3577.8567
"753" 2021 30872.4 3651.741834
"754" 2021 27475.3 3669.051562
"755" 2021 24696.5 3685.5821775
"756" 2021 20322.06 3374.8845042
"757" 2021 17040.74 3105.9304761
"758" 2021 13111.05 2638.992144
"759" 2021 10129.94 2255.431141
"760" 2021 7639.77 1875.90732465
"761" 2021 5586.21 1497.57910785
"762" 2021 3911.21 1133.13620515
"763" 2021 2661.2 834.2862
"764" 2021 1847.31 623.651856
"765" 2021 1121.2 405.605312
"766" 2021 657.2 253.491898
"767" 2021 365.56 149.5944632
"768" 2021 171.21 73.97042445
"769" 2021 45.92 20.846532
"770" 2021 33.48 15.897141
"771" 2021 22.49 11.1204054
"772" 2021 10.96 5.6201784
"773" 2021 4.81 2.54807345
"774" 2021 0.74 0.4035257
"775" 2021 0 0
"776" 2021 0 0
"777" 2021 0 0
