"year" "population" "expected"
"1" 2015 67216 391.421173333333
"2" 2015 64915 27.91345
"3" 2015 67320 22.1034
"4" 2015 68885 15.84355
"5" 2015 69320 12.8242
"6" 2015 72927 10.69596
"7" 2015 70279 11.0103766666667
"8" 2015 67800 10.735
"9" 2015 66949 8.368625
"10" 2015 65375 8.71666666666667
"11" 2015 64941 9.09174
"12" 2015 62662 10.2347933333333
"13" 2015 61956 11.8749
"14" 2015 61890 16.0914
"15" 2015 65761 20.714715
"16" 2015 66539 23.8431416666667
"17" 2015 59554 25.1119366666667
"18" 2015 57911 28.8589816666667
"19" 2015 64822 38.1369433333333
"20" 2015 64487 36.75759
"21" 2015 70969 39.1512316666667
"22" 2015 75739 42.5400716666667
"23" 2015 79546 43.7503
"24" 2015 85994 53.74625
"25" 2015 92712 62.5806
"26" 2015 96886 62.9759
"27" 2015 98691 65.13606
"28" 2015 96545 69.995125
"29" 2015 98546 73.5810133333333
"30" 2015 95953 71.3250633333333
"31" 2015 97189 77.7512
"32" 2015 96953 87.0961116666667
"33" 2015 96700 101.212666666667
"34" 2015 98143 109.265873333333
"35" 2015 99283 116.822996666667
"36" 2015 105098 136.277073333333
"37" 2015 105106 151.002286666667
"38" 2015 108860 171.9988
"39" 2015 111095 193.3053
"40" 2015 111505 223.753366666667
"41" 2015 114864 250.02064
"42" 2015 107732 257.47948
"43" 2015 101025 258.118875
"44" 2015 103476 279.21274
"45" 2015 106281 333.899475
"46" 2015 108669 382.15265
"47" 2015 105934 414.908166666667
"48" 2015 93037 414.324773333333
"49" 2015 91679 466.187715
"50" 2015 93092 523.021886666667
"51" 2015 96589 583.236578333333
"52" 2015 97353 654.86118
"53" 2015 98009 725.919993333333
"54" 2015 100701 799.56594
"55" 2015 100325 882.86
"56" 2015 98158 954.09576
"57" 2015 99305 1040.38538333333
"58" 2015 99799 1139.53824833333
"59" 2015 103307 1289.96007333333
"60" 2015 103145 1381.79918333333
"61" 2015 100451 1469.76554833333
"62" 2015 101268 1616.9124
"63" 2015 99528 1683.84788
"64" 2015 96266 1745.62346666667
"65" 2015 108854 2123.92296333333
"66" 2015 104509 2192.42463833333
"67" 2015 99685 2258.8621
"68" 2015 94135 2280.420375
"69" 2015 96239 2470.77592666667
"70" 2015 84539 2315.66410833333
"71" 2015 75973 2248.8008
"72" 2015 74217 2404.012325
"73" 2015 71135 2506.20460833333
"74" 2015 66454 2531.34361666667
"75" 2015 64512 2690.688
"76" 2015 58834 2691.26327333333
"77" 2015 57262 2884.19150333333
"78" 2015 55594 3084.91106
"79" 2015 55293 3391.304
"80" 2015 50755 3495.58144166667
"81" 2015 52057 4051.59631
"82" 2015 45803 3981.96014333333
"83" 2015 42714 4107.94776
"84" 2015 33834.21 3622.1777419
"85" 2015 31865.14 3806.7689501
"86" 2015 25785.31 3471.7341384
"87" 2015 22483.57 3382.80299696667
"88" 2015 18162.4 3000.12577333333
"89" 2015 15961.51 2904.96821748333
"90" 2015 12146 2470.13202
"91" 2015 9645.51 2159.06703425
"92" 2015 6740.67 1629.79289595
"93" 2015 5066.64 1330.9894392
"94" 2015 3507.04 981.386693333333
"95" 2015 2311.32 695.3644742
"96" 2015 1511.8 494.771825333333
"97" 2015 593.36 207.586007066667
"98" 2015 299.31 111.4381015
"99" 2015 208.92 82.411976
"100" 2015 254.19 105.77057725
"101" 2015 151.56 66.2410662
"102" 2015 38.89 17.7794709333333
"103" 2015 35.44 16.8807217333333
"104" 2015 17.62 8.71126926666667
"105" 2015 7.61 3.89127203333333
"106" 2015 2.83 1.49168356666667
"107" 2015 1.04 0.5633368
"108" 2015 0.25 0.138764583333333
"109" 2015 0 0
"110" 2015 0 0
"111" 2015 0 0
"112" 2016 65537 381.643796666667
"113" 2016 67241 28.91363
"114" 2016 65022 21.34889
"115" 2016 67425 15.50775
"116" 2016 68946 12.75501
"117" 2016 69332 10.1686933333333
"118" 2016 72946 11.4282066666667
"119" 2016 70291 11.1294083333333
"120" 2016 67828 8.4785
"121" 2016 66945 8.926
"122" 2016 65352 9.14928
"123" 2016 64917 10.60311
"124" 2016 62662 12.0102166666667
"125" 2016 61908 16.09608
"126" 2016 61854 19.48401
"127" 2016 65724 23.5511
"128" 2016 66493 28.0378816666667
"129" 2016 59477 29.6393716666667
"130" 2016 57347 33.7391516666667
"131" 2016 64010 36.4857
"132" 2016 64165 35.3976916666667
"133" 2016 70674 39.69523
"134" 2016 75347 41.44085
"135" 2016 79176 49.485
"136" 2016 85577 57.764475
"137" 2016 92233 59.95145
"138" 2016 96417 63.63522
"139" 2016 98310 71.27475
"140" 2016 96220 71.8442666666667
"141" 2016 98228 73.0161466666667
"142" 2016 95801 76.6408
"143" 2016 96969 87.110485
"144" 2016 96777 101.29326
"145" 2016 96467 107.399926666667
"146" 2016 97932 115.23332
"147" 2016 99105 128.50615
"148" 2016 104876 150.671853333333
"149" 2016 104917 165.76886
"150" 2016 108672 189.08928
"151" 2016 110885 222.509233333333
"152" 2016 111250 242.154166666667
"153" 2016 114615 273.92985
"154" 2016 107420 274.4581
"155" 2016 100670 271.641216666667
"156" 2016 103061 323.783308333333
"157" 2016 105880 372.344666666667
"158" 2016 108261 424.02225
"159" 2016 105524 469.933546666667
"160" 2016 92610 470.92185
"161" 2016 91157 512.150411666667
"162" 2016 92582 559.040976666667
"163" 2016 95997 645.73982
"164" 2016 96664 715.958026666667
"165" 2016 97391 773.28454
"166" 2016 99909 879.1992
"167" 2016 99442 966.57624
"168" 2016 97295 1019.32728333333
"169" 2016 98402 1123.58683666667
"170" 2016 98636 1231.63485333333
"171" 2016 102095 1367.73268333333
"172" 2016 101789 1489.34271833333
"173" 2016 99046 1581.43446666667
"174" 2016 99745 1687.51915833333
"175" 2016 97927 1775.74293333333
"176" 2016 94625 1846.29145833333
"177" 2016 106904 2242.66774666667
"178" 2016 102626 2325.50516
"179" 2016 97438 2360.43555
"180" 2016 91885 2358.99423333333
"181" 2016 93767 2568.43440833333
"182" 2016 82245 2434.452
"183" 2016 73684 2386.74756666667
"184" 2016 71677 2525.30017166667
"185" 2016 68508 2609.5839
"186" 2016 63778 2660.07408333333
"187" 2016 61801 2826.98374333333
"188" 2016 56058 2823.54803
"189" 2016 54220 3008.6678
"190" 2016 52468 3218.03733333333
"191" 2016 51690 3559.97645
"192" 2016 47043 3661.35669
"193" 2016 47671 4144.35783666667
"194" 2016 41592 4000.04128
"195" 2016 38290 4099.19976666667
"196" 2016 29913.21 3573.58163265
"197" 2016 27700.14 3729.5468496
"198" 2016 22167.31 3335.21957156667
"199" 2016 18988.57 3136.59528783333
"200" 2016 15027.4 2734.96175433333
"201" 2016 12921.51 2627.8474887
"202" 2016 9639 2157.609825
"203" 2016 7443.51 1799.72906535
"204" 2016 5002.67 1314.18473343333
"205" 2016 3656.64 1023.24976
"206" 2016 2434.04 732.284990733333
"207" 2016 1568.32 513.269314133333
"208" 2016 1025.8 358.874420333333
"209" 2016 388.36 144.592900666667
"210" 2016 178.31 70.3373513333333
"211" 2016 131.92 54.8930113333333
"212" 2016 149.18 65.2008594333333
"213" 2016 76.14 34.8091776
"214" 2016 18.09 8.61659865
"215" 2016 14.67 7.2527991
"216" 2016 6.49 3.31857496666667
"217" 2016 2.27 1.19650943333333
"218" 2016 0.54 0.2925018
"219" 2016 0 0
"220" 2016 0 0
"221" 2016 0 0
"222" 2016 0 0
"223" 2017 64665 376.56585
"224" 2017 65611 28.21273
"225" 2017 67376 22.1217866666667
"226" 2017 65132 14.98036
"227" 2017 67491 12.485835
"228" 2017 68933 10.1101733333333
"229" 2017 69386 10.8704733333333
"230" 2017 72955 11.5512083333333
"231" 2017 70257 8.782125
"232" 2017 67819 9.04253333333333
"233" 2017 66888 9.36432
"234" 2017 65319 10.66877
"235" 2017 64855 12.4305416666667
"236" 2017 62552 16.26352
"237" 2017 61780 19.4607
"238" 2017 61686 22.10415
"239" 2017 65529 27.631395
"240" 2017 66220 32.9996333333333
"241" 2017 59221 34.8416883333333
"242" 2017 56940 32.4558
"243" 2017 63484 35.0220066666667
"244" 2017 63507 35.669765
"245" 2017 69955 38.47525
"246" 2017 74633 46.645625
"247" 2017 78427 52.938225
"248" 2017 84805 55.12325
"249" 2017 91540 60.4164
"250" 2017 95714 69.39265
"251" 2017 97779 73.00832
"252" 2017 95685 71.12585
"253" 2017 97743 78.1944
"254" 2017 95315 85.6246416666667
"255" 2017 96502 101.005426666667
"256" 2017 96302 107.216226666667
"257" 2017 96013 112.975296666667
"258" 2017 97536 126.47168
"259" 2017 98712 141.81624
"260" 2017 104445 165.0231
"261" 2017 104570 181.9518
"262" 2017 108288 217.29792
"263" 2017 110490 240.4999
"264" 2017 110824 264.86936
"265" 2017 114176 291.71968
"266" 2017 107024 288.786426666667
"267" 2017 100279 315.043191666667
"268" 2017 102569 360.700983333333
"269" 2017 105401 412.820583333333
"270" 2017 107755 479.868933333333
"271" 2017 104977 533.808045
"272" 2017 92090 517.392316666667
"273" 2017 90660 547.4353
"274" 2017 92010 618.9206
"275" 2017 95338 706.136786666667
"276" 2017 95954 761.87476
"277" 2017 96586 849.9568
"278" 2017 99038 962.64936
"279" 2017 98549 1032.46502333333
"280" 2017 96312 1099.72252
"281" 2017 97321 1215.21488666667
"282" 2017 97514 1306.36255333333
"283" 2017 100853 1475.64747833333
"284" 2017 100379 1602.71803333333
"285" 2017 97666 1652.34594333333
"286" 2017 98178 1780.2944
"287" 2017 96230 1877.60768333333
"288" 2017 92877 1948.404665
"289" 2017 105052 2380.47832
"290" 2017 100502 2434.66095
"291" 2017 95189 2443.81892666667
"292" 2017 89601 2454.320725
"293" 2017 91243 2700.7928
"294" 2017 79853 2586.57175833333
"295" 2017 71288 2511.59505333333
"296" 2017 69163 2634.53394166667
"297" 2017 65886 2747.99525
"298" 2017 61212 2800.04092
"299" 2017 58897 2966.54372833333
"300" 2017 53255 2955.11995
"301" 2017 51169 3138.36533333333
"302" 2017 49176 3386.83308
"303" 2017 48098 3743.46734
"304" 2017 43267 3761.48875666667
"305" 2017 43464 4180.07776
"306" 2017 37599 4025.22361
"307" 2017 34264 4093.34876
"308" 2017 26256.21 3535.1361144
"309" 2017 23930.14 3600.44909726667
"310" 2017 18956.31 3131.2664735
"311" 2017 15826.57 2880.40936238333
"312" 2017 12282.4 2497.871688
"313" 2017 10297.51 2305.01180091667
"314" 2017 7537 1822.333545
"315" 2017 5623.51 1477.27733196667
"316" 2017 3692.67 1033.332155
"317" 2017 2633.64 792.3349834
"318" 2017 1707.04 558.668670933333
"319" 2017 1065.32 372.700426466667
"320" 2017 686.8 255.707086666667
"321" 2017 248.36 97.9697413333333
"322" 2017 115.31 47.9814519166667
"323" 2017 82.9 36.2324121666667
"324" 2017 73.65 33.670816
"325" 2017 34.97 16.6568521166667
"326" 2017 7.55 3.73269483333333
"327" 2017 4.83 2.4697561
"328" 2017 1.43 0.753748233333333
"329" 2017 0 0
"330" 2017 0 0
"331" 2017 0 0
"332" 2017 0 0
"333" 2017 0 0
"334" 2018 63792 371.48208
"335" 2018 65051 27.97193
"336" 2018 65935 21.6486583333333
"337" 2018 67618 15.55214
"338" 2018 65355 12.090675
"339" 2018 67628 9.91877333333333
"340" 2018 69016 10.8125066666667
"341" 2018 69510 11.00575
"342" 2018 73022 9.12775
"343" 2018 70247 9.36626666666667
"344" 2018 67828 9.49592
"345" 2018 66857 10.9199766666667
"346" 2018 65293 12.5144916666667
"347" 2018 64762 16.83812
"348" 2018 62462 19.67553
"349" 2018 61617 22.079425
"350" 2018 61475 25.9219583333333
"351" 2018 65278 32.5302033333333
"352" 2018 65968 38.8111733333333
"353" 2018 58694 33.45558
"354" 2018 56428 31.1294466666667
"355" 2018 62857 35.3046816666667
"356" 2018 62790 34.5345
"357" 2018 69259 43.286875
"358" 2018 73864 49.8582
"359" 2018 77700 50.505
"360" 2018 84081 55.49346
"361" 2018 90932 65.9257
"362" 2018 95180 71.0677333333333
"363" 2018 97344 72.35904
"364" 2018 95317 76.2536
"365" 2018 97394 87.4922766666667
"366" 2018 94953 99.38414
"367" 2018 96117 107.01026
"368" 2018 95986 112.943526666667
"369" 2018 95717 124.113043333333
"370" 2018 97212 139.66124
"371" 2018 98379 155.43882
"372" 2018 104150 181.221
"373" 2018 104196 209.08664
"374" 2018 107927 234.921103333333
"375" 2018 110111 263.16529
"376" 2018 110412 282.10266
"377" 2018 113774 307.000176666667
"378" 2018 106673 335.131008333333
"379" 2018 99874 351.223566666667
"380" 2018 102031 399.621416666667
"381" 2018 104992 467.564373333333
"382" 2018 107237 545.300145
"383" 2018 104409 586.604565
"384" 2018 91587 553.032835
"385" 2018 90075 605.9045
"386" 2018 91394 676.924893333333
"387" 2018 94600 751.124
"388" 2018 95129 837.1352
"389" 2018 95756 930.74832
"390" 2018 98140 1028.18006666667
"391" 2018 97692 1115.47982
"392" 2018 95298 1189.95436
"393" 2018 96203 1288.79952333333
"394" 2018 96315 1409.248975
"395" 2018 99556 1589.57746666667
"396" 2018 98913 1673.443105
"397" 2018 96228 1744.9344
"398" 2018 96536 1883.57825333333
"399" 2018 94561 1983.73217833333
"400" 2018 91350 2069.991
"401" 2018 102813 2490.644925
"402" 2018 98124 2519.17016
"403" 2018 92790 2541.67275
"404" 2018 87150 2579.64
"405" 2018 88653 2871.618425
"406" 2018 77177 2719.07433833333
"407" 2018 68786 2620.17338333333
"408" 2018 66497 2773.47904166667
"409" 2018 63153 2888.82873
"410" 2018 58463 2944.68387166667
"411" 2018 55935 3103.83315
"412" 2018 50248 3081.87733333333
"413" 2018 47918 3300.19252333333
"414" 2018 45762 3561.65646
"415" 2018 44187 3841.47049
"416" 2018 39444 3793.46096
"417" 2018 39156 4191.91084
"418" 2018 33537 4006.497705
"419" 2018 30081 4050.10584
"420" 2018 22645.21 3407.12281256667
"421" 2018 20216.14 3339.36939233333
"422" 2018 15767.31 2869.62414115
"423" 2018 12870.57 2617.4878209
"424" 2018 9716.4 2174.93517
"425" 2018 7989.51 1931.74367535
"426" 2018 5616 1475.30448
"427" 2018 4194.51 1173.763715
"428" 2018 2648.67 796.85678395
"429" 2018 1848.64 605.010574933333
"430" 2018 1134.04 396.742003933333
"431" 2018 693.32 258.134591333333
"432" 2018 428.8 169.147306666667
"433" 2018 164.36 68.3915656666667
"434" 2018 73.46 32.1065500333333
"435" 2018 44.97 20.5590848
"436" 2018 38.36 18.2715712666667
"437" 2018 17.66 8.73104513333333
"438" 2018 3.48 1.7794516
"439" 2018 1.36 0.716851466666667
"440" 2018 0.35 0.1895845
"441" 2018 0 0
"442" 2018 0 0
"443" 2018 0 0
"444" 2018 0 0
"445" 2019 62039 361.273776666667
"446" 2019 64353 27.67179
"447" 2019 65440 21.4861333333333
"448" 2019 66156 15.21588
"449" 2019 67737 12.531345
"450" 2019 65399 9.59185333333333
"451" 2019 67759 10.6155766666667
"452" 2019 69049 10.9327583333333
"453" 2019 69503 8.687875
"454" 2019 72957 9.7276
"455" 2019 70184 9.82576
"456" 2019 67774 11.0697533333333
"457" 2019 66799 12.8031416666667
"458" 2019 65132 16.93432
"459" 2019 64564 20.33766
"460" 2019 62267 22.3123416666667
"461" 2019 61447 25.9101516666667
"462" 2019 61186 30.4910233333333
"463" 2019 65118 38.31109
"464" 2019 65529 37.35153
"465" 2019 58376 32.2040933333333
"466" 2019 56078 31.4971433333333
"467" 2019 62325 34.27875
"468" 2019 62275 38.921875
"469" 2019 68690 46.36575
"470" 2019 73393 47.70545
"471" 2019 77189 50.94474
"472" 2019 83633 60.633925
"473" 2019 90555 67.6144
"474" 2019 94854 70.50814
"475" 2019 97032 77.6256
"476" 2019 94991 85.3335816666667
"477" 2019 97036 101.564346666667
"478" 2019 94615 105.338033333333
"479" 2019 95832 112.76232
"480" 2019 95708 124.101373333333
"481" 2019 95433 137.10541
"482" 2019 96838 153.00404
"483" 2019 98056 170.61744
"484" 2019 103873 208.438486666667
"485" 2019 103818 225.97718
"486" 2019 107542 257.02538
"487" 2019 109678 280.22729
"488" 2019 110011 296.846348333333
"489" 2019 113349 356.104775
"490" 2019 106224 373.5544
"491" 2019 99401 389.320583333333
"492" 2019 101583 452.38296
"493" 2019 104464 531.19944
"494" 2019 106650 599.19525
"495" 2019 103848 627.06884
"496" 2019 91066 612.570626666667
"497" 2019 89450 662.526333333333
"498" 2019 90874 721.53956
"499" 2019 93893 826.2584
"500" 2019 94370 917.2764
"501" 2019 94894 994.172806666667
"502" 2019 97235 1110.26164166667
"503" 2019 96700 1207.46066666667
"504" 2019 94199 1261.95260333333
"505" 2019 95063 1390.93012833333
"506" 2019 95235 1520.5855
"507" 2019 98170 1660.87278333333
"508" 2019 97476 1767.5648
"509" 2019 94553 1844.88661833333
"510" 2019 94853 1989.85785166667
"511" 2019 92996 2107.28936
"512" 2019 89500 2168.1375
"513" 2019 100486 2579.81057333333
"514" 2019 95752 2622.80686666667
"515" 2019 90370 2674.952
"516" 2019 84637 2741.53349166667
"517" 2019 85865 3025.16705833333
"518" 2019 74474 2836.83878333333
"519" 2019 66178 2760.17408333333
"520" 2019 63717 2914.62797
"521" 2019 60184 3031.36777333333
"522" 2019 55558 3082.91342
"523" 2019 52837 3240.66933333333
"524" 2019 47102 3243.99324333333
"525" 2019 44699 3478.92317
"526" 2019 42155 3664.81518333333
"527" 2019 40451 3890.30750666667
"528" 2019 35667 3818.39013
"529" 2019 35024 4184.14216
"530" 2019 29541 3977.40024
"531" 2019 26100 3926.919
"532" 2019 19293.21 3186.9167385
"533" 2019 16910.14 3077.61729643333
"534" 2019 12935.31 2630.6539947
"535" 2019 10242.57 2292.71393975
"536" 2019 7589.4 1835.003079
"537" 2019 6032.51 1584.72026863333
"538" 2019 4163 1164.94616666667
"539" 2019 3007.51 904.814396016667
"540" 2019 1869.67 611.893133133333
"541" 2019 1265.64 442.7820446
"542" 2019 736.04 274.039959333333
"543" 2019 450.32 177.636229333333
"544" 2019 290.8 121.004303333333
"545" 2019 94.48 41.2935862666667
"546" 2019 38.05 17.3954453333333
"547" 2019 22.46 10.6981097666667
"548" 2019 17.93 8.86453223333333
"549" 2019 7.86 4.0191062
"550" 2019 1.22 0.643057933333333
"551" 2019 0 0
"552" 2019 0 0
"553" 2019 0 0
"554" 2019 0 0
"555" 2019 0 0
"556" 2020 61361 357.325556666667
"557" 2020 62555 26.89865
"558" 2020 64683 21.237585
"559" 2020 65670 15.1041
"560" 2020 66238 12.25403
"561" 2020 67782 9.94136
"562" 2020 65497 10.2611966666667
"563" 2020 67790 10.7334166666667
"564" 2020 69012 8.6265
"565" 2020 69452 9.26026666666667
"566" 2020 72884 10.20376
"567" 2020 70073 11.4452566666667
"568" 2020 67708 12.9773666666667
"569" 2020 66608 17.31808
"570" 2020 64945 20.457675
"571" 2020 64296 23.0394
"572" 2020 62040 26.1602
"573" 2020 61086 30.44119
"574" 2020 60924 35.84362
"575" 2020 64631 36.83967
"576" 2020 65179 35.9570816666667
"577" 2020 57780 32.4531
"578" 2020 55445 30.49475
"579" 2020 61643 38.526875
"580" 2020 61589 41.572575
"581" 2020 68066 44.2429
"582" 2020 72754 48.01764
"583" 2020 76623 55.551675
"584" 2020 83082 62.03456
"585" 2020 90089 66.9661566666667
"586" 2020 94417 75.5336
"587" 2020 96610 86.7879833333333
"588" 2020 94591 99.0052466666667
"589" 2020 96617 107.566926666667
"590" 2020 94217 110.862003333333
"591" 2020 95494 123.823886666667
"592" 2020 95270 136.871233333333
"593" 2020 95002 150.10316
"594" 2020 96451 167.82474
"595" 2020 97719 196.08946
"596" 2020 103484 225.250173333333
"597" 2020 103410 247.1499
"598" 2020 107094 273.62517
"599" 2020 109286 294.890056666667
"600" 2020 109563 344.210425
"601" 2020 112901 397.035183333333
"602" 2020 105665 413.854583333333
"603" 2020 98955 440.6796
"604" 2020 101065 513.915525
"605" 2020 103927 583.896528333333
"606" 2020 106184 641.174386666667
"607" 2020 103353 695.22118
"608" 2020 90621 671.19954
"609" 2020 89013 706.76322
"610" 2020 90409 795.5992
"611" 2020 93365 907.5078
"612" 2020 93771 982.40751
"613" 2020 94278 1076.49763
"614" 2020 96511 1205.10068666667
"615" 2020 95850 1284.0705
"616" 2020 93268 1364.66628666667
"617" 2020 94206 1504.1558
"618" 2020 94218 1594.01153
"619" 2020 96910 1757.30133333333
"620" 2020 96214 1877.29549666667
"621" 2020 93205 1955.28555833333
"622" 2020 93556 2119.97896
"623" 2020 91298 2211.69405
"624" 2020 87590 2248.72726666667
"625" 2020 98170 2689.03991666667
"626" 2020 93364 2763.5744
"627" 2020 87974 2849.62448333333
"628" 2020 81985 2888.46819166667
"629" 2020 83004 3161.7607
"630" 2020 71761 2993.03170833333
"631" 2020 63514 2905.34207333333
"632" 2020 60873 3066.071555
"633" 2020 57300 3179.577
"634" 2020 52493 3219.57066666667
"635" 2020 49696 3422.64634666667
"636" 2020 43914 3417.82662
"637" 2020 41406 3599.69962
"638" 2020 38688 3720.75392
"639" 2020 36621 3920.52219
"640" 2020 31926 3814.03959
"641" 2020 30923 4163.47272
"642" 2020 25590 3850.1861
"643" 2020 22241 3673.84251666667
"644" 2020 16199.21 2948.22922131667
"645" 2020 13895.14 2825.8546218
"646" 2020 10308.31 2307.42929091667
"647" 2020 8032.57 1942.15493745
"648" 2020 5816.4 1527.948892
"649" 2020 4448.51 1244.84138166667
"650" 2020 2997 901.652445
"651" 2020 2122.51 694.640922733333
"652" 2020 1296.67 453.637838383333
"653" 2020 842.64 313.728916
"654" 2020 467.04 184.231712
"655" 2020 278.32 115.811271333333
"656" 2020 169.66 74.1518823666667
"657" 2020 58.91 26.9320810666667
"658" 2020 23.6 11.2411126666667
"659" 2020 13.59 6.7188507
"660" 2020 10.15 5.19006716666667
"661" 2020 4.27 2.25070276666667
"662" 2020 0.61 0.3304187
"663" 2020 0 0
"664" 2020 0 0
"665" 2020 0 0
"666" 2020 0 0
"667" 2021 59029 343.745543333333
"668" 2021 61688 26.52584
"669" 2021 62841 20.632795
"670" 2021 64940 14.9362
"671" 2021 65872 12.18632
"672" 2021 66435 9.7438
"673" 2021 68044 10.6602266666667
"674" 2021 65759 10.4118416666667
"675" 2021 67938 8.49225
"676" 2021 69114 9.2152
"677" 2021 69576 9.74064
"678" 2021 73018 11.9262733333333
"679" 2021 70185 13.452125
"680" 2021 67806 17.62956
"681" 2021 66769 21.032235
"682" 2021 65021 23.2991916666667
"683" 2021 64369 27.1422616666667
"684" 2021 62142 30.96743
"685" 2021 61332 36.08366
"686" 2021 61374 34.98318
"687" 2021 65083 35.9041216666667
"688" 2021 65543 36.8133183333333
"689" 2021 58031 31.91705
"690" 2021 55748 34.8425
"691" 2021 62016 41.8608
"692" 2021 61996 40.2974
"693" 2021 68505 45.2133
"694" 2021 73202 53.07145
"695" 2021 77127 57.58816
"696" 2021 83555 62.1092166666667
"697" 2021 90676 72.5408
"698" 2021 94897 85.2491383333333
"699" 2021 97119 101.65122
"700" 2021 95085 105.8613
"701" 2021 97084 114.235506666667
"702" 2021 94684 122.773586666667
"703" 2021 95958 137.85966
"704" 2021 95708 151.21864
"705" 2021 95318 165.85332
"706" 2021 96864 194.37376
"707" 2021 98044 213.409106666667
"708" 2021 103754 247.97206
"709" 2021 103623 264.756765
"710" 2021 107331 289.614815
"711" 2021 109468 343.911966666667
"712" 2021 109636 385.553266666667
"713" 2021 112893 442.16425
"714" 2021 105675 470.606
"715" 2021 98920 503.0082
"716" 2021 101003 567.468521666667
"717" 2021 103741 626.422738333333
"718" 2021 105871 712.158926666667
"719" 2021 103098 763.61252
"720" 2021 90373 717.56162
"721" 2021 88642 780.0496
"722" 2021 89973 874.53756
"723" 2021 92803 972.266096666666
"724" 2021 93015 1062.076275
"725" 2021 93453 1166.91646
"726" 2021 95637 1281.21701
"727" 2021 94842 1387.69653
"728" 2021 92154 1471.3922
"729" 2021 92985 1573.151225
"730" 2021 92851 1683.69813333333
"731" 2021 95264 1858.75941333333
"732" 2021 94418 1980.73227666667
"733" 2021 91531 2074.09246
"734" 2021 91612 2219.3007
"735" 2021 88942 2283.43761333333
"736" 2021 85076 2330.37343333333
"737" 2021 95119 2815.5224
"738" 2021 90225 2922.538125
"739" 2021 84784 2987.08162666667
"740" 2021 78768 3000.4044
"741" 2021 79267 3306.09445833333
"742" 2021 68313 3124.86433
"743" 2021 59996 3021.89852666667
"744" 2021 57441 3187.40109
"745" 2021 53753 3296.85066666667
"746" 2021 48900 3367.8245
"747" 2021 45879 3570.76257
"748" 2021 40186 3493.63688666667
"749" 2021 37590 3615.1556
"750" 2021 34671 3711.76169
"751" 2021 32339 3863.378635
"752" 2021 27873 3752.82072
"753" 2021 26507 3988.15486333333
"754" 2021 21541 3558.21418333333
"755" 2021 18430 3354.22928333333
"756" 2021 13066.21 2657.2751277
"757" 2021 11004.14 2463.18503783333
"758" 2021 7932.31 1917.91357335
"759" 2021 6019.57 1581.32097376667
"760" 2021 4226.4 1182.6876
"761" 2021 3185.51 958.365992683333
"762" 2021 2055 672.5467
"763" 2021 1381.51 483.318970983333
"764" 2021 835.67 311.133868833333
"765" 2021 537.64 212.081058666667
"766" 2021 310.04 129.010227666667
"767" 2021 170.11 74.3485601166667
"768" 2021 92.2 42.1513813333333
"769" 2021 29.58 14.0894963
"770" 2021 11.68 5.77455306666667
"771" 2021 6.34 3.24187446666667
"772" 2021 3.77 1.98715443333333
"773" 2021 1.26 0.6825042
"774" 2021 0.17 0.0943599166666667
"775" 2021 0 0
"776" 2021 0 0
"777" 2021 0 0
