"year" "population" "expected"
"1" 2015 426459 1100.26422
"2" 2015 426471 74.632425
"3" 2015 452560 54.3072
"4" 2015 472391 47.2391
"5" 2015 478812 38.30496
"6" 2015 489531 29.37186
"7" 2015 516354 30.98124
"8" 2015 498243 27.403365
"9" 2015 495018 27.22599
"10" 2015 485231 33.96617
"11" 2015 480429 38.43432
"12" 2015 471933 30.675645
"13" 2015 453984 36.31872
"14" 2015 451133 49.62463
"15" 2015 450530 47.30565
"16" 2015 440338 52.84056
"17" 2015 427395 61.972275
"18" 2015 430209 73.13553
"19" 2015 427490 83.36055
"20" 2015 427864 87.71212
"21" 2015 435372 93.60498
"22" 2015 454362 99.95964
"23" 2015 472175 110.961125
"24" 2015 473647 120.779985
"25" 2015 483744 135.44832
"26" 2015 497427 139.27956
"27" 2015 511371 143.18388
"28" 2015 524168 152.00872
"29" 2015 542543 157.33747
"30" 2015 564831 180.74592
"31" 2015 591236 212.84496
"32" 2015 614535 230.450625
"33" 2015 654107 235.47852
"34" 2015 686418 260.83884
"35" 2015 723569 303.89898
"36" 2015 747765 325.277775
"37" 2015 784375 376.5
"38" 2015 797240 438.482
"39" 2015 812508 499.69242
"40" 2015 807903 521.097435
"41" 2015 802552 533.69708
"42" 2015 783091 579.48734
"43" 2015 780073 655.26132
"44" 2015 767033 694.164865
"45" 2015 756919 772.05738
"46" 2015 749697 892.13943
"47" 2015 743748 1022.6535
"48" 2015 747478 1181.01524
"49" 2015 727995 1303.11105
"50" 2015 722091 1436.96109
"51" 2015 730731 1629.53013
"52" 2015 695017 1754.917925
"53" 2015 671388 1876.52946
"54" 2015 654920 2049.8996
"55" 2015 656942 2263.16519
"56" 2015 637968 2430.65808
"57" 2015 622817 2606.489145
"58" 2015 606020 2675.5783
"59" 2015 565025 2723.4205
"60" 2015 546545 2929.4812
"61" 2015 520356 3067.49862
"62" 2015 519437 3337.382725
"63" 2015 516159 3556.33551
"64" 2015 481700 3593.482
"65" 2015 470183 3803.78047
"66" 2015 487255 4251.299875
"67" 2015 508607 4826.68043
"68" 2015 463244 4639.38866
"69" 2015 440598 4721.00757
"70" 2015 457809 5358.654345
"71" 2015 433116 5546.05038
"72" 2015 422626 6039.32554
"73" 2015 362104 5685.0328
"74" 2015 330529 5691.70938
"75" 2015 400653 7626.429855
"76" 2015 263506 5502.00528
"77" 2015 294025 6791.9775
"78" 2015 323280 8351.9388
"79" 2015 345894 9928.88727
"80" 2015 326362 10729.15075
"81" 2015 313631 11941.500325
"82" 2015 309081 13353.844605
"83" 2015 292233 14262.431565
"84" 2015 262717 14608.378785
"85" 2015 243915.97 15549.6430875
"86" 2015 218206.25 15824.31725
"87" 2015 195699.04 16178.4396368
"88" 2015 170281.98 16032.8998269
"89" 2015 146663.92 15635.8405112
"90" 2015 126483.96 15303.2943204
"91" 2015 104170.03 14150.4568752
"92" 2015 87455.64 13229.4146628
"93" 2015 69821.31 11815.1620782
"94" 2015 52433.26 9665.2849821
"95" 2015 38946.07 7865.35356685
"96" 2015 26329.01 5922.1842193
"97" 2015 18903.06 4672.1748249
"98" 2015 13347.14 3608.7997132
"99" 2015 9462.91 2785.6914458
"100" 2015 6352.21 2025.87857425
"101" 2015 4293.51 1475.91553005
"102" 2015 2817.09 1038.379374
"103" 2015 1711.45 672.88223925
"104" 2015 944.97 394.2225846
"105" 2015 564.33 248.52811035
"106" 2015 293.26 135.6576771
"107" 2015 142.37 68.84657275
"108" 2015 66.02 33.2229145
"109" 2015 31.1 16.217095
"110" 2015 14.54 11.124554
"111" 2015 6.59 6.59
"112" 2016 419395 1082.0391
"113" 2016 429530 75.16775
"114" 2016 427407 51.28884
"115" 2016 453586 45.3586
"116" 2016 472844 37.82752
"117" 2016 478775 28.7265
"118" 2016 489085 29.3451
"119" 2016 515810 28.36955
"120" 2016 498218 27.40199
"121" 2016 495316 34.67212
"122" 2016 485583 38.84664
"123" 2016 480592 31.23848
"124" 2016 472347 37.78776
"125" 2016 454806 50.02866
"126" 2016 452108 47.47134
"127" 2016 451532 54.18384
"128" 2016 441430 64.00735
"129" 2016 428671 72.87407
"130" 2016 433196 84.47322
"131" 2016 430800 88.314
"132" 2016 431467 92.765405
"133" 2016 438876 96.55272
"134" 2016 457814 107.58629
"135" 2016 475743 121.314465
"136" 2016 476732 133.48496
"137" 2016 486560 136.2368
"138" 2016 499355 139.8194
"139" 2016 512283 148.56207
"140" 2016 524105 151.99045
"141" 2016 541862 173.39584
"142" 2016 563692 202.92912
"143" 2016 589302 220.98825
"144" 2016 612556 220.52016
"145" 2016 651483 247.56354
"146" 2016 683371 287.01582
"147" 2016 720139 313.260465
"148" 2016 744485 357.3528
"149" 2016 781077 429.59235
"150" 2016 793895 488.245425
"151" 2016 809423 522.077835
"152" 2016 804458 534.96457
"153" 2016 799101 591.33474
"154" 2016 779976 655.17984
"155" 2016 776896 703.09088
"156" 2016 764383 779.67066
"157" 2016 754164 897.45516
"158" 2016 747038 1027.17725
"159" 2016 741080 1170.9064
"160" 2016 744857 1333.29403
"161" 2016 725754 1444.25046
"162" 2016 719688 1604.90424
"163" 2016 728123 1838.510575
"164" 2016 692312 1935.01204
"165" 2016 668802 2093.35026
"166" 2016 652137 2246.611965
"167" 2016 654229 2492.61249
"168" 2016 635054 2657.70099
"169" 2016 619737 2736.138855
"170" 2016 602863 2905.79966
"171" 2016 561728 3010.86208
"172" 2016 543435 3203.549325
"173" 2016 517349 3323.967325
"174" 2016 516191 3556.55599
"175" 2016 512764 3825.21944
"176" 2016 478566 3871.59894
"177" 2016 466994 4074.52265
"178" 2016 483378 4587.25722
"179" 2016 503798 5045.53697
"180" 2016 458372 4911.45598
"181" 2016 435592 5098.60436
"182" 2016 451961 5787.360605
"183" 2016 426910 6100.5439
"184" 2016 416253 6535.1721
"185" 2016 356105 6132.1281
"186" 2016 324498 6176.81943
"187" 2016 392475 8194.878
"188" 2016 257349 5944.7619
"189" 2016 286267 7395.707945
"190" 2016 313673 9003.983465
"191" 2016 334366 10992.28225
"192" 2016 314224 11964.0788
"193" 2016 300231 12971.480355
"194" 2016 293939 14345.692895
"195" 2016 276038 15349.09299
"196" 2016 246349 15704.74875
"197" 2016 226585.97 16432.0145444
"198" 2016 200651.25 16587.8388375
"199" 2016 177297.04 16693.4028012
"200" 2016 152773.98 16287.2340078
"201" 2016 128553.92 15553.7387808
"202" 2016 110018.96 14944.9755264
"203" 2016 88176.03 13338.3880581
"204" 2016 72397.64 12251.1286408
"205" 2016 57005.31 10508.07381885
"206" 2016 41681.26 8417.7388633
"207" 2016 30439.07 6846.6600151
"208" 2016 19612.01 4847.40245165
"209" 2016 13832.06 3739.9123828
"210" 2016 9373.14 2759.2649532
"211" 2016 6541.91 2086.37864675
"212" 2016 4225.21 1452.43706355
"213" 2016 2746.51 1012.363586
"214" 2016 1793.09 704.98022985
"215" 2016 1002.45 418.202091
"216" 2016 545.97 240.44245815
"217" 2016 309.46 143.1515541
"218" 2016 145.91 70.55842825
"219" 2016 65.75 33.08704375
"220" 2016 28.58 14.903041
"221" 2016 16.35 12.509385
"222" 2016 11.16 11.16
"223" 2017 409900 1057.542
"224" 2017 423504 74.1132
"225" 2017 432143 51.85716
"226" 2017 429741 42.9741
"227" 2017 455355 36.4284
"228" 2017 474004 28.44024
"229" 2017 479377 28.76262
"230" 2017 489670 26.93185
"231" 2017 516402 28.40211
"232" 2017 499170 34.9419
"233" 2017 496477 39.71816
"234" 2017 486947 31.651555
"235" 2017 481873 38.54984
"236" 2017 474062 52.14682
"237" 2017 456556 47.93838
"238" 2017 454188 54.50256
"239" 2017 453736 65.79172
"240" 2017 444011 75.48187
"241" 2017 432937 84.422715
"242" 2017 438142 89.81911
"243" 2017 436119 93.765585
"244" 2017 436451 96.01922
"245" 2017 444002 104.34047
"246" 2017 463277 118.135635
"247" 2017 481100 134.708
"248" 2017 481883 134.92724
"249" 2017 491431 137.60068
"250" 2017 503384 145.98136
"251" 2017 515551 149.50979
"252" 2017 526519 168.48608
"253" 2017 543363 195.61068
"254" 2017 564834 211.81275
"255" 2017 589999 212.39964
"256" 2017 612505 232.7519
"257" 2017 651081 273.45402
"258" 2017 682740 296.9919
"259" 2017 719426 345.32448
"260" 2017 743418 408.8799
"261" 2017 779647 479.482905
"262" 2017 792207 510.973515
"263" 2017 807676 537.10454
"264" 2017 802657 593.96618
"265" 2017 797398 669.81432
"266" 2017 778184 704.25652
"267" 2017 775196 790.69992
"268" 2017 762919 907.87361
"269" 2017 752551 1034.757625
"270" 2017 745362 1177.67196
"271" 2017 739230 1323.2217
"272" 2017 743032 1478.63368
"273" 2017 724119 1614.78537
"274" 2017 717936 1812.7884
"275" 2017 726051 2029.312545
"276" 2017 690291 2160.61083
"277" 2017 666591 2296.405995
"278" 2017 649883 2476.05423
"279" 2017 652011 2728.666035
"280" 2017 632499 2792.483085
"281" 2017 617099 2974.41718
"282" 2017 600354 3217.89744
"283" 2017 559128 3296.05956
"284" 2017 540763 3474.402275
"285" 2017 514712 3546.36568
"286" 2017 513225 3828.6585
"287" 2017 509408 4121.11072
"288" 2017 475421 4148.048225
"289" 2017 463609 4399.64941
"290" 2017 479343 4800.620145
"291" 2017 498881 5345.509915
"292" 2017 453365 5306.637325
"293" 2017 430248 5509.32564
"294" 2017 446075 6374.41175
"295" 2017 420576 6603.0432
"296" 2017 409343 7048.88646
"297" 2017 349600 6654.636
"298" 2017 317834 6636.37392
"299" 2017 383547 8859.9357
"300" 2017 250841 6480.477235
"301" 2017 278137 7983.922585
"302" 2017 303754 9985.91275
"303" 2017 322462 12277.74065
"304" 2017 301758 13037.45439
"305" 2017 286509 13983.071745
"306" 2017 278705 15497.391525
"307" 2017 259777 16560.78375
"308" 2017 229572 16648.56144
"309" 2017 209499.97 17319.3625199
"310" 2017 182715.25 17203.55436375
"311" 2017 160379.04 17098.0094544
"312" 2017 135279.98 16367.5247802
"313" 2017 112868.92 15332.1140928
"314" 2017 93747.96 14181.2539092
"315" 2017 74595.03 12622.9709766
"316" 2017 59614.64 10989.0646644
"317" 2017 45447.31 9178.31149105
"318" 2017 33397.26 7512.0456918
"319" 2017 22816.07 5639.33394155
"320" 2017 14822.01 4007.5750638
"321" 2017 10005.06 2945.2895628
"322" 2017 6823.14 2176.0699245
"323" 2017 4328.91 1488.08445705
"324" 2017 2904.21 1070.491806
"325" 2017 1801.51 708.29067915
"326" 2017 1084.09 452.2606662
"327" 2017 604.45 266.19675775
"328" 2017 314.21 145.34883285
"329" 2017 173.86 84.0743495
"330" 2017 77.98 39.2414855
"331" 2017 32.29 16.8376205
"332" 2017 12.06 9.227106
"333" 2017 11.78 11.78
"334" 2018 392563 1012.81254
"335" 2018 415792 72.7636
"336" 2018 428572 51.42864
"337" 2018 436248 43.6248
"338" 2018 433053 34.64424
"339" 2018 457965 27.4779
"340" 2018 475914 28.55484
"341" 2018 480747 26.441085
"342" 2018 491372 27.02546
"343" 2018 517976 36.25832
"344" 2018 500924 40.07392
"345" 2018 498220 32.3843
"346" 2018 488788 39.10304
"347" 2018 484065 53.24715
"348" 2018 476367 50.018535
"349" 2018 459179 55.10148
"350" 2018 457057 66.273265
"351" 2018 457172 77.71924
"352" 2018 450058 87.76131
"353" 2018 440381 90.278105
"354" 2018 446031 95.896665
"355" 2018 444294 97.74468
"356" 2018 445250 104.63375
"357" 2018 453268 115.58334
"358" 2018 472636 132.33808
"359" 2018 490287 137.28036
"360" 2018 490685 137.3918
"361" 2018 499610 144.8869
"362" 2018 510399 148.01571
"363" 2018 521363 166.83616
"364" 2018 531498 191.33928
"365" 2018 547399 205.274625
"366" 2018 567973 204.47028
"367" 2018 592465 225.1367
"368" 2018 614076 257.91192
"369" 2018 652184 283.70004
"370" 2018 683915 328.2792
"371" 2018 719483 395.71565
"372" 2018 743063 456.983745
"373" 2018 779063 502.495635
"374" 2018 791391 526.275015
"375" 2018 806704 596.96096
"376" 2018 801367 673.14828
"377" 2018 796217 720.576385
"378" 2018 776946 792.48492
"379" 2018 773828 920.85532
"380" 2018 761823 1047.506625
"381" 2018 751157 1186.82806
"382" 2018 743754 1331.31966
"383" 2018 737294 1467.21506
"384" 2018 741197 1652.86931
"385" 2018 722405 1824.072625
"386" 2018 716095 2001.485525
"387" 2018 724013 2266.16069
"388" 2018 688398 2371.53111
"389" 2018 664333 2531.10873
"390" 2018 647591 2710.168335
"391" 2018 649390 2867.05685
"392" 2018 629768 3035.48176
"393" 2018 614089 3291.51704
"394" 2018 597637 3523.070115
"395" 2018 556373 3574.696525
"396" 2018 538027 3707.00603
"397" 2018 511745 3817.6177
"398" 2018 510059 4126.37731
"399" 2018 506145 4416.115125
"400" 2018 472188 4481.06412
"401" 2018 459690 4603.79535
"402" 2018 474771 5087.171265
"403" 2018 493338 5774.52129
"404" 2018 447886 5735.18023
"405" 2018 424325 6063.60425
"406" 2018 439301 6897.0257
"407" 2018 413476 7120.05672
"408" 2018 401656 7645.52196
"409" 2018 342278 7146.76464
"410" 2018 310405 7170.3555
"411" 2018 373771 9656.373785
"412" 2018 243294 6983.75427
"413" 2018 268856 8838.641
"414" 2018 292512 11137.3944
"415" 2018 309331 13364.645855
"416" 2018 287504 14031.63272
"417" 2018 271335 15087.582675
"418" 2018 261958 16699.8225
"419" 2018 242001 17549.91252
"420" 2018 211525 17486.77175
"421" 2018 190970.97 17980.87168035
"422" 2018 164029.25 17487.1583425
"423" 2018 142190.04 17203.5729396
"424" 2018 117814.98 16003.9868832
"425" 2018 96458.92 14591.3408284
"426" 2018 78445.96 13274.6253512
"427" 2018 61268.03 11293.84231005
"428" 2018 47580.64 9609.1481512
"429" 2018 35837.31 8060.8861383
"430" 2018 25113.26 6207.1189079
"431" 2018 16759.07 4531.3173466
"432" 2018 10809.01 3181.9563638
"433" 2018 6894.06 2198.6880855
"434" 2018 4589.14 1577.5398207
"435" 2018 2872.91 1058.954626
"436" 2018 1757.21 690.87346965
"437" 2018 1137.51 474.5464218
"438" 2018 619.09 272.64414055
"439" 2018 337.47 156.10855995
"440" 2018 163.73 79.17573475
"441" 2018 86.21 43.38302725
"442" 2018 40.18 20.951861
"443" 2018 17.28 13.220928
"444" 2018 9.77 9.77
"445" 2019 371989 959.73162
"446" 2019 398493 69.736275
"447" 2019 421914 50.62968
"448" 2019 433831 43.3831
"449" 2019 441277 35.30216
"450" 2019 437303 26.23818
"451" 2019 461788 27.70728
"452" 2019 479212 26.35666
"453" 2019 483939 26.616645
"454" 2019 494646 34.62522
"455" 2019 521132 41.69056
"456" 2019 503823 32.748495
"457" 2019 501216 40.09728
"458" 2019 491959 54.11549
"459" 2019 487597 51.197685
"460" 2019 480166 57.61992
"461" 2019 463711 67.238095
"462" 2019 462400 78.608
"463" 2019 465905 90.851475
"464" 2019 459980 94.2959
"465" 2019 450576 96.87384
"466" 2019 456986 100.53692
"467" 2019 456131 107.190785
"468" 2019 458095 116.814225
"469" 2019 466534 130.62952
"470" 2019 486068 136.09904
"471" 2019 503479 140.97412
"472" 2019 502781 145.80649
"473" 2019 511490 148.3321
"474" 2019 521300 166.816
"475" 2019 531766 191.43576
"476" 2019 540556 202.7085
"477" 2019 555248 199.88928
"478" 2019 575250 218.595
"479" 2019 598839 251.51238
"480" 2019 619900 269.6565
"481" 2019 657414 315.55872
"482" 2019 688728 378.8004
"483" 2019 723779 445.124085
"484" 2019 746584 481.54668
"485" 2019 781887 519.954855
"486" 2019 793569 587.24106
"487" 2019 808541 679.17444
"488" 2019 802933 726.654365
"489" 2019 797650 813.603
"490" 2019 778172 926.02468
"491" 2019 774965 1065.576875
"492" 2019 762816 1205.24928
"493" 2019 751902 1345.90458
"494" 2019 744286 1481.12914
"495" 2019 737469 1644.55587
"496" 2019 741303 1871.790075
"497" 2019 722249 2018.685955
"498" 2019 715721 2240.20673
"499" 2019 723344 2491.92008
"500" 2019 687546 2619.55026
"501" 2019 663432 2776.46292
"502" 2019 646446 2854.05909
"503" 2019 647948 3123.10936
"504" 2019 628144 3366.85184
"505" 2019 612131 3608.512245
"506" 2019 595753 3827.713025
"507" 2019 554330 3819.3337
"508" 2019 535791 3997.00086
"509" 2019 509374 4120.83566
"510" 2019 507451 4427.509975
"511" 2019 503356 4776.84844
"512" 2019 468912 4696.15368
"513" 2019 456140 4887.5401
"514" 2019 470396 5505.98518
"515" 2019 488072 6249.76196
"516" 2019 442495 6323.25355
"517" 2019 418536 6571.0152
"518" 2019 432599 7449.35478
"519" 2019 406284 7733.61594
"520" 2019 393951 8225.69688
"521" 2019 334869 7735.4739
"522" 2019 302698 7820.20283
"523" 2019 363371 10430.564555
"524" 2019 235563 7744.133625
"525" 2019 259060 9863.7095
"526" 2019 280703 12127.773115
"527" 2019 295327 14413.434235
"528" 2019 272487 15151.639635
"529" 2019 255491 16287.55125
"530" 2019 244281 17715.25812
"531" 2019 223607 18485.59069
"532" 2019 192935 18165.794925
"533" 2019 172423.97 18382.1194417
"534" 2019 145887.25 17650.8983775
"535" 2019 124099.04 16857.6135936
"536" 2019 100707.98 15234.0961346
"537" 2019 81350.92 13766.2026824
"538" 2019 64933.96 11969.6015166
"539" 2019 49114.03 9918.82392865
"540" 2019 37343.64 8399.7049452
"541" 2019 27466.31 6788.71051115
"542" 2019 18482.26 4997.2334588
"543" 2019 12341.07 3632.9641866
"544" 2019 7440.01 2372.80518925
"545" 2019 4810.06 1653.4821753
"546" 2019 2915.14 1074.520604
"547" 2019 1794.91 705.69579015
"548" 2019 1068.21 445.6358478
"549" 2019 657.51 289.56411645
"550" 2019 350.53 162.14992005
"551" 2019 185.63 89.76602725
"552" 2019 92.37 46.48289325
"553" 2019 47.94 24.998313
"554" 2019 17.66 13.511666
"555" 2019 10.6 10.6
"556" 2020 359941 928.64778
"557" 2020 378390 66.21825
"558" 2020 405115 48.6138
"559" 2020 428395 42.8395
"560" 2020 440044 35.20352
"561" 2020 447315 26.8389
"562" 2020 442844 26.57064
"563" 2020 466799 25.673945
"564" 2020 484245 26.633475
"565" 2020 489007 34.23049
"566" 2020 499354 39.94832
"567" 2020 525576 34.16244
"568" 2020 508033 40.64264
"569" 2020 505680 55.6248
"570" 2020 496417 52.123785
"571" 2020 492663 59.11956
"572" 2020 485681 70.423745
"573" 2020 470259 79.94403
"574" 2020 473087 92.251965
"575" 2020 478304 98.05232
"576" 2020 472617 101.612655
"577" 2020 463583 101.98826
"578" 2020 471090 110.70615
"579" 2020 470962 120.09531
"580" 2020 473933 132.70124
"581" 2020 482656 135.14368
"582" 2020 501905 140.5334
"583" 2020 518448 150.34992
"584" 2020 516821 149.87809
"585" 2020 525148 168.04736
"586" 2020 533950 192.222
"587" 2020 543688 203.883
"588" 2020 551101 198.39636
"589" 2020 564847 214.64186
"590" 2020 584670 245.5614
"591" 2020 607641 264.323835
"592" 2020 627818 301.35264
"593" 2020 664689 365.57895
"594" 2020 695162 427.52463
"595" 2020 729756 470.69262
"596" 2020 752122 500.16113
"597" 2020 786642 582.11508
"598" 2020 797598 669.98232
"599" 2020 812289 735.121545
"600" 2020 806337 822.46374
"601" 2020 800583 952.69377
"602" 2020 781321 1074.316375
"603" 2020 777431 1228.34098
"604" 2020 765337 1369.95323
"605" 2020 753958 1500.37642
"606" 2020 746118 1663.84314
"607" 2020 738804 1865.4801
"608" 2020 742462 2075.18129
"609" 2020 723146 2263.44698
"610" 2020 716393 2467.973885
"611" 2020 723621 2756.99601
"612" 2020 687884 2878.79454
"613" 2020 663196 2928.01034
"614" 2020 646241 3114.88162
"615" 2020 647337 3469.72632
"616" 2020 627393 3698.481735
"617" 2020 610731 3923.946675
"618" 2020 594015 4092.76335
"619" 2020 552616 4122.51536
"620" 2020 534091 4320.79619
"621" 2020 507327 4426.428075
"622" 2020 505265 4794.96485
"623" 2020 500621 5013.719315
"624" 2020 465797 4991.014855
"625" 2020 452750 5299.43875
"626" 2020 466131 5968.807455
"627" 2020 482895 6900.56955
"628" 2020 437003 6860.9471
"629" 2020 412702 7106.72844
"630" 2020 425594 8101.18179
"631" 2020 398924 8329.53312
"632" 2020 385942 8915.2602
"633" 2020 327414 8458.74069
"634" 2020 295013 8468.348165
"635" 2020 352887 11601.160125
"636" 2020 227824 8674.3988
"637" 2020 249140 10764.0937
"638" 2020 268468 13102.58074
"639" 2020 280943 15621.835515
"640" 2020 257303 16403.06625
"641" 2020 239262 17351.28024
"642" 2020 226520 18726.4084
"643" 2020 205061 19307.518455
"644" 2020 174884 18644.38324
"645" 2020 153925.97 18623.5031103
"646" 2020 128350.25 17435.09796
"647" 2020 107108.04 16202.2332108
"648" 2020 85667.98 14496.7355756
"649" 2020 67348.92 12414.7631682
"650" 2020 53063.96 10716.5320418
"651" 2020 39205.03 8818.3873979
"652" 2020 29036.64 7176.8411256
"653" 2020 20776.31 5617.4986978
"654" 2020 13590.26 4000.7007388
"655" 2020 8888.07 2834.62772475
"656" 2020 5210.01 1790.96698755
"657" 2020 3259.06 1201.289516
"658" 2020 1917.14 753.7523481
"659" 2020 1156.91 482.6397138
"660" 2020 645.21 284.14725795
"661" 2020 375.51 173.70529335
"662" 2020 202.53 97.93844475
"663" 2020 95.63 48.12340675
"664" 2020 46.37 24.1796365
"665" 2020 22.94 17.551394
"666" 2020 15.26 15.26
"667" 2021 340976 879.71808
"668" 2021 363342 63.58485
"669" 2021 382090 45.8508
"670" 2021 408307 40.8307
"671" 2021 431538 34.52304
"672" 2021 443189 26.59134
"673" 2021 450111 27.00666
"674" 2021 445297 24.491335
"675" 2021 469298 25.81139
"676" 2021 486638 34.06466
"677" 2021 491426 39.31408
"678" 2021 501456 32.59464
"679" 2021 527751 42.22008
"680" 2021 510100 56.111
"681" 2021 507797 53.318685
"682" 2021 498768 59.85216
"683" 2021 495257 71.812265
"684" 2021 488788 83.09396
"685" 2021 475599 92.741805
"686" 2021 479899 98.379295
"687" 2021 484827 104.237805
"688" 2021 479235 105.4317
"689" 2021 470814 110.64129
"690" 2021 479128 122.17764
"691" 2021 478740 134.0472
"692" 2021 481786 134.90008
"693" 2021 490995 137.4786
"694" 2021 509794 147.84026
"695" 2021 525859 152.49911
"696" 2021 523424 167.49568
"697" 2021 531524 191.34864
"698" 2021 539727 202.397625
"699" 2021 549065 197.6634
"700" 2021 555941 211.25758
"701" 2021 569339 239.12238
"702" 2021 588701 256.084935
"703" 2021 611355 293.4504
"704" 2021 631354 347.2447
"705" 2021 667524 410.52726
"706" 2021 697491 449.881695
"707" 2021 731583 486.502695
"708" 2021 753756 557.77944
"709" 2021 787915 661.8486
"710" 2021 798493 722.636165
"711" 2021 813007 829.26714
"712" 2021 806858 960.16102
"713" 2021 800955 1101.313125
"714" 2021 781401 1234.61358
"715" 2021 777615 1391.93085
"716" 2021 765224 1522.79576
"717" 2021 753583 1680.49009
"718" 2021 745588 1882.6097
"719" 2021 738108 2063.01186
"720" 2021 741402 2320.58826
"721" 2021 721870 2486.84215
"722" 2021 715151 2724.72531
"723" 2021 722268 3022.69158
"724" 2021 686169 3029.436135
"725" 2021 661370 3187.8034
"726" 2021 644205 3452.9388
"727" 2021 644847 3801.373065
"728" 2021 624687 4013.613975
"729" 2021 607645 4186.67405
"730" 2021 590744 4406.95024
"731" 2021 549082 4442.07338
"732" 2021 530137 4625.445325
"733" 2021 503649 4779.62901
"734" 2021 500877 5016.283155
"735" 2021 495373 5307.921695
"736" 2021 460621 5391.568805
"737" 2021 446949 5723.181945
"738" 2021 459502 6566.28358
"739" 2021 475091 7458.9287
"740" 2021 429265 7391.9433
"741" 2021 404429 7698.306015
"742" 2021 416008 8686.24704
"743" 2021 388842 8982.2502
"744" 2021 374863 9684.585605
"745" 2021 317163 9104.163915
"746" 2021 284718 9360.10425
"747" 2021 338710 12896.38325
"748" 2021 217270 9387.15035
"749" 2021 236088 11522.27484
"750" 2021 252739 14053.552095
"751" 2021 262503 16734.56625
"752" 2021 237735 17240.5422
"753" 2021 218812 18089.18804
"754" 2021 204490 19253.75595
"755" 2021 182656 19472.95616
"756" 2021 153057 18518.36643
"757" 2021 132118.97 17947.0408848
"758" 2021 108075.25 16348.5430675
"759" 2021 88138.04 14914.7191288
"760" 2021 69363.98 12786.2092533
"761" 2021 52794.92 10662.1980686
"762" 2021 40850.96 9188.6064328
"763" 2021 29105.03 7193.74473995
"764" 2021 21052.64 5692.2128032
"765" 2021 14613.31 4301.8661978
"766" 2021 9367.26 2987.4533955
"767" 2021 5937.07 2040.89749785
"768" 2021 3326.01 1225.967286
"769" 2021 2012.06 791.0715699
"770" 2021 1169.14 487.7418252
"771" 2021 681.91 300.30975445
"772" 2021 374.21 173.10393285
"773" 2021 202.51 97.92877325
"774" 2021 106.53 53.60855925
"775" 2021 48.63 25.3581135
"776" 2021 21.37 16.350187
"777" 2021 14.2 14.2
