"year" "population" "expected"
"1" 2015 426459 1121.58717
"2" 2015 426471 68.23536
"3" 2015 452560 47.5188
"4" 2015 472391 33.06737
"5" 2015 478812 35.9109
"6" 2015 489531 39.16248
"7" 2015 516354 36.14478
"8" 2015 498243 37.368225
"9" 2015 495018 39.60144
"10" 2015 485231 36.392325
"11" 2015 480429 33.63003
"12" 2015 471933 35.394975
"13" 2015 453984 40.85856
"14" 2015 451133 45.1133
"15" 2015 450530 49.5583
"16" 2015 440338 57.24394
"17" 2015 427395 68.3832
"18" 2015 430209 79.588665
"19" 2015 427490 89.7729
"20" 2015 427864 96.2694
"21" 2015 435372 97.9587
"22" 2015 454362 102.23145
"23" 2015 472175 115.682875
"24" 2015 473647 125.516455
"25" 2015 483744 130.61088
"26" 2015 497427 134.30529
"27" 2015 511371 143.18388
"28" 2015 524168 157.2504
"29" 2015 542543 170.901045
"30" 2015 564831 172.273455
"31" 2015 591236 183.28316
"32" 2015 614535 218.159925
"33" 2015 654107 242.01959
"34" 2015 686418 271.13511
"35" 2015 723569 314.752515
"36" 2015 747765 362.666025
"37" 2015 784375 411.796875
"38" 2015 797240 446.4544
"39" 2015 812508 495.62988
"40" 2015 807903 533.21598
"41" 2015 802552 601.914
"42" 2015 783091 685.204625
"43" 2015 780073 783.973365
"44" 2015 767033 847.571465
"45" 2015 756919 938.57956
"46" 2015 749697 1042.07883
"47" 2015 743748 1167.68436
"48" 2015 747478 1349.19779
"49" 2015 727995 1452.350025
"50" 2015 722091 1610.26293
"51" 2015 730731 1859.710395
"52" 2015 695017 1973.84828
"53" 2015 671388 2091.37362
"54" 2015 654920 2220.1788
"55" 2015 656942 2447.10895
"56" 2015 637968 2602.90944
"57" 2015 622817 2805.790585
"58" 2015 606020 2990.7087
"59" 2015 565025 3039.8345
"60" 2015 546545 3197.28825
"61" 2015 520356 3184.57872
"62" 2015 519437 3443.86731
"63" 2015 516159 3708.602415
"64" 2015 481700 3641.652
"65" 2015 470183 3813.18413
"66" 2015 487255 4326.8244
"67" 2015 508607 4961.461285
"68" 2015 463244 4931.23238
"69" 2015 440598 5088.9069
"70" 2015 457809 5809.59621
"71" 2015 433116 6039.80262
"72" 2015 422626 6381.6526
"73" 2015 362104 5971.09496
"74" 2015 330529 6007.364575
"75" 2015 400653 8111.219985
"76" 2015 263506 6064.59059
"77" 2015 294025 7794.60275
"78" 2015 323280 9638.5932
"79" 2015 345894 11485.41027
"80" 2015 326362 12259.78853
"81" 2015 313631 13457.90621
"82" 2015 309081 15073.88037
"83" 2015 292233 16192.63053
"84" 2015 262717 16644.435535
"85" 2015 243915.97 17715.6169011
"86" 2015 218206.25 17972.55778125
"87" 2015 195699.04 18167.7203784
"88" 2015 170281.98 17907.7044267
"89" 2015 146663.92 17544.67143
"90" 2015 126483.96 17140.4738394
"91" 2015 104170.03 15722.90347805
"92" 2015 87455.64 14672.870001
"93" 2015 69821.31 13108.60184595
"94" 2015 52433.26 10806.2327197
"95" 2015 38946.07 8792.4647632
"96" 2015 26329.01 6560.6627118
"97" 2015 18903.06 5153.5412478
"98" 2015 13347.14 3961.7648305
"99" 2015 9462.91 3042.6094523
"100" 2015 6352.21 2200.88195975
"101" 2015 4293.51 1594.50227625
"102" 2015 2817.09 1115.44087095
"103" 2015 1711.45 718.706313
"104" 2015 944.97 418.6973076
"105" 2015 564.33 262.50656445
"106" 2015 293.26 142.5302252
"107" 2015 142.37 71.9708824
"108" 2015 66.02 34.5667516
"109" 2015 31.1 16.7988205
"110" 2015 14.54 11.2544689
"111" 2015 6.59 6.59
"112" 2016 419395 1103.00885
"113" 2016 429530 68.7248
"114" 2016 427407 44.877735
"115" 2016 453586 31.75102
"116" 2016 472844 35.4633
"117" 2016 478775 38.302
"118" 2016 489085 34.23595
"119" 2016 515810 38.68575
"120" 2016 498218 39.85744
"121" 2016 495316 37.1487
"122" 2016 485583 33.99081
"123" 2016 480592 36.0444
"124" 2016 472347 42.51123
"125" 2016 454806 45.4806
"126" 2016 452108 49.73188
"127" 2016 451532 58.69916
"128" 2016 441430 70.6288
"129" 2016 428671 79.304135
"130" 2016 433196 90.97116
"131" 2016 430800 96.93
"132" 2016 431467 97.080075
"133" 2016 438876 98.7471
"134" 2016 457814 112.16443
"135" 2016 475743 126.071895
"136" 2016 476732 128.71764
"137" 2016 486560 131.3712
"138" 2016 499355 139.8194
"139" 2016 512283 153.6849
"140" 2016 524105 165.093075
"141" 2016 541862 165.26791
"142" 2016 563692 174.74452
"143" 2016 589302 209.20221
"144" 2016 612556 226.64572
"145" 2016 651483 257.335785
"146" 2016 683371 297.266385
"147" 2016 720139 349.267415
"148" 2016 744485 390.854625
"149" 2016 781077 437.40312
"150" 2016 793895 484.27595
"151" 2016 809423 534.21918
"152" 2016 804458 603.3435
"153" 2016 799101 699.213375
"154" 2016 779976 783.87588
"155" 2016 776896 858.47008
"156" 2016 764383 947.83492
"157" 2016 754164 1048.28796
"158" 2016 747038 1172.84966
"159" 2016 741080 1337.6494
"160" 2016 744857 1485.989715
"161" 2016 725754 1618.43142
"162" 2016 719688 1831.60596
"163" 2016 728123 2067.86932
"164" 2016 692312 2156.55188
"165" 2016 668802 2267.23878
"166" 2016 652137 2429.210325
"167" 2016 654229 2669.25432
"168" 2016 635054 2860.91827
"169" 2016 619737 3058.402095
"170" 2016 602863 3243.40294
"171" 2016 561728 3286.1088
"172" 2016 543435 3325.8222
"173" 2016 517349 3430.02387
"174" 2016 516191 3708.832335
"175" 2016 512764 3876.49584
"176" 2016 478566 3881.17026
"177" 2016 466994 4146.90672
"178" 2016 483378 4715.35239
"179" 2016 503798 5362.92971
"180" 2016 458372 5294.1966
"181" 2016 435592 5527.66248
"182" 2016 451961 6302.596145
"183" 2016 426910 6446.341
"184" 2016 416253 6864.01197
"185" 2016 356105 6472.208375
"186" 2016 324498 6569.46201
"187" 2016 392475 9032.812125
"188" 2016 257349 6822.32199
"189" 2016 286267 8535.050605
"190" 2016 313673 10415.511965
"191" 2016 334366 12560.45879
"192" 2016 314224 13483.35184
"193" 2016 300231 14642.26587
"194" 2016 293939 16287.15999
"195" 2016 276038 17488.38749
"196" 2016 246349 17892.32787
"197" 2016 226585.97 18662.75341905
"198" 2016 200651.25 18627.45879375
"199" 2016 177297.04 18645.4432116
"200" 2016 152773.98 18275.5873575
"201" 2016 128553.92 17420.9844688
"202" 2016 110018.96 16605.7117276
"203" 2016 88176.03 14793.73343325
"204" 2016 72397.64 13592.2949218
"205" 2016 57005.31 11748.50936445
"206" 2016 41681.26 9409.9612576
"207" 2016 30439.07 7584.8074626
"208" 2016 19612.01 5346.8222863
"209" 2016 13832.06 4105.7012095
"210" 2016 9373.14 3013.7457042
"211" 2016 6541.91 2266.60826725
"212" 2016 4225.21 1569.13736375
"213" 2016 2746.51 1087.49436705
"214" 2016 1793.09 752.9902146
"215" 2016 1002.45 444.165546
"216" 2016 545.97 253.96613505
"217" 2016 309.46 150.4037492
"218" 2016 145.91 73.7604232
"219" 2016 65.75 34.425385
"220" 2016 28.58 15.4376299
"221" 2016 16.35 12.65547225
"222" 2016 11.16 11.16
"223" 2017 409900 1078.037
"224" 2017 423504 67.76064
"225" 2017 432143 45.375015
"226" 2017 429741 30.08187
"227" 2017 455355 34.151625
"228" 2017 474004 37.92032
"229" 2017 479377 33.55639
"230" 2017 489670 36.72525
"231" 2017 516402 41.31216
"232" 2017 499170 37.43775
"233" 2017 496477 34.75339
"234" 2017 486947 36.521025
"235" 2017 481873 43.36857
"236" 2017 474062 47.4062
"237" 2017 456556 50.22116
"238" 2017 454188 59.04444
"239" 2017 453736 72.59776
"240" 2017 444011 82.142035
"241" 2017 432937 90.91677
"242" 2017 438142 98.58195
"243" 2017 436119 98.126775
"244" 2017 436451 98.201475
"245" 2017 444002 108.78049
"246" 2017 463277 122.768405
"247" 2017 481100 129.897
"248" 2017 481883 130.10841
"249" 2017 491431 137.60068
"250" 2017 503384 151.0152
"251" 2017 515551 162.398565
"252" 2017 526519 160.588295
"253" 2017 543363 168.44253
"254" 2017 564834 200.51607
"255" 2017 589999 218.29963
"256" 2017 612505 241.939475
"257" 2017 651081 283.220235
"258" 2017 682740 331.1289
"259" 2017 719426 377.69865
"260" 2017 743418 416.31408
"261" 2017 779647 475.58467
"262" 2017 792207 522.85662
"263" 2017 807676 605.757
"264" 2017 802657 702.324875
"265" 2017 797398 801.38499
"266" 2017 778184 859.89332
"267" 2017 775196 961.24304
"268" 2017 762919 1060.45741
"269" 2017 752551 1181.50507
"270" 2017 745362 1345.37841
"271" 2017 739230 1474.76385
"272" 2017 743032 1656.96136
"273" 2017 724119 1842.882855
"274" 2017 717936 2038.93824
"275" 2017 726051 2261.648865
"276" 2017 690291 2340.08649
"277" 2017 666591 2483.051475
"278" 2017 649883 2651.52264
"279" 2017 652011 2937.309555
"280" 2017 632499 3121.382565
"281" 2017 617099 3319.99262
"282" 2017 600354 3512.0709
"283" 2017 559128 3421.86336
"284" 2017 540763 3585.25869
"285" 2017 514712 3698.20572
"286" 2017 513225 3879.981
"287" 2017 509408 4131.29888
"288" 2017 475421 4221.73848
"289" 2017 463609 4522.505795
"290" 2017 479343 5102.606235
"291" 2017 498881 5762.07555
"292" 2017 453365 5753.20185
"293" 2017 430248 5999.80836
"294" 2017 446075 6735.7325
"295" 2017 420576 6935.29824
"296" 2017 409343 7439.809025
"297" 2017 349600 7077.652
"298" 2017 317834 7314.94951
"299" 2017 383547 10167.83097
"300" 2017 250841 7478.824415
"301" 2017 278137 9235.539085
"302" 2017 303754 11410.51901
"303" 2017 322462 13836.84442
"304" 2017 301758 14716.73766
"305" 2017 286509 15875.46369
"306" 2017 278705 17657.355275
"307" 2017 259777 18867.60351
"308" 2017 229572 18908.69778
"309" 2017 209499.97 19448.92971495
"310" 2017 182715.25 19215.24926625
"311" 2017 160379.04 19185.34266
"312" 2017 135279.98 18332.4664897
"313" 2017 112868.92 17035.8704402
"314" 2017 93747.96 15728.563989
"315" 2017 74595.03 14004.84390735
"316" 2017 59614.64 12286.2792308
"317" 2017 45447.31 10260.1847056
"318" 2017 33397.26 8321.9292468
"319" 2017 22816.07 6220.3451641
"320" 2017 14822.01 4399.54311825
"321" 2017 10005.06 3216.9269418
"322" 2017 6823.14 2364.0474315
"323" 2017 4328.91 1607.64895125
"324" 2017 2904.21 1149.93647055
"325" 2017 1801.51 756.5261094
"326" 2017 1084.09 480.3385972
"327" 2017 604.45 281.16898425
"328" 2017 314.21 152.7123442
"329" 2017 173.86 87.8897072
"330" 2017 77.98 40.8287684
"331" 2017 32.29 17.44160495
"332" 2017 12.06 9.3348621
"333" 2017 11.78 11.78
"334" 2018 392563 1032.44069
"335" 2018 415792 66.52672
"336" 2018 428572 45.00006
"337" 2018 436248 30.53736
"338" 2018 433053 32.478975
"339" 2018 457965 36.6372
"340" 2018 475914 33.31398
"341" 2018 480747 36.056025
"342" 2018 491372 39.30976
"343" 2018 517976 38.8482
"344" 2018 500924 35.06468
"345" 2018 498220 37.3665
"346" 2018 488788 43.99092
"347" 2018 484065 48.4065
"348" 2018 476367 52.40037
"349" 2018 459179 59.69327
"350" 2018 457057 73.12912
"351" 2018 457172 84.57682
"352" 2018 450058 94.51218
"353" 2018 440381 99.085725
"354" 2018 446031 100.356975
"355" 2018 444294 99.96615
"356" 2018 445250 109.08625
"357" 2018 453268 120.11602
"358" 2018 472636 127.61172
"359" 2018 490287 132.37749
"360" 2018 490685 137.3918
"361" 2018 499610 149.883
"362" 2018 510399 160.775685
"363" 2018 521363 159.015715
"364" 2018 531498 164.76438
"365" 2018 547399 194.326645
"366" 2018 567973 210.15001
"367" 2018 592465 234.023675
"368" 2018 614076 267.12306
"369" 2018 652184 316.30924
"370" 2018 683915 359.055375
"371" 2018 719483 402.91048
"372" 2018 743063 453.26843
"373" 2018 779063 514.18158
"374" 2018 791391 593.54325
"375" 2018 806704 705.866
"376" 2018 801367 805.373835
"377" 2018 796217 879.819785
"378" 2018 776946 963.41304
"379" 2018 773828 1075.62092
"380" 2018 761823 1196.06211
"381" 2018 751157 1355.838385
"382" 2018 743754 1483.78923
"383" 2018 737294 1644.16562
"384" 2018 741197 1886.346365
"385" 2018 722405 2051.6302
"386" 2018 716095 2230.635925
"387" 2018 724013 2454.40407
"388" 2018 688398 2564.28255
"389" 2018 664333 2710.47864
"390" 2018 647591 2917.397455
"391" 2018 649390 3204.73965
"392" 2018 629768 3388.15184
"393" 2018 614089 3592.42065
"394" 2018 597637 3657.53844
"395" 2018 556373 3688.75299
"396" 2018 538027 3865.723995
"397" 2018 511745 3868.7922
"398" 2018 510059 4136.57849
"399" 2018 506145 4494.5676
"400" 2018 472188 4606.19394
"401" 2018 459690 4893.40005
"402" 2018 474771 5483.60505
"403" 2018 493338 6260.45922
"404" 2018 447886 6245.77027
"405" 2018 424325 6407.3075
"406" 2018 439301 7244.07349
"407" 2018 413476 7514.9263
"408" 2018 401656 8131.52572
"409" 2018 342278 7877.52817
"410" 2018 310405 8228.83655
"411" 2018 373771 11143.982365
"412" 2018 243294 8078.57727
"413" 2018 268856 10099.57564
"414" 2018 292512 12551.68992
"415" 2018 309331 15086.07287
"416" 2018 287504 15930.59664
"417" 2018 271335 17190.428925
"418" 2018 261958 19026.00954
"419" 2018 242001 19932.412365
"420" 2018 211525 19636.923375
"421" 2018 190970.97 20083.46206005
"422" 2018 164029.25 19621.99903125
"423" 2018 142190.04 19268.8832706
"424" 2018 117814.98 17782.4040063
"425" 2018 96458.92 16183.395303
"426" 2018 78445.96 14727.8367602
"427" 2018 61268.03 12627.03464285
"428" 2018 47580.64 10741.8052864
"429" 2018 35837.31 8929.9409058
"430" 2018 25113.26 6846.6280738
"431" 2018 16759.07 4974.51095275
"432" 2018 10809.01 3475.4209853
"433" 2018 6894.06 2388.6194385
"434" 2018 4589.14 1704.2918675
"435" 2018 2872.91 1137.54307905
"436" 2018 1757.21 737.9227674
"437" 2018 1137.51 504.0079308
"438" 2018 619.09 287.97899985
"439" 2018 337.47 164.0171694
"440" 2018 163.73 82.7687896
"441" 2018 86.21 45.1378318
"442" 2018 40.18 21.7034279
"443" 2018 17.28 13.3753248
"444" 2018 9.77 9.77
"445" 2019 371989 978.33107
"446" 2019 398493 63.75888
"447" 2019 421914 44.30097
"448" 2019 433831 30.36817
"449" 2019 441277 33.095775
"450" 2019 437303 34.98424
"451" 2019 461788 32.32516
"452" 2019 479212 35.9409
"453" 2019 483939 38.71512
"454" 2019 494646 37.09845
"455" 2019 521132 36.47924
"456" 2019 503823 37.786725
"457" 2019 501216 45.10944
"458" 2019 491959 49.1959
"459" 2019 487597 53.63567
"460" 2019 480166 62.42158
"461" 2019 463711 74.19376
"462" 2019 462400 85.544
"463" 2019 465905 97.84005
"464" 2019 459980 103.4955
"465" 2019 450576 101.3796
"466" 2019 456986 102.82185
"467" 2019 456131 111.752095
"468" 2019 458095 121.395175
"469" 2019 466534 125.96418
"470" 2019 486068 131.23836
"471" 2019 503479 140.97412
"472" 2019 502781 150.8343
"473" 2019 511490 161.11935
"474" 2019 521300 158.9965
"475" 2019 531766 164.84746
"476" 2019 540556 191.89738
"477" 2019 555248 205.44176
"478" 2019 575250 227.22375
"479" 2019 598839 260.494965
"480" 2019 619900 300.6515
"481" 2019 657414 345.14235
"482" 2019 688728 385.68768
"483" 2019 723779 441.50519
"484" 2019 746584 492.74544
"485" 2019 781887 586.41525
"486" 2019 793569 694.372875
"487" 2019 808541 812.583705
"488" 2019 802933 887.240965
"489" 2019 797650 989.086
"490" 2019 778172 1081.65908
"491" 2019 774965 1216.69505
"492" 2019 762816 1376.88288
"493" 2019 751902 1500.04449
"494" 2019 744286 1659.75778
"495" 2019 737469 1876.858605
"496" 2019 741303 2105.30052
"497" 2019 722249 2249.805635
"498" 2019 715721 2426.29419
"499" 2019 723344 2694.4564
"500" 2019 687546 2805.18768
"501" 2019 663432 2988.76116
"502" 2019 646446 3190.21101
"503" 2019 647948 3485.96024
"504" 2019 628144 3674.6424
"505" 2019 612131 3746.24172
"506" 2019 595753 3949.84239
"507" 2019 554330 3982.86105
"508" 2019 535791 4050.57996
"509" 2019 509374 4131.02314
"510" 2019 507451 4506.16488
"511" 2019 503356 4910.23778
"512" 2019 468912 4991.56824
"513" 2019 456140 5268.417
"514" 2019 470396 5969.32524
"515" 2019 488072 6806.16404
"516" 2019 442495 6681.6745
"517" 2019 418536 6901.65864
"518" 2019 432599 7862.486825
"519" 2019 406284 8225.21958
"520" 2019 393951 9066.782265
"521" 2019 334869 8877.37719
"522" 2019 302698 9024.94087
"523" 2019 363371 12065.734055
"524" 2019 235563 8848.924095
"525" 2019 259060 11116.2646
"526" 2019 280703 13689.88531
"527" 2019 295327 16364.06907
"528" 2019 272487 17263.413885
"529" 2019 255491 18556.31133
"530" 2019 244281 20120.204565
"531" 2019 223607 20758.555845
"532" 2019 192935 20290.009275
"533" 2019 172423.97 20626.21741125
"534" 2019 145887.25 19769.91068375
"535" 2019 124099.04 18730.8886024
"536" 2019 100707.98 16896.2813445
"537" 2019 81350.92 15273.2284754
"538" 2019 64933.96 13382.5644862
"539" 2019 49114.03 11087.9834128
"540" 2019 37343.64 9305.2882152
"541" 2019 27466.31 7488.1400953
"542" 2019 18482.26 5485.9968245
"543" 2019 12341.07 3968.0242371
"544" 2019 7440.01 2577.77746475
"545" 2019 4810.06 1786.3360325
"546" 2019 2915.14 1154.2642587
"547" 2019 1794.91 753.7545054
"548" 2019 1068.21 473.3024868
"549" 2019 657.51 305.85063915
"550" 2019 350.53 170.3645906
"551" 2019 185.63 93.8396776
"552" 2019 92.37 48.3630846
"553" 2019 47.94 25.8950307
"554" 2019 17.66 13.6694581
"555" 2019 10.6 10.6
"556" 2020 359941 946.64483
"557" 2020 378390 60.5424
"558" 2020 405115 42.537075
"559" 2020 428395 29.98765
"560" 2020 440044 33.0033
"561" 2020 447315 35.7852
"562" 2020 442844 30.99908
"563" 2020 466799 35.009925
"564" 2020 484245 38.7396
"565" 2020 489007 36.675525
"566" 2020 499354 34.95478
"567" 2020 525576 39.4182
"568" 2020 508033 45.72297
"569" 2020 505680 50.568
"570" 2020 496417 54.60587
"571" 2020 492663 64.04619
"572" 2020 485681 77.70896
"573" 2020 470259 86.997915
"574" 2020 473087 99.34827
"575" 2020 478304 107.6184
"576" 2020 472617 106.338825
"577" 2020 463583 104.306175
"578" 2020 471090 115.41705
"579" 2020 470962 124.80493
"580" 2020 473933 127.96191
"581" 2020 482656 130.31712
"582" 2020 501905 140.5334
"583" 2020 518448 155.5344
"584" 2020 516821 162.798615
"585" 2020 525148 160.17014
"586" 2020 533950 165.5245
"587" 2020 543688 193.00924
"588" 2020 551101 203.90737
"589" 2020 564847 223.114565
"590" 2020 584670 254.33145
"591" 2020 607641 294.705885
"592" 2020 627818 329.60445
"593" 2020 664689 372.22584
"594" 2020 695162 424.04882
"595" 2020 729756 481.63896
"596" 2020 752122 564.0915
"597" 2020 786642 688.31175
"598" 2020 797598 801.58599
"599" 2020 812289 897.579345
"600" 2020 806337 999.85788
"601" 2020 800583 1112.81037
"602" 2020 781321 1226.67397
"603" 2020 777431 1403.262955
"604" 2020 765337 1526.847315
"605" 2020 753958 1681.32634
"606" 2020 746118 1898.87031
"607" 2020 738804 2098.20336
"608" 2020 742462 2312.76913
"609" 2020 723146 2451.46494
"610" 2020 716393 2668.563925
"611" 2020 723621 2952.37368
"612" 2020 687884 3098.91742
"613" 2020 663196 3272.87226
"614" 2020 646241 3476.77658
"615" 2020 647337 3786.92145
"616" 2020 627393 3839.64516
"617" 2020 610731 4049.14653
"618" 2020 594015 4267.997775
"619" 2020 552616 4177.77696
"620" 2020 534091 4331.47801
"621" 2020 507327 4505.06376
"622" 2020 505265 4928.860075
"623" 2020 500621 5329.110545
"624" 2020 465797 5379.95535
"625" 2020 452750 5745.3975
"626" 2020 466131 6500.196795
"627" 2020 482895 7291.7145
"628" 2020 437003 7206.17947
"629" 2020 412702 7500.85885
"630" 2020 425594 8616.15053
"631" 2020 398924 9181.23586
"632" 2020 385942 10231.32242
"633" 2020 327414 9761.84841
"634" 2020 295013 9795.906665
"635" 2020 352887 13256.200155
"636" 2020 227824 9775.92784
"637" 2020 249140 12150.5578
"638" 2020 268468 14875.81188
"639" 2020 280943 17799.143765
"640" 2020 257303 18687.91689
"641" 2020 239262 19706.81463
"642" 2020 226520 21028.9842
"643" 2020 205061 21565.240065
"644" 2020 174884 20920.4985
"645" 2020 153925.97 20859.27782455
"646" 2020 128350.25 19372.54498375
"647" 2020 107108.04 17970.051411
"648" 2020 85667.98 16083.7349051
"649" 2020 67348.92 13880.2756674
"650" 2020 53063.96 11979.7196096
"651" 2020 39205.03 9769.1093754
"652" 2020 29036.64 7916.2591632
"653" 2020 20776.31 6166.92821575
"654" 2020 13590.26 4369.6762978
"655" 2020 8888.07 3079.49405325
"656" 2020 5210.01 1934.86746375
"657" 2020 3259.06 1290.4411023
"658" 2020 1917.14 805.0837716
"659" 2020 1156.91 512.6036828
"660" 2020 645.21 300.12910965
"661" 2020 375.51 182.5053702
"662" 2020 202.53 102.3829656
"663" 2020 95.63 50.0699554
"664" 2020 46.37 25.04698735
"665" 2020 22.94 17.7563629
"666" 2020 15.26 15.26
"667" 2021 340976 896.76688
"668" 2021 363342 58.13472
"669" 2021 382090 40.11945
"670" 2021 408307 28.58149
"671" 2021 431538 32.36535
"672" 2021 443189 35.45512
"673" 2021 450111 31.50777
"674" 2021 445297 33.397275
"675" 2021 469298 37.54384
"676" 2021 486638 36.49785
"677" 2021 491426 34.39982
"678" 2021 501456 37.6092
"679" 2021 527751 47.49759
"680" 2021 510100 51.01
"681" 2021 507797 55.85767
"682" 2021 498768 64.83984
"683" 2021 495257 79.24112
"684" 2021 488788 90.42578
"685" 2021 475599 99.87579
"686" 2021 479899 107.977275
"687" 2021 484827 109.086075
"688" 2021 479235 107.827875
"689" 2021 470814 115.34943
"690" 2021 479128 126.96892
"691" 2021 478740 129.2598
"692" 2021 481786 130.08222
"693" 2021 490995 137.4786
"694" 2021 509794 152.9382
"695" 2021 525859 165.645585
"696" 2021 523424 159.64432
"697" 2021 531524 164.77244
"698" 2021 539727 191.603085
"699" 2021 549065 203.15405
"700" 2021 555941 219.596695
"701" 2021 569339 247.662465
"702" 2021 588701 285.519985
"703" 2021 611355 320.961375
"704" 2021 631354 353.55824
"705" 2021 667524 407.18964
"706" 2021 697491 460.34406
"707" 2021 731583 548.68725
"708" 2021 753756 659.5365
"709" 2021 787915 791.854575
"710" 2021 798493 882.334765
"711" 2021 813007 1008.12868
"712" 2021 806858 1121.53262
"713" 2021 800955 1257.49935
"714" 2021 781401 1410.428805
"715" 2021 777615 1551.341925
"716" 2021 765224 1706.44952
"717" 2021 753583 1917.868735
"718" 2021 745588 2117.46992
"719" 2021 738108 2299.20642
"720" 2021 741402 2513.35278
"721" 2021 721870 2688.96575
"722" 2021 715151 2917.81608
"723" 2021 722268 3253.81734
"724" 2021 686169 3386.244015
"725" 2021 661370 3558.1706
"726" 2021 644205 3768.59925
"727" 2021 644847 3946.46364
"728" 2021 624687 4141.67481
"729" 2021 607645 4365.929325
"730" 2021 590744 4466.02464
"731" 2021 549082 4453.05502
"732" 2021 530137 4707.61656
"733" 2021 503649 4913.095995
"734" 2021 500877 5331.835665
"735" 2021 495373 5721.55815
"736" 2021 460621 5845.28049
"737" 2021 446949 6232.703805
"738" 2021 459502 6938.4802
"739" 2021 475091 7834.25059
"740" 2021 429265 7801.891375
"741" 2021 404429 8187.665105
"742" 2021 416008 9574.42412
"743" 2021 388842 10308.20142
"744" 2021 374863 11176.540345
"745" 2021 317163 10531.397415
"746" 2021 284718 10695.43167
"747" 2021 338710 14534.0461
"748" 2021 217270 10596.2579
"749" 2021 236088 13081.63608
"750" 2021 252739 16012.279345
"751" 2021 262503 19065.59289
"752" 2021 237735 19581.043275
"753" 2021 218812 20313.41202
"754" 2021 204490 21505.19085
"755" 2021 182656 21850.224
"756" 2021 153057 20741.519355
"757" 2021 132118.97 19941.37673695
"758" 2021 108075.25 18132.32506875
"759" 2021 88138.04 16547.4763198
"760" 2021 69363.98 14295.5694581
"761" 2021 52794.92 11918.9811392
"762" 2021 40850.96 10179.2422128
"763" 2021 29105.03 7934.9043289
"764" 2021 21052.64 6248.949868
"765" 2021 14613.31 4698.6175643
"766" 2021 9367.26 3245.5214085
"767" 2021 5937.07 2204.87937125
"768" 2021 3326.01 1316.95028955
"769" 2021 2012.06 844.9444764
"770" 2021 1169.14 518.0225512
"771" 2021 681.91 317.20066515
"772" 2021 374.21 181.8735442
"773" 2021 202.51 102.3728552
"774" 2021 106.53 55.7769774
"775" 2021 48.63 26.26773765
"776" 2021 21.37 16.54112795
"777" 2021 14.2 14.2
