"year" "population" "expected"
"1" 2015 426459 1117.32258
"2" 2015 426471 72.50007
"3" 2015 452560 47.5188
"4" 2015 472391 42.51519
"5" 2015 478812 40.69902
"6" 2015 489531 36.714825
"7" 2015 516354 33.56301
"8" 2015 498243 32.385795
"9" 2015 495018 34.65126
"10" 2015 485231 33.96617
"11" 2015 480429 33.63003
"12" 2015 471933 33.03531
"13" 2015 453984 36.31872
"14" 2015 451133 42.857635
"15" 2015 450530 49.5583
"16" 2015 440338 59.44563
"17" 2015 427395 66.246225
"18" 2015 430209 75.286575
"19" 2015 427490 87.63545
"20" 2015 427864 94.13008
"21" 2015 435372 97.9587
"22" 2015 454362 104.50326
"23" 2015 472175 115.682875
"24" 2015 473647 123.14822
"25" 2015 483744 128.19216
"26" 2015 497427 136.792425
"27" 2015 511371 145.740735
"28" 2015 524168 154.62956
"29" 2015 542543 170.901045
"30" 2015 564831 189.218385
"31" 2015 591236 203.97642
"32" 2015 614535 218.159925
"33" 2015 654107 242.01959
"34" 2015 686418 277.99929
"35" 2015 723569 321.988205
"36" 2015 747765 355.188375
"37" 2015 784375 400.03125
"38" 2015 797240 442.4682
"39" 2015 812508 491.56734
"40" 2015 807903 541.29501
"41" 2015 802552 593.88848
"42" 2015 783091 630.388255
"43" 2015 780073 705.966065
"44" 2015 767033 767.033
"45" 2015 756919 847.74928
"46" 2015 749697 955.863675
"47" 2015 743748 1089.59082
"48" 2015 747478 1266.97521
"49" 2015 727995 1372.270575
"50" 2015 722091 1520.001555
"51" 2015 730731 1746.44709
"52" 2015 695017 1855.69539
"53" 2015 671388 1970.52378
"54" 2015 654920 2125.2154
"55" 2015 656942 2345.28294
"56" 2015 637968 2504.0244
"57" 2015 622817 2687.455355
"58" 2015 606020 2827.0833
"59" 2015 565025 2864.67675
"60" 2015 546545 3030.592025
"61" 2015 520356 3129.94134
"62" 2015 519437 3381.53487
"63" 2015 516159 3638.92095
"64" 2015 481700 3656.103
"65" 2015 470183 3836.69328
"66" 2015 487255 4319.515575
"67" 2015 508607 4885.170235
"68" 2015 463244 4785.31052
"69" 2015 440598 4930.29162
"70" 2015 457809 5578.402665
"71" 2015 433116 5792.9265
"72" 2015 422626 6193.58403
"73" 2015 362104 5799.09556
"74" 2015 330529 5866.88975
"75" 2015 400653 7882.847775
"76" 2015 263506 5761.55869
"77" 2015 294025 7230.07475
"78" 2015 323280 8943.5412
"79" 2015 345894 10798.81068
"80" 2015 326362 11569.5329
"81" 2015 313631 12639.3293
"82" 2015 309081 14128.09251
"83" 2015 292233 15143.51406
"84" 2015 262717 15556.787155
"85" 2015 243915.97 16547.2594048
"86" 2015 218206.25 16823.701875
"87" 2015 195699.04 17141.2789136
"88" 2015 170281.98 16925.1774021
"89" 2015 146663.92 16529.7571036
"90" 2015 126483.96 16170.974286
"91" 2015 104170.03 14934.33635095
"92" 2015 87455.64 13939.1171814
"93" 2015 69821.31 12376.17630405
"94" 2015 52433.26 10264.3349776
"95" 2015 38946.07 8386.84144415
"96" 2015 26329.01 6243.00320615
"97" 2015 18903.06 4915.6462377
"98" 2015 13347.14 3788.5189533
"99" 2015 9462.91 2917.415153
"100" 2015 6352.21 2116.2387615
"101" 2015 4293.51 1537.5918012
"102" 2015 2817.09 1078.73418825
"103" 2015 1711.45 697.04791325
"104" 2015 944.97 407.22064695
"105" 2015 564.33 256.0026612
"106" 2015 293.26 139.357152
"107" 2015 142.37 70.53935205
"108" 2015 66.02 33.9557365
"109" 2015 31.1 16.5363365
"110" 2015 14.54 11.1960908
"111" 2015 6.59 6.59
"112" 2016 419395 1098.8149
"113" 2016 429530 73.0201
"114" 2016 427407 44.877735
"115" 2016 453586 40.82274
"116" 2016 472844 40.19174
"117" 2016 478775 35.908125
"118" 2016 489085 31.790525
"119" 2016 515810 33.52765
"120" 2016 498218 34.87526
"121" 2016 495316 34.67212
"122" 2016 485583 33.99081
"123" 2016 480592 33.64144
"124" 2016 472347 37.78776
"125" 2016 454806 43.20657
"126" 2016 452108 49.73188
"127" 2016 451532 60.95682
"128" 2016 441430 68.42165
"129" 2016 428671 75.017425
"130" 2016 433196 88.80518
"131" 2016 430800 94.776
"132" 2016 431467 97.080075
"133" 2016 438876 100.94148
"134" 2016 457814 112.16443
"135" 2016 475743 123.69318
"136" 2016 476732 126.33398
"137" 2016 486560 133.804
"138" 2016 499355 142.316175
"139" 2016 512283 151.123485
"140" 2016 524105 165.093075
"141" 2016 541862 181.52377
"142" 2016 563692 194.47374
"143" 2016 589302 209.20221
"144" 2016 612556 226.64572
"145" 2016 651483 263.850615
"146" 2016 683371 304.100095
"147" 2016 720139 342.066025
"148" 2016 744485 379.68735
"149" 2016 781077 433.497735
"150" 2016 793895 480.306475
"151" 2016 809423 542.31341
"152" 2016 804458 595.29892
"153" 2016 799101 643.276305
"154" 2016 779976 705.87828
"155" 2016 776896 776.896
"156" 2016 764383 856.10896
"157" 2016 754164 961.5591
"158" 2016 747038 1094.41067
"159" 2016 741080 1256.1306
"160" 2016 744857 1404.055445
"161" 2016 725754 1527.71217
"162" 2016 719688 1720.05432
"163" 2016 728123 1944.08841
"164" 2016 692312 2031.93572
"165" 2016 668802 2170.26249
"166" 2016 652137 2328.12909
"167" 2016 654229 2567.848825
"168" 2016 635054 2740.25801
"169" 2016 619737 2891.073105
"170" 2016 602863 3056.51541
"171" 2016 561728 3114.78176
"172" 2016 543435 3268.761525
"173" 2016 517349 3367.94199
"174" 2016 516191 3639.14655
"175" 2016 512764 3891.87876
"176" 2016 478566 3905.09856
"177" 2016 466994 4139.90181
"178" 2016 483378 4642.84569
"179" 2016 503798 5204.23334
"180" 2016 458372 5129.18268
"181" 2016 435592 5307.68852
"182" 2016 451961 6044.978375
"183" 2016 426910 6256.36605
"184" 2016 416253 6666.291795
"185" 2016 356105 6320.86375
"186" 2016 324498 6384.49815
"187" 2016 392475 8581.465875
"188" 2016 257349 6328.21191
"189" 2016 286267 7919.576555
"190" 2016 313673 9792.87106
"191" 2016 334366 11853.2747
"192" 2016 314224 12663.2272
"193" 2016 300231 13723.55901
"194" 2016 293939 15231.91898
"195" 2016 276038 16345.59017
"196" 2016 246349 16712.31616
"197" 2016 226585.97 17469.778287
"198" 2016 200651.25 17575.0429875
"199" 2016 177297.04 17622.4392908
"200" 2016 152773.98 17218.3914159
"201" 2016 128553.92 16435.618672
"202" 2016 110018.96 15772.8682004
"203" 2016 88176.03 14053.93654155
"204" 2016 72397.64 12832.8436782
"205" 2016 57005.31 11159.3594856
"206" 2016 41681.26 8975.8509347
"207" 2016 30439.07 7217.56008305
"208" 2016 19612.01 5100.00514045
"209" 2016 13832.06 3926.1610707
"210" 2016 9373.14 2889.739062
"211" 2016 6541.91 2179.4373165
"212" 2016 4225.21 1513.1322052
"213" 2016 2746.51 1051.70734175
"214" 2016 1793.09 730.29866065
"215" 2016 1002.45 431.99079075
"216" 2016 545.97 247.6738308
"217" 2016 309.46 147.055392
"218" 2016 145.91 72.29329815
"219" 2016 65.75 33.81686875
"220" 2016 28.58 15.1964147
"221" 2016 16.35 12.589827
"222" 2016 11.16 11.16
"223" 2017 409900 1073.938
"224" 2017 423504 71.99568
"225" 2017 432143 45.375015
"226" 2017 429741 38.67669
"227" 2017 455355 38.705175
"228" 2017 474004 35.5503
"229" 2017 479377 31.159505
"230" 2017 489670 31.82855
"231" 2017 516402 36.14814
"232" 2017 499170 34.9419
"233" 2017 496477 34.75339
"234" 2017 486947 34.08629
"235" 2017 481873 38.54984
"236" 2017 474062 45.03589
"237" 2017 456556 50.22116
"238" 2017 454188 61.31538
"239" 2017 453736 70.32908
"240" 2017 444011 77.701925
"241" 2017 432937 88.752085
"242" 2017 438142 96.39124
"243" 2017 436119 98.126775
"244" 2017 436451 100.38373
"245" 2017 444002 108.78049
"246" 2017 463277 120.45202
"247" 2017 481100 127.4915
"248" 2017 481883 132.517825
"249" 2017 491431 140.057835
"250" 2017 503384 148.49828
"251" 2017 515551 162.398565
"252" 2017 526519 176.383865
"253" 2017 543363 187.460235
"254" 2017 564834 200.51607
"255" 2017 589999 218.29963
"256" 2017 612505 248.064525
"257" 2017 651081 289.731045
"258" 2017 682740 324.3015
"259" 2017 719426 366.90726
"260" 2017 743418 412.59699
"261" 2017 779647 471.686435
"262" 2017 792207 530.77869
"263" 2017 807676 597.68024
"264" 2017 802657 646.138885
"265" 2017 797398 721.64519
"266" 2017 778184 778.184
"267" 2017 775196 868.21952
"268" 2017 762919 972.721725
"269" 2017 752551 1102.487215
"270" 2017 745362 1263.38859
"271" 2017 739230 1393.44855
"272" 2017 743032 1564.08236
"273" 2017 724119 1730.64441
"274" 2017 717936 1916.88912
"275" 2017 726051 2130.959685
"276" 2017 690291 2239.994295
"277" 2017 666591 2379.72987
"278" 2017 649883 2550.790775
"279" 2017 652011 2813.427465
"280" 2017 632499 2950.607835
"281" 2017 617099 3128.69193
"282" 2017 600354 3328.96293
"283" 2017 559128 3363.15492
"284" 2017 540763 3520.36713
"285" 2017 514712 3628.7196
"286" 2017 513225 3895.37775
"287" 2017 509408 4156.76928
"288" 2017 475421 4214.607165
"289" 2017 463609 4452.964445
"290" 2017 479343 4951.61319
"291" 2017 498881 5582.47839
"292" 2017 453365 5524.252525
"293" 2017 430248 5754.567
"294" 2017 446075 6537.229125
"295" 2017 420576 6735.52464
"296" 2017 409343 7265.83825
"297" 2017 349600 6878.38
"298" 2017 317834 6949.44041
"299" 2017 383547 9431.42073
"300" 2017 250841 6939.516265
"301" 2017 278137 8683.43714
"302" 2017 303754 10768.0793
"303" 2017 322462 12995.2186
"304" 2017 301758 13793.35818
"305" 2017 286509 14846.89638
"306" 2017 278705 16503.516575
"307" 2017 259777 17623.27168
"308" 2017 229572 17700.0012
"309" 2017 209499.97 18350.1023723
"310" 2017 182715.25 18160.98227375
"311" 2017 160379.04 18075.5197032
"312" 2017 135279.98 17295.545443
"313" 2017 112868.92 16181.4527158
"314" 2017 93747.96 14942.0186046
"315" 2017 74595.03 13222.34204265
"316" 2017 59614.64 11670.1619264
"317" 2017 45447.31 9786.85097195
"318" 2017 33397.26 7918.9913049
"319" 2017 22816.07 5933.20492315
"320" 2017 14822.01 4207.15342845
"321" 2017 10005.06 3084.559998
"322" 2017 6823.14 2273.129091
"323" 2017 4328.91 1550.2692492
"324" 2017 2904.21 1112.09461425
"325" 2017 1801.51 733.72800035
"326" 2017 1084.09 467.17232415
"327" 2017 604.45 274.202698
"328" 2017 314.21 149.312592
"329" 2017 173.86 86.1415449
"330" 2017 77.98 40.1070635
"331" 2017 32.29 17.16907735
"332" 2017 12.06 9.2864412
"333" 2017 11.78 11.78
"334" 2018 392563 1028.51506
"335" 2018 415792 70.68464
"336" 2018 428572 45.00006
"337" 2018 436248 39.26232
"338" 2018 433053 36.809505
"339" 2018 457965 34.347375
"340" 2018 475914 30.93441
"341" 2018 480747 31.248555
"342" 2018 491372 34.39604
"343" 2018 517976 36.25832
"344" 2018 500924 35.06468
"345" 2018 498220 34.8754
"346" 2018 488788 39.10304
"347" 2018 484065 45.986175
"348" 2018 476367 52.40037
"349" 2018 459179 61.989165
"350" 2018 457057 70.843835
"351" 2018 457172 80.0051
"352" 2018 450058 92.26189
"353" 2018 440381 96.88382
"354" 2018 446031 100.356975
"355" 2018 444294 102.18762
"356" 2018 445250 109.08625
"357" 2018 453268 117.84968
"358" 2018 472636 125.24854
"359" 2018 490287 134.828925
"360" 2018 490685 139.845225
"361" 2018 499610 147.38495
"362" 2018 510399 160.775685
"363" 2018 521363 174.656605
"364" 2018 531498 183.36681
"365" 2018 547399 194.326645
"366" 2018 567973 210.15001
"367" 2018 592465 239.948325
"368" 2018 614076 273.26382
"369" 2018 652184 309.7874
"370" 2018 683915 348.79665
"371" 2018 719483 399.313065
"372" 2018 743063 449.553115
"373" 2018 779063 521.97221
"374" 2018 791391 585.62934
"375" 2018 806704 649.39672
"376" 2018 801367 725.237135
"377" 2018 796217 796.217
"378" 2018 776946 870.17952
"379" 2018 773828 986.6307
"380" 2018 761823 1116.070695
"381" 2018 751157 1273.211115
"382" 2018 743754 1401.97629
"383" 2018 737294 1552.00387
"384" 2018 741197 1771.46083
"385" 2018 722405 1928.82135
"386" 2018 716095 2101.738825
"387" 2018 724013 2349.422185
"388" 2018 688398 2457.58086
"389" 2018 664333 2607.507025
"390" 2018 647591 2794.355165
"391" 2018 649390 3029.40435
"392" 2018 629768 3192.92376
"393" 2018 614089 3405.123505
"394" 2018 597637 3594.786555
"395" 2018 556373 3621.98823
"396" 2018 538027 3793.09035
"397" 2018 511745 3884.14455
"398" 2018 510059 4162.08144
"399" 2018 506145 4486.975425
"400" 2018 472188 4535.36574
"401" 2018 459690 4748.5977
"402" 2018 474771 5312.68749
"403" 2018 493338 6011.32353
"404" 2018 447886 5990.47525
"405" 2018 424325 6218.482875
"406" 2018 439301 7035.405515
"407" 2018 413476 7339.199
"408" 2018 401656 7902.5818
"409" 2018 342278 7483.90847
"410" 2018 310405 7632.85895
"411" 2018 373771 10340.374715
"412" 2018 243294 7595.63868
"413" 2018 268856 9530.9452
"414" 2018 292512 11788.2336
"415" 2018 309331 14139.52001
"416" 2018 287504 14898.45728
"417" 2018 271335 16067.102025
"418" 2018 261958 17771.23072
"419" 2018 242001 18658.2771
"420" 2018 211525 18527.47475
"421" 2018 190970.97 18981.55956315
"422" 2018 164029.25 18486.91662125
"423" 2018 142190.04 18178.996614
"424" 2018 117814.98 16890.5446077
"425" 2018 96458.92 15374.1049642
"426" 2018 78445.96 13904.9386398
"427" 2018 61268.03 11993.8295528
"428" 2018 47580.64 10246.2529208
"429" 2018 35837.31 8497.56376065
"430" 2018 25113.26 6530.5776967
"431" 2018 16759.07 4756.97822415
"432" 2018 10809.01 3332.417783
"433" 2018 6894.06 2296.756089
"434" 2018 4589.14 1643.4628168
"435" 2018 2872.91 1100.10906175
"436" 2018 1757.21 715.68527485
"437" 2018 1137.51 490.19287185
"438" 2018 619.09 280.8439876
"439" 2018 337.47 160.365744
"440" 2018 163.73 81.12248445
"441" 2018 86.21 44.33995825
"442" 2018 40.18 21.3643087
"443" 2018 17.28 13.3059456
"444" 2018 9.77 9.77
"445" 2019 371989 974.61118
"446" 2019 398493 67.74381
"447" 2019 421914 44.30097
"448" 2019 433831 39.04479
"449" 2019 441277 37.508545
"450" 2019 437303 32.797725
"451" 2019 461788 30.01622
"452" 2019 479212 31.14878
"453" 2019 483939 33.87573
"454" 2019 494646 34.62522
"455" 2019 521132 36.47924
"456" 2019 503823 35.26761
"457" 2019 501216 40.09728
"458" 2019 491959 46.736105
"459" 2019 487597 53.63567
"460" 2019 480166 64.82241
"461" 2019 463711 71.875205
"462" 2019 462400 80.92
"463" 2019 465905 95.510525
"464" 2019 459980 101.1956
"465" 2019 450576 101.3796
"466" 2019 456986 105.10678
"467" 2019 456131 111.752095
"468" 2019 458095 119.1047
"469" 2019 466534 123.63151
"470" 2019 486068 133.6687
"471" 2019 503479 143.491515
"472" 2019 502781 148.320395
"473" 2019 511490 161.11935
"474" 2019 521300 174.6355
"475" 2019 531766 183.45927
"476" 2019 540556 191.89738
"477" 2019 555248 205.44176
"478" 2019 575250 232.97625
"479" 2019 598839 266.483355
"480" 2019 619900 294.4525
"481" 2019 657414 335.28114
"482" 2019 688728 382.24404
"483" 2019 723779 437.886295
"484" 2019 746584 500.21128
"485" 2019 781887 578.59638
"486" 2019 793569 638.823045
"487" 2019 808541 731.729605
"488" 2019 802933 802.933
"489" 2019 797650 893.368
"490" 2019 778172 992.1693
"491" 2019 774965 1135.323725
"492" 2019 762816 1292.97312
"493" 2019 751902 1417.33527
"494" 2019 744286 1566.72203
"495" 2019 737469 1762.55091
"496" 2019 741303 1979.27901
"497" 2019 722249 2119.800815
"498" 2019 715721 2322.514645
"499" 2019 723344 2582.33808
"500" 2019 687546 2698.61805
"501" 2019 663432 2862.70908
"502" 2019 646446 3015.67059
"503" 2019 647948 3285.09636
"504" 2019 628144 3483.05848
"505" 2019 612131 3681.967965
"506" 2019 595753 3878.35203
"507" 2019 554330 3908.0265
"508" 2019 535791 4066.65369
"509" 2019 509374 4156.49184
"510" 2019 507451 4498.553115
"511" 2019 503356 4834.73438
"512" 2019 468912 4843.86096
"513" 2019 456140 5104.2066
"514" 2019 470396 5731.77526
"515" 2019 488072 6527.963
"516" 2019 442495 6484.764225
"517" 2019 418536 6702.85404
"518" 2019 432599 7678.63225
"519" 2019 406284 7993.6377
"520" 2019 393951 8613.738615
"521" 2019 334869 8234.42871
"522" 2019 302698 8374.14017
"523" 2019 363371 11344.44262
"524" 2019 235563 8350.70835
"525" 2019 259060 10440.118
"526" 2019 280703 12830.93413
"527" 2019 295327 15303.84514
"528" 2019 272487 16135.317705
"529" 2019 255491 17332.50944
"530" 2019 244281 18834.0651
"531" 2019 223607 19585.73713
"532" 2019 192935 19176.774325
"533" 2019 172423.97 19433.04353885
"534" 2019 145887.25 18651.6849125
"535" 2019 124099.04 17791.4588696
"536" 2019 100707.98 16051.3413923
"537" 2019 81350.92 14419.8573246
"538" 2019 64933.96 12711.4720096
"539" 2019 49114.03 10576.46079035
"540" 2019 37343.64 8854.7371986
"541" 2019 27466.31 7142.47658395
"542" 2019 18482.26 5246.0970897
"543" 2019 12341.07 3804.751881
"544" 2019 7440.01 2478.6393315
"545" 2019 4810.06 1722.5786872
"546" 2019 2915.14 1116.2799845
"547" 2019 1794.91 731.03991935
"548" 2019 1068.21 460.32907635
"549" 2019 657.51 298.2728364
"550" 2019 350.53 166.571856
"551" 2019 185.63 91.97316795
"552" 2019 92.37 47.50820025
"553" 2019 47.94 25.4904171
"554" 2019 17.66 13.5985532
"555" 2019 10.6 10.6
"556" 2020 359941 943.04542
"557" 2020 378390 64.3263
"558" 2020 405115 42.537075
"559" 2020 428395 38.55555
"560" 2020 440044 37.40374
"561" 2020 447315 33.548625
"562" 2020 442844 28.78486
"563" 2020 466799 30.341935
"564" 2020 484245 33.89715
"565" 2020 489007 34.23049
"566" 2020 499354 34.95478
"567" 2020 525576 36.79032
"568" 2020 508033 40.64264
"569" 2020 505680 48.0396
"570" 2020 496417 54.60587
"571" 2020 492663 66.509505
"572" 2020 485681 75.280555
"573" 2020 470259 82.295325
"574" 2020 473087 96.982835
"575" 2020 478304 105.22688
"576" 2020 472617 106.338825
"577" 2020 463583 106.62409
"578" 2020 471090 115.41705
"579" 2020 470962 122.45012
"580" 2020 473933 125.592245
"581" 2020 482656 132.7304
"582" 2020 501905 143.042925
"583" 2020 518448 152.94216
"584" 2020 516821 162.798615
"585" 2020 525148 175.92458
"586" 2020 533950 184.21275
"587" 2020 543688 193.00924
"588" 2020 551101 203.90737
"589" 2020 564847 228.763035
"590" 2020 584670 260.17815
"591" 2020 607641 288.629475
"592" 2020 627818 320.18718
"593" 2020 664689 368.902395
"594" 2020 695162 420.57301
"595" 2020 729756 488.93652
"596" 2020 752122 556.57028
"597" 2020 786642 633.24681
"598" 2020 797598 721.82619
"599" 2020 812289 812.289
"600" 2020 806337 903.09744
"601" 2020 800583 1020.743325
"602" 2020 781321 1144.635265
"603" 2020 777431 1317.745545
"604" 2020 765337 1442.660245
"605" 2020 753958 1587.08159
"606" 2020 746118 1783.22202
"607" 2020 738804 1972.60668
"608" 2020 742462 2179.12597
"609" 2020 723146 2346.60877
"610" 2020 716393 2557.52301
"611" 2020 723621 2840.212425
"612" 2020 687884 2968.21946
"613" 2020 663196 3093.80934
"614" 2020 646241 3276.44187
"615" 2020 647337 3589.483665
"616" 2020 627393 3773.768895
"617" 2020 610731 3975.85881
"618" 2020 594015 4187.80575
"619" 2020 552616 4194.35544
"620" 2020 534091 4358.18256
"621" 2020 507327 4497.453855
"622" 2020 505265 4853.070325
"623" 2020 500621 5171.41493
"624" 2020 465797 5212.26843
"625" 2020 452750 5516.75875
"626" 2020 466131 6234.502125
"627" 2020 482895 7076.826225
"628" 2020 437003 6998.603045
"629" 2020 412702 7325.4605
"630" 2020 425594 8373.56195
"631" 2020 398924 8722.47326
"632" 2020 385942 9490.31378
"633" 2020 327414 9057.90831
"634" 2020 295013 9210.30586
"635" 2020 352887 12509.84415
"636" 2020 227824 9181.3072
"637" 2020 249140 11388.1894
"638" 2020 268468 13912.01176
"639" 2020 280943 16636.039745
"640" 2020 257303 17455.43552
"641" 2020 239262 18447.1002
"642" 2020 226520 19840.8868
"643" 2020 205061 20382.038095
"644" 2020 174884 19710.30122
"645" 2020 153925.97 19679.4352645
"646" 2020 128350.25 18400.93359125
"647" 2020 107108.04 17071.4149554
"648" 2020 85667.98 15185.0777949
"649" 2020 67348.92 13184.2245792
"650" 2020 53063.96 11427.0584662
"651" 2020 39205.03 9296.10068845
"652" 2020 29036.64 7550.8330488
"653" 2020 20776.31 5897.25171195
"654" 2020 13590.26 4189.877158
"655" 2020 8888.07 2961.0605205
"656" 2020 5210.01 1865.8087812
"657" 2020 3259.06 1247.9755505
"658" 2020 1917.14 780.8223649
"659" 2020 1156.91 498.55301085
"660" 2020 645.21 292.6930644
"661" 2020 375.51 178.442352
"662" 2020 202.53 100.34652645
"663" 2020 95.63 49.18489975
"664" 2020 46.37 24.65562455
"665" 2020 22.94 17.6642588
"666" 2020 15.26 15.26
"667" 2021 340976 893.35712
"668" 2021 363342 61.76814
"669" 2021 382090 40.11945
"670" 2021 408307 36.74763
"671" 2021 431538 36.68073
"672" 2021 443189 33.239175
"673" 2021 450111 29.257215
"674" 2021 445297 28.944305
"675" 2021 469298 32.85086
"676" 2021 486638 34.06466
"677" 2021 491426 34.39982
"678" 2021 501456 35.10192
"679" 2021 527751 42.22008
"680" 2021 510100 48.4595
"681" 2021 507797 55.85767
"682" 2021 498768 67.33368
"683" 2021 495257 76.764835
"684" 2021 488788 85.5379
"685" 2021 475599 97.497795
"686" 2021 479899 105.57778
"687" 2021 484827 109.086075
"688" 2021 479235 110.22405
"689" 2021 470814 115.34943
"690" 2021 479128 124.57328
"691" 2021 478740 126.8661
"692" 2021 481786 132.49115
"693" 2021 490995 139.933575
"694" 2021 509794 150.38923
"695" 2021 525859 165.645585
"696" 2021 523424 175.34704
"697" 2021 531524 183.37578
"698" 2021 539727 191.603085
"699" 2021 549065 203.15405
"700" 2021 555941 225.156105
"701" 2021 569339 253.355855
"702" 2021 588701 279.632975
"703" 2021 611355 311.79105
"704" 2021 631354 350.40147
"705" 2021 667524 403.85202
"706" 2021 697491 467.31897
"707" 2021 731583 541.37142
"708" 2021 753756 606.77358
"709" 2021 787915 713.063075
"710" 2021 798493 798.493
"711" 2021 813007 910.56784
"712" 2021 806858 1028.74395
"713" 2021 800955 1173.399075
"714" 2021 781401 1324.474695
"715" 2021 777615 1465.804275
"716" 2021 765224 1610.79652
"717" 2021 753583 1801.06337
"718" 2021 745588 1990.71996
"719" 2021 738108 2166.34698
"720" 2021 741402 2405.84949
"721" 2021 721870 2577.0759
"722" 2021 715151 2806.967675
"723" 2021 722268 3116.58642
"724" 2021 686169 3200.978385
"725" 2021 661370 3353.1459
"726" 2021 644205 3572.116725
"727" 2021 644847 3878.754705
"728" 2021 624687 4066.71237
"729" 2021 607645 4283.89725
"730" 2021 590744 4483.74696
"731" 2021 549082 4480.50912
"732" 2021 530137 4699.664505
"733" 2021 503649 4837.548645
"734" 2021 500877 5174.05941
"735" 2021 495373 5543.22387
"736" 2021 460621 5612.666885
"737" 2021 446949 5977.942875
"738" 2021 459502 6734.00181
"739" 2021 475091 7608.582365
"740" 2021 429265 7619.45375
"741" 2021 404429 7957.140575
"742" 2021 416008 9096.01492
"743" 2021 388842 9561.62478
"744" 2021 374863 10370.584895
"745" 2021 317163 9901.82886
"746" 2021 284718 10093.2531
"747" 2021 338710 13650.013
"748" 2021 217270 9931.4117
"749" 2021 236088 12234.08016
"750" 2021 252739 14965.939885
"751" 2021 262503 17808.20352
"752" 2021 237735 18329.3685
"753" 2021 218812 19165.74308
"754" 2021 204490 20325.28355
"755" 2021 182656 20586.24448
"756" 2021 153057 19568.33745
"757" 2021 132118.97 18941.23613405
"758" 2021 108075.25 17225.57372125
"759" 2021 88138.04 15622.9082802
"760" 2021 69363.98 13578.6927248
"761" 2021 52794.92 11369.1220474
"762" 2021 40850.96 9686.3753804
"763" 2021 29105.03 7568.61752635
"764" 2021 21052.64 5975.6866008
"765" 2021 14613.31 4505.283473
"766" 2021 9367.26 3120.702669
"767" 2021 5937.07 2126.1835084
"768" 2021 3326.01 1273.61237925
"769" 2021 2012.06 819.4818571
"770" 2021 1169.14 503.8233459
"771" 2021 681.91 309.3416524
"772" 2021 374.21 177.824592
"773" 2021 202.51 100.33661715
"774" 2021 106.53 54.79104225
"775" 2021 48.63 25.85730045
"776" 2021 21.37 16.4553274
"777" 2021 14.2 14.2
